  0.0599999987  0.0633310601
  0.0899999961  0.238134116
  0.119999997  0.433180511
  0.149999991  0.432364315
  0.179999992  0.382773697
  0.209999993  0.329300523
  0.239999995  0.301999986
  0.269999981  0.291999996
  0.299999982  0.261698812
  0.329999983  0.219459161
  0.359999985  0.162776217
  0.389999986  0.11775516
  0.419999987  0.0755706429
  0.449999988  0.0456077568
  0.479999989  0.017578721
  0.50999999 -0.00875055417
  0.539999962 -0.0335735604
  0.569999993 -0.0570550263
  0.599999964 -0.0786654949
  0.629999995 -0.0892603844
  0.659999967 -0.0993618295
  0.689999998 -0.110029347
  0.719999969 -0.128256157
  0.75 -0.137120739
  0.779999971 -0.153274596
  0.810000002 -0.163832411
  0.839999974 -0.171729743
  0.870000005 -0.180699095
  0.899999976 -0.195422739
  0.930000007 -0.203831553
  0.959999979 -0.210725531
  1. -0.219589859
  1.27999997 -0.247999996
  1.64999998 -0.187335879
  2.11999989 -0.0684846044
  2.70000005 -0.00072809495
  3.20000005  0.0261650551
  3.25  0.0295317546
  3.29999995  0.0320000015
  3.3499999  0.0320000015
  3.5  0.0356240459
  3.5999999  0.0417412631
  4.5  0.0260823257
  5.  0.0111400578
  5.11999989  0.00726491306
  5.13999987  0.00675696786
  5.15999985  0.00625100732
  5.17999983  0.00574701373
  5.19999981  0.0052449517
  5.21999979  0.0047448026
  5.23999977  0.00424658461
  5.26000023  0.00375024416
  5.28000021  0.00325579941
  5.30000019  0.00276323175
  5.32000017  0.00227252394
  5.34000015  0.00171152025
  5.36000013  0.00106213056
  5.38000011  0.000415148796
  5.4000001 -0.00022942503
  5.42000008 -0.000871638302
  5.44000006 -0.00151146762
  5.46000004 -0.00211170269
  5.48000002 -0.00258807
  5.5 -0.00306270272
  5.51999998 -0.00353560108
  5.53999996 -0.00400680071
  5.55999994 -0.00447630184
  5.57999992 -0.00494410377
  5.5999999 -0.00541028241
  5.61999989 -0.00587480329
  5.63999987 -0.00633767899
  5.65999985 -0.00679890951
  5.67999983 -0.00725851255
  5.69999981 -0.00771648809
  5.71999979 -0.00823049806
  5.73999977 -0.00883680675
  5.76000023 -0.00944106467
  5.78000021 -0.0100431768
  5.80000019 -0.0106432391
  5.82000017 -0.0112412032
  5.84000015 -0.0118371397
  5.86000013 -0.0123232706
  5.88000011 -0.0127671836
  5.9000001 -0.0132095767
  5.92000008 -0.0136504686
  5.94000006 -0.0140898759
  5.96000004 -0.0145278163
  5.98000002 -0.0149642918
  6. -0.0153992996
  6.01999998 -0.01583286
  6.03999996 -0.0162649713
  6.05999994 -0.0166956708
  6.07999992 -0.0171249583
  6.0999999 -0.0175528135
  6.11999989 -0.0179792754
  6.13999987 -0.0184043981
  6.15999985 -0.0188281294
  6.17999983 -0.0192504823
  6.19999981 -0.0196714774
  6.21999979 -0.0200911127
  6.23999977 -0.0205094069
  6.26000023 -0.0209263768
  6.28000021 -0.0214559641
  6.30000019 -0.0220082961
  6.32000017 -0.0225589126
  6.34000015 -0.0231077634
  6.36000013 -0.0236548968
  6.38000011 -0.0242002904
  6.4000001 -0.0247440152
  6.42000008 -0.0252145194
  6.44000006 -0.0256197583
  6.46000004 -0.0260237474
  6.48000002 -0.0264264829
  6.5 -0.0268279854
  6.51999998 -0.027228253
  6.53999996 -0.0276272874
  6.55999994 -0.0280251056
  6.57999992 -0.0284217037
  6.5999999 -0.0288171209
  6.61999989 -0.0292113218
  6.63999987 -0.0296043269
  6.65999985 -0.0299961679
  6.67999983 -0.0303868279
  6.69999981 -0.0307763107
  6.71999979 -0.0312195532
  6.73999977 -0.0317358412
  6.76000023 -0.0322506018
  6.78000021 -0.0327638388
  6.80000019 -0.0332755744
  6.82000017 -0.0337858051
  6.84000015 -0.0342945345
  6.86000013 -0.0348017626
  6.88000011 -0.0352306291
  6.9000001 -0.0356088132
  6.92000008 -0.035985902
  6.94000006 -0.0363619216
  6.96000004 -0.0367368348
  6.98000002 -0.03711069
  7. -0.0374834538
  7.01999998 -0.0378551818
  7.03999996 -0.0382258333
  7.05999994 -0.0385954343
  7.07999992 -0.0389639772
  7.0999999 -0.0393314995
  7.11999989 -0.0396979861
  7.13999987 -0.0400634371
  7.15999985 -0.0404278673
  7.17999983 -0.0407912955
  7.19999981 -0.0412049182
  7.21999979 -0.0416867994
  7.23999977 -0.0421673208
  7.26000023 -0.0426465534
  7.28000021 -0.0431244522
  7.30000019 -0.0436010174
  7.32000017 -0.0440762937
  7.34000015 -0.0445502847
  7.36000013 -0.0450172238
  7.38000011 -0.0453708172
  7.4000001 -0.0457234457
  7.42000008 -0.046075128
  7.44000006 -0.0464258604
  7.46000004 -0.0467756614
  7.48000002 -0.0471245199
  7.5 -0.0474724434
  7.51999998 -0.0478194393
  7.53999996 -0.0481655076
  7.55999994 -0.048510626
  7.57999992 -0.0488548353
  7.5999999 -0.0491981506
  7.61999989 -0.0495405532
  7.63999987 -0.0498820618
  7.65999985 -0.0502226762
  7.67999983 -0.0505623966
  7.69999981 -0.0509012416
  7.71999979 -0.0513189472
  7.73999977 -0.0517684035
  7.76000023 -0.0522167161
  7.78000021 -0.0526638366
  7.80000019 -0.0531098358
  7.82000017 -0.0535546914
  7.84000015 -0.0539984033
  7.86000013 -0.0544409938
  7.88000011 -0.054882437
  7.9000001 -0.0552420914
  7.92000008 -0.0555715114
  7.94000006 -0.0559000932
  7.96000004 -0.0562278517
  7.98000002 -0.0565547869
  8. -0.0568809174
  8.02000046 -0.0572062247
  8.03999996 -0.0575307123
  8.06000042 -0.0578544103
  8.07999992 -0.058236409
  8.10000038 -0.0586659275
  8.11999989 -0.0590943471
  8.14000034 -0.0595217422
  8.15999985 -0.0599480681
  8.18000031 -0.0603733659
  8.19999981 -0.0607975908
  8.22000027 -0.0612208135
  8.23999977 -0.0616429895
  8.26000023 -0.0620481335
  8.27999973 -0.0623631962
  8.30000019 -0.062677525
  8.31999969 -0.0629910901
  8.34000015 -0.0633038953
  8.35999966 -0.0636159554
  8.38000011 -0.063927263
  8.39999962 -0.0642378405
  8.42000008 -0.0645476803
  8.43999958 -0.0648567677
  8.46000004 -0.0651651472
  8.47999954 -0.0654727742
  8.5 -0.0657797009
  8.52000046 -0.0660858974
  8.53999996 -0.0663913712
  8.56000042 -0.0666961372
  8.57999992 -0.0670001879
  8.60000038 -0.0673035383
  8.61999989 -0.0676061586
  8.64000034 -0.0679081157
  8.65999985 -0.0678604469
  8.68000031 -0.0676600859
  8.69999981 -0.0674601868
  8.72000027 -0.0672607347
  8.73999977 -0.0670617595
  8.76000023 -0.0668632165
  8.77999973 -0.0666651428
  8.80000019 -0.0664675087
  8.81999969 -0.0662703365
  8.84000015 -0.0660735965
  8.85999966 -0.0653865114
  8.88000011 -0.0644071996
  8.89999962 -0.0634300932
  8.92000008 -0.0624551363
  8.93999958 -0.0614824444
  8.96000004 -0.0605118945
  8.97999954 -0.0595434941
  9. -0.0585772395
  9.02000046 -0.0576131307
  9.03999996 -0.0566512272
  9.06000042 -0.0555061996
  9.07999992 -0.0539740622
  9.10000038 -0.0524451658
  9.11999989 -0.0509197041
  9.14000034 -0.0493975803
  9.15999985 -0.0478787906
  9.18000031 -0.0463632457
  9.19999981 -0.0448511355
  9.22000027 -0.0433421694
  9.23999977 -0.0418365449
  9.26000023 -0.0403341576
  9.27999973 -0.0388350189
  9.30000019 -0.0373390242
  9.31999969 -0.0358463675
  9.34000015 -0.0343568549
  9.35999966 -0.0328705907
  9.38000011 -0.0313873738
  9.39999962 -0.0299073998
  9.42000008 -0.0284305736
  9.43999958 -0.0269568935
  9.46000004 -0.0254862681
  9.47999954 -0.0240187868
  9.5 -0.0228254162
  9.52000046 -0.021638047
  9.53999996 -0.0204532351
  9.56000042 -0.0192709025
  9.57999992 -0.018091049
  9.60000038 -0.0169136003
  9.61999989 -0.0157387052
  9.64000034 -0.0145661356
  9.65999985 -0.0133960461
  9.68000031 -0.0122283576
  9.69999981 -0.0110631492
  9.72000027 -0.0106616206
  9.73999977 -0.0103045488
  9.76000023 -0.00994821638
  9.77999973 -0.00959260017
  9.80000019 -0.00923772156
  9.81999969 -0.00888355915
  9.84000015 -0.00853013527
  9.85999966 -0.00817742757
  9.88000011 -0.00782540999
  9.89999962 -0.00747413235
  9.92000008 -0.00712352199
  9.93999958 -0.00705658738
  9.96000004 -0.007143897
  9.97999954 -0.00723102223
  10. -0.00731797423
  10.0200005 -0.00740475347
  10.04 -0.0074913539
  10.0600004 -0.00757779926
  10.0799999 -0.00766405417
  10.1000004 -0.0077501419
  10.1199999 -0.00783606246
  10.1400003 -0.00792181678
  10.1599998 -0.00792597327
  10.1800003 -0.00707197748
  10.1999998 -0.00621965015
  10.2200003 -0.00536887301
  10.2399998 -0.00451988354
  10.2600002 -0.00367244426
  10.2799997 -0.00282679312
  10.3000002 -0.00198257202
  10.3199997 -0.00114013907
  10.3400002 -0.000299375504
  10.3599997  0.000539839268
  10.3800001  0.00137738418
  10.3999996  0.00193598622
  10.4200001  0.00168568816
  10.4399996  0.00143585505
  10.46  0.0011864868
  10.4799995  0.000937619363
  10.5  0.000689216657
  10.5200005  0.000441279029
  10.54  0.000193841872
  10.5600004 -5.31303231E-05
  10.5799999 -0.000299673295
  10.6000004 -0.00054571568
  10.6199999 -0.000791293103
  10.6400003 -0.000951411435
  10.6599998 -0.000625214598
  10.6800003 -0.000299589941
  10.6999998  2.54148617E-05
  10.7200003  0.000349799753
  10.7399998  0.000673612463
  10.7600002  0.000996805378
  10.7799997  0.00131937827
  10.8000002  0.00164137909
  10.8199997  0.00196276
  10.8400002  0.00228356849
  10.8599997  0.00260375766
  10.8800001  0.00292337406
  10.8999996  0.00354548707
  10.9200001  0.00426210929
  10.9399996  0.00497733708
  10.96  0.00569127686
  10.9799995  0.00640392955
  11.  0.00711529423
  11.0200005  0.00782537088
  11.04  0.00853416137
  11.0600004  0.00924166292
  11.0799999  0.00994787831
  11.1000004  0.0106528047
  11.1199999  0.011356445
  11.1400003  0.0120065445
  11.1599998  0.0120844347
  11.1800003  0.0121621946
  11.1999998  0.0122398231
  11.2200003  0.0123173082
  11.2399998  0.0123946499
  11.2600002  0.0124718491
  11.2799997  0.012548917
  11.3000002  0.0126258545
  11.3199997  0.0127026476
  11.3400002  0.0127793225
  11.3599997  0.0128558418
  11.3800001  0.0129322307
  11.3999996  0.0129575627
  11.4200001  0.0125769358
  11.4399996  0.0121969655
  11.46  0.0118176499
  11.4799995  0.0114390496
  11.5  0.0110611059
  11.5200005  0.0106837573
  11.54  0.0103071239
  11.5600004  0.00993108749
  11.5799999  0.00955576543
  11.6000004  0.00918103941
  11.6199999  0.00880696904
  11.6400003  0.00843355432
  11.6599998  0.00806079619
  11.6800003  0.00762635935
  11.6999998  0.00718062231
  11.7200003  0.00673552882
  11.7399998  0.00629129354
  11.7600002  0.00584777351
  11.7799997  0.00540496875
  11.8000002  0.00496295094
  11.8199997  0.00452172011
  11.8400002  0.00408113236
  11.8599997  0.00364140328
  11.8800001  0.00320231775
  11.8999996  0.00276401918
  11.9200001  0.00232643588
  11.9399996  0.00154012244
  11.96 -0.000277035171
  11.9799995 -0.00209121243
  12. -0.00390240946
  12.0200005 -0.00571062602
  12.04 -0.00751586165
  12.0600004 -0.00931811705
  12.0799999 -0.0111170942
  12.1000004 -0.0129133891
  12.1199999 -0.0147067029
  12.1400003 -0.0164970364
  12.1599998 -0.0182840917
  12.1800003 -0.0200687628
  12.1999998 -0.0218501557
  12.2200003 -0.023402255
  12.2399998 -0.0245386418
  12.2600002 -0.0256731194
  12.2799997 -0.0268056914
  12.3000002 -0.0279365461
  12.3199997 -0.0290654935
  12.3400002 -0.0301925335
  12.3599997 -0.0313178562
  12.3800001 -0.0324412733
  12.3999996 -0.0335629731
  12.4200001 -0.0346827656
  12.4399996 -0.0358008407
  12.46 -0.0369170085
  12.4799995 -0.0380314589
  12.5 -0.0389369167
  12.5200005 -0.038450852
  12.54 -0.0379657038
  12.5600004 -0.037481226
  12.5799999 -0.0369974971
  12.6000004 -0.0365146026
  12.6199999 -0.0360324606
  12.6400003 -0.0355510712
  12.6599998 -0.0350704268
  12.6800003 -0.0345905386
  12.6999998 -0.0341113992
  12.7200003 -0.0336330943
  12.7399998 -0.0331554599
  12.7600002 -0.0326785743
  12.7799997 -0.0322025232
  12.8000002 -0.0329355337
  12.8199997 -0.0345628485
  12.8400002 -0.0361875854
  12.8599997 -0.037810035
  12.8800001 -0.0394296199
  12.8999996 -0.0410469212
  12.9200001 -0.0426616445
  12.9399996 -0.0442737937
  12.96 -0.0458833687
  12.9799995 -0.0474906564
  13. -0.0490953662
  13.0200005 -0.0506977886
  13.04 -0.0522976369
  13.0600004 -0.0538949072
  13.0799999 -0.0554898903
  13.1000004 -0.0560451001
  13.1199999 -0.0561113618
  13.1400003 -0.0561775155
  13.1599998 -0.0562435761
  13.1800003 -0.0563095249
  13.1999998 -0.0563753843
  13.2200003 -0.0564411432
  13.2399998 -0.0565067977
  13.2600002 -0.0565723665
  13.2799997 -0.0566378161
  13.3000002 -0.0567031838
  13.3199997 -0.0567684434
  13.3400002 -0.0568336062
  13.3599997 -0.0568986759
  13.3800001 -0.0569636524
  13.3999996 -0.0569714867
  13.4200001 -0.0569067076
  13.4399996 -0.0568420403
  13.46 -0.0567774661
  13.4799995 -0.0567129739
  13.5 -0.0566485934
  13.5200005 -0.0565843023
  13.54 -0.0565201119
  13.5600004 -0.0564560033
  13.5799999 -0.0563919991
  13.6000004 -0.0563280806
  13.6199999 -0.0562642701
  13.6400003 -0.0562005416
  13.6599998 -0.0561369099
  13.6800003 -0.056073375
  13.6999998 -0.0560099334
  13.7200003 -0.0561602861
  13.7399998 -0.0563500747
  13.7600002 -0.0565395765
  13.7799997 -0.0567287952
  13.8000002 -0.0569177605
  13.8199997 -0.057106439
  13.8400002 -0.0572948344
  13.8599997 -0.0574829802
  13.8800001 -0.0576708354
  13.8999996 -0.0578584448
  13.9200001 -0.0580457635
  13.9399996 -0.0582328364
  13.96 -0.0584196188
  13.9799995 -0.0586061552
  14. -0.0587924011
  14.0200005 -0.0589784011
  14.04 -0.0578512326
  14.0600004 -0.0565530173
  14.0799999 -0.0552568026
  14.1000004 -0.0539620928
  14.1199999 -0.0526693836
  14.1400003 -0.0513786785
  14.1599998 -0.0500897244
  14.1800003 -0.0488022752
  14.1999998 -0.0475170761
  14.2200003 -0.0462333784
  14.2399998 -0.0449516848
  14.2600002 -0.0436717458
  14.2799997 -0.0423935577
  14.3000002 -0.0411171168
  14.3199997 -0.0398424342
  14.3400002 -0.0385695025
  14.3599997 -0.0381670259
  14.3800001 -0.0384692475
  14.3999996 -0.0387711115
  14.4200001 -0.039072495
  14.4399996 -0.0393735245
  14.46 -0.0396740772
  14.4799995 -0.0399742126
  14.5 -0.0402739905
  14.5200005 -0.0405733511
  14.54 -0.0408722311
  14.5600004 -0.0411707573
  14.5799999 -0.0414688662
  14.6000004 -0.0417665578
  14.6199999 -0.0420638323
  14.6400003 -0.0423606858
  14.6599998 -0.0426571853
  14.6800003 -0.0429532677
  14.6999998 -0.0428506956
  14.7200003 -0.0426735356
  14.7399998 -0.0424966589
  14.7600002 -0.0423199944
  14.7799997 -0.0421435833
  14.8000002 -0.0419673845
  14.8199997 -0.0417914391
  14.8400002 -0.0416157432
  14.8599997 -0.0414402969
  14.8800001 -0.041265063
  14.8999996 -0.0410900488
  14.9200001 -0.0409152806
  14.9399996 -0.0407407656
  14.96 -0.040566463
  14.9799995 -0.04039241
  15. -0.0402185731
  15.0200005 -0.0400449857
  15.04 -0.0392296761
  15.0600004 -0.0381909236
  15.0799999 -0.0371534564
  15.1000004 -0.036117278
  15.1199999 -0.0350825973
  15.1400003 -0.0340494215
  15.1599998 -0.0330173224
  15.1800003 -0.0319867209
  15.1999998 -0.0309574064
  15.2200003 -0.0299295951
  15.2399998 -0.0289030708
  15.2600002 -0.0278778356
  15.2799997 -0.0268538855
  15.3000002 -0.0258314386
  15.3199997 -0.0248102807
  15.3400002 -0.0237904079
  15.3599997 -0.0227718242
  15.3800001 -0.0219454989
  15.3999996 -0.0217197239
  15.4200001 -0.0214942843
  15.4399996 -0.0212691296
  15.46 -0.0210442599
  15.4799995 -0.0208196789
  15.5 -0.020595381
  15.5200005 -0.0203713719
  15.54 -0.0201476477
  15.5600004 -0.019924257
  15.5799999 -0.0197011046
  15.6000004 -0.0194782391
  15.6199999 -0.019255707
  15.6400003 -0.0190334134
  15.6599998 -0.0188114047
  15.6800003 -0.0185896829
  15.6999998 -0.0183682963
  15.7200003 -0.0181471463
  15.7399998 -0.0179999992
  15.7600002 -0.0179999992
  15.7799997 -0.0179999992
  15.8000002 -0.0179999992
  15.8199997 -0.0179999992
  15.8400002 -0.0179999992
  15.8599997 -0.0179999992
  15.8800001 -0.0179999992
  15.8999996 -0.0179999992
  15.9200001 -0.0179999992
  15.9399996 -0.0179999992
  15.96 -0.0179999992
  15.9799995 -0.0179999992
  16. -0.0179999992
  16.0200005 -0.0179999992
  16.0400009 -0.0179999992
  16.0599995 -0.0179999992
  16.0799999 -0.0179999992
  16.1000004 -0.0179962087
  16.1200008 -0.0176727064
  16.1399994 -0.0173496325
  16.1599998 -0.0170269161
  16.1800003 -0.0167046301
  16.2000008 -0.0163827725
  16.2199993 -0.0160612725
  16.2399998 -0.0157401301
  16.2600002 -0.0154194161
  16.2800007 -0.0150991315
  16.2999992 -0.0147792771
  16.3199997 -0.0144597078
  16.3400002 -0.0141405677
  16.3600006 -0.0138218571
  16.3799992 -0.0135035049
  16.3999996 -0.0131855085
  16.4200001 -0.0128679425
  16.4400005 -0.012550734
  16.4599991 -0.0122339549
  16.4799995 -0.0118900444
  16.5 -0.0114686247
  16.5200005 -0.0110477777
  16.5400009 -0.0106274085
  16.5599995 -0.0102076102
  16.5799999 -0.00978828967
  16.6000004 -0.00936935004
  16.6200008 -0.00895107817
  16.6399994 -0.00853328221
  16.6599998 -0.00811586902
  16.6800003 -0.00769902766
  16.7000008 -0.00728275813
  16.7199993 -0.00686696591
  16.7399998 -0.0064515546
  16.7600002 -0.00603671605
  16.7800007 -0.00562235387
  16.7999992 -0.00520856399
  16.8199997 -0.00479515595
  16.8400002 -0.00438231975
  16.8600006 -0.00396620575
  16.8799992 -0.0035028432
  16.8999996 -0.00304001733
  16.9200001 -0.00257772813
  16.9400005 -0.00211597513
  16.9599991 -0.00165486569
  16.9799995 -0.00119418558
  17. -0.000734041678
  17.0200005 -0.000274541788
  17.0400009  0.000184528995
  17.0599995  0.000642956235
  17.0799999  0.00110095413
  17.1000004  0.00155830849
  17.1200008  0.00201523397
  17.1399994  0.00247151544
  17.1599998  0.00292736758
  17.1800003  0.00338257616
  17.2000008  0.00383735588
  17.2199993  0.00429149205
  17.2399998  0.00474519795
  17.2600002  0.00484571094
  17.2800007  0.00449365797
  17.2999992  0.00414202269
  17.3199997  0.00379072083
  17.3400002  0.00343991956
  17.3600006  0.0030894524
  17.3799992  0.00273948582
  17.3999996  0.00238985289
  17.4200001  0.00204063719
  17.4400005  0.00169175537
  17.4599991  0.00134337414
  17.4799995  0.000995326787
  17.5  0.000647696666
  17.5200005  0.000300483778
  17.5400009 -4.63956967E-05
  17.5599995 -0.00039277412
  17.5799999 -0.000738818664
  17.6000004 -0.00108452979
  17.6200008 -0.00142973987
  17.6399994 -0.00177461654
  17.6599998 -0.00213610101
  17.6800003 -0.00252942927
  17.7000008 -0.00292228092
  17.7199993 -0.00331465574
  17.7399998 -0.00370655349
  17.7600002 -0.00409806985
  17.7800007 -0.00448920485
  17.7999992 -0.00487976708
  17.8199997 -0.00526994839
  17.8400002 -0.00565974787
  17.8600006 -0.00604907051
  17.8799992 -0.00643791631
  17.8999996 -0.00682638027
  17.9200001 -0.00721436832
  17.9400005 -0.00760197453
  17.9599991 -0.00798910297
  17.9799995 -0.00837585051
  18. -0.0087621212
  18.0200005 -0.00914801098
  18.0400009 -0.009533423
  18.0599995 -0.00991835818
  18.0799999 -0.00999999978
  18.1000004 -0.00999999978
  18.1200008 -0.00999999978
  18.1399994 -0.00999999978
  18.1599998 -0.00999999978
  18.1800003 -0.00999999978
  18.2000008 -0.00999999978
  18.2199993 -0.00999999978
  18.2399998 -0.00999999978
  18.2600002 -0.00999999978
  18.2800007 -0.00999999978
  18.2999992 -0.00999999978
  18.3199997 -0.00999999978
  18.3400002 -0.00999999978
  18.3600006 -0.00999999978
  18.3799992 -0.00999999978
  18.3999996 -0.00999999978
  18.4200001 -0.00999999978
  18.4400005 -0.00999999978
  18.4599991 -0.00999999978
  18.4799995 -0.00999999978
  18.5 -0.00996482186
  18.5200005 -0.00991790183
  18.5400009 -0.00987101812
  18.5599995 -0.00982420612
  18.5799999 -0.00977742951
  18.6000004 -0.0097307004
  18.6200008 -0.0096840309
  18.6399994 -0.00963740889
  18.6599998 -0.00959083531
  18.6800003 -0.0095443204
  18.7000008 -0.00949784182
  18.7199993 -0.00945142284
  18.7399998 -0.00940505136
  18.7600002 -0.0093587283
  18.7800007 -0.00931245182
  18.7999992 -0.00926622376
  18.8199997 -0.0092200553
  18.8400002 -0.00917392224
  18.8600006 -0.00912784878
  18.8799992 -0.00908182282
  18.8999996 -0.00903583318
  18.9200001 -0.00926251616
  18.9400005 -0.010455464
  18.9599991 -0.0116471723
  18.9799995 -0.01283764
  19. -0.0140268691
  19.0200005 -0.0152148576
  19.0400009 -0.0164016075
  19.0599995 -0.0175868049
  19.0799999 -0.0187710747
  19.1000004 -0.019954104
  19.1200008 -0.0211358964
  19.1399994 -0.0223161355
  19.1599998 -0.0234954469
  19.1800003 -0.0246735178
  19.2000008 -0.0258503482
  19.2199993 -0.0270259399
  19.2399998 -0.0282002911
  19.2600002 -0.0293734018
  19.2800007 -0.0305452738
  19.2999992 -0.0317159072
  19.3199997 -0.0328856111
  19.3400002 -0.0340537615
  19.3600006 -0.035042502
  19.3799992 -0.03526669
  19.3999996 -0.0354907028
  19.4200001 -0.0357144736
  19.4400005 -0.0359380059
  19.4599991 -0.0361613035
  19.4799995 -0.036384359
  19.5 -0.0366072357
  19.5200005 -0.0368298143
  19.5400009 -0.0370522179
  19.5599995 -0.0372743793
  19.5799999 -0.0374963023
  19.6000004 -0.0377180502
  19.6200008 -0.0379394963
  19.6399994 -0.0381607637
  19.6599998 -0.0383817963
  19.6800003 -0.0386025868
  19.7000008 -0.0388231985
  19.7199993 -0.0390435122
  19.7399998 -0.0392636508
  19.7600002 -0.0394836068
  19.7800007 -0.0397032648
  19.7999992 -0.039922744
  19.8199997 -0.0402839445
  19.8400002 -0.0407219045
  19.8600006 -0.0411595069
  19.8799992 -0.0415966325
  19.8999996 -0.0420332812
  19.9200001 -0.0424695723
  19.9400005 -0.0429053865
  19.9599991 -0.043340724
  19.9799995 -0.0437757038
  20. -0.0442102067
  20.0200005 -0.0446442328
  20.0400009 -0.0450779013
  20.0599995 -0.045511093
  20.0799999 -0.0459438078
  20.1000004 -0.046376165
  20.1200008 -0.0468080454
  20.1399994 -0.0472395681
  20.1599998 -0.047670614
  20.1800003 -0.048101183
  20.2000008 -0.0485313945
  20.2199993 -0.048961129
  20.2399998 -0.049390506
  20.2600002 -0.0498194061
  20.2800007 -0.0503719263
  20.2999992 -0.0510140322
  20.3199997 -0.0516554229
  20.3400002 -0.0522962771
  20.3600006 -0.0529365949
  20.3799992 -0.0535761975
  20.3999996 -0.0542150848
  20.4200001 -0.0548534356
  20.4400005 -0.05549125
  20.4599991 -0.0561281703
  20.4799995 -0.056764733
  20.5 -0.0574005805
  20.5200005 -0.0580358915
  20.5400009 -0.0586704873
  20.5599995 -0.0593043678
  20.5799999 -0.0599377118
  20.6000004 -0.0605705231
  20.6200008 -0.0612027943
  20.6399994 -0.0618341714
  20.6599998 -0.0624651909
  20.6800003 -0.0630954951
  20.7000008 -0.0637252629
  20.7199993 -0.0643541366
  20.7399998 -0.0649826527
  20.7600002 -0.0653256774
  20.7800007 -0.0656602159
  20.7999992 -0.0659944788
  20.8199997 -0.0663283542
  20.8400002 -0.0666619465
  20.8600006 -0.0669952556
  20.8799992 -0.0673281774
  20.8999996 -0.067660816
  20.9200001 -0.0679930747
  20.9400005 -0.0683251396
  20.9599991 -0.0686567277
  20.9799995 -0.068988122
  21. -0.0693191439
  21.0200005 -0.0696498752
  21.0400009 -0.0699803159
  21.0599995 -0.070310384
  21.0799999 -0.070640251
  21.1000004 -0.0709696487
  21.1200008 -0.0712988526
  21.1399994 -0.0716276765
  21.1599998 -0.0719562173
  21.1800003 -0.0722844675
  21.2000008 -0.0726124272
  21.2199993 -0.0729400143
  21.2399998 -0.0739690885
  21.2600002 -0.0751546025
  21.2800007 -0.0763390809
  21.2999992 -0.0775221735
  21.3199997 -0.0787042305
  21.3400002 -0.0798852518
  21.3600006 -0.0810652375
  21.3799992 -0.0822438374
  21.3999996 -0.0834217444
  21.4200001 -0.084598273
  21.4400005 -0.0857737586
  21.4599991 -0.0869482085
  21.4799995 -0.0881212801
  21.5 -0.0892936587
  21.5200005 -0.0904646516
  21.5400009 -0.0916349515
  21.5599995 -0.0928038731
  21.5799999 -0.0939717591
  21.6000004 -0.0951382518
  21.6200008 -0.0963040665
  21.6399994 -0.0974688381
  21.6599998 -0.0986322239
  21.6800003 -0.0997949243
  21.7000008 -0.100956231
  21.7199993 -0.101939738
  21.7399998 -0.10134019
  21.7600002 -0.100741178
  21.7800007 -0.100142702
  21.7999992 -0.0995447636
  21.8199997 -0.0989473537
  21.8400002 -0.0983506665
  21.8600006 -0.0977543369
  21.8799992 -0.0971585438
  21.8999996 -0.0965634659
  21.9200001 -0.0959687382
  21.9400005 -0.0953747332
  21.9599991 -0.0947810858
  21.9799995 -0.0941881537
  22. -0.0935955793
  22.0200005 -0.09300372
  22.0400009 -0.092412211
  22.0599995 -0.0918214247
  22.0799999 -0.0912311748
  22.1000004 -0.0906412825
  22.1200008 -0.0900521055
  22.1399994 -0.0894632787
  22.1599998 -0.0888751745
  22.1800003 -0.088287428
  22.2000008 -0.0877003968
  22.2199993 -0.0871137232
  22.2399998 -0.0874409154
  22.2600002 -0.0879873112
  22.2800007 -0.0885333791
  22.2999992 -0.0890789405
  22.3199997 -0.0896239951
  22.3400002 -0.0901685581
  22.3600006 -0.0907126144
  22.3799992 -0.0912561715
  22.3999996 -0.0917992294
  22.4200001 -0.0923419595
  22.4400005 -0.0928840116
  22.4599991 -0.0934257358
  22.4799995 -0.0939667895
  22.5 -0.094507508
  22.5200005 -0.0950477272
  22.5400009 -0.0955874473
  22.5599995 -0.0961266682
  22.5799999 -0.0966653898
  22.6000004 -0.0972037762
  22.6200008 -0.097741656
  22.6399994 -0.0982788727
  22.6599998 -0.0988157541
  22.6800003 -0.0993521363
  22.7000008 -0.0998880193
  22.7199993 -0.100423567
  22.7399998 -0.100958452
  22.7600002 -0.101070434
  22.7800007 -0.10114672
  22.7999992 -0.10122294
  22.8199997 -0.101299092
  22.8400002 -0.101375192
  22.8600006 -0.101451226
  22.8799992 -0.101527184
  22.8999996 -0.101603068
  22.9200001 -0.101678886
  22.9400005 -0.10175465
  22.9599991 -0.101830326
  22.9799995 -0.101905972
  23. -0.101981528
  23.0200005 -0.102057032
  23.0400009 -0.102132462
  23.0599995 -0.102207802
  23.0799999 -0.10228312
  23.1000004 -0.102358334
  23.1200008 -0.10243351
  23.1399994 -0.102508605
  23.1599998 -0.102583662
  23.1800003 -0.102658644
  23.2000008 -0.102733552
  23.2199993 -0.102808386
  23.2399998 -0.102883153
  23.2600002 -0.102957875
  23.2800007 -0.103195138
  23.2999992 -0.103642777
  23.3199997 -0.104089983
  23.3400002 -0.104536764
  23.3600006 -0.104983121
  23.3799992 -0.105429187
  23.3999996 -0.105874822
  23.4200001 -0.106320173
  23.4400005 -0.10676495
  23.4599991 -0.107209444
  23.4799995 -0.107653648
  23.5 -0.108097427
  23.5200005 -0.108540773
  23.5400009 -0.108983837
  23.5599995 -0.109426327
  23.5799999 -0.109868668
  23.6000004 -0.110310584
  23.6200008 -0.110752076
  23.6399994 -0.111193135
  23.6599998 -0.111633904
  23.6800003 -0.112074248
  23.7000008 -0.11251431
  23.7199993 -0.112953939
  23.7399998 -0.113393135
  23.7600002 -0.113832049
  23.7800007 -0.114270672
  23.7999992 -0.114708729
  23.8199997 -0.115244374
  23.8400002 -0.115973204
  23.8600006 -0.116701558
  23.8799992 -0.117429435
  23.8999996 -0.11815659
  23.9200001 -0.118883036
  23.9400005 -0.119609006
  23.9599991 -0.12033426
  23.9799995 -0.121059038
  24. -0.121783093
  24.0200005 -0.122506678
  24.0400009 -0.123229548
  24.0599995 -0.123951703
  24.0799999 -0.12467362
  24.1000004 -0.125394583
  24.1200008 -0.126115069
  24.1399994 -0.126835063
  24.1599998 -0.127554357
  24.1800003 -0.128273174
  24.2000008 -0.128991276
  24.2199993 -0.129708663
  24.2399998 -0.130425572
  24.2600002 -0.131142005
  24.2800007 -0.131857723
  24.2999992 -0.132572964
  24.3199997 -0.133287489
  24.3400002 -0.134001523
  24.3600006 -0.134714872
  24.3799992 -0.135278016
  24.3999996 -0.135740906
  24.4200001 -0.136203498
  24.4400005 -0.136665761
  24.4599991 -0.137127563
  24.4799995 -0.137588903
  24.5 -0.138050094
  24.5200005 -0.138510823
  24.5400009 -0.138971075
  24.5599995 -0.139431015
  24.5799999 -0.139890507
  24.6000004 -0.140349671
  24.6200008 -0.140808538
  24.6399994 -0.141266927
  24.6599998 -0.141725019
  24.6800003 -0.142182797
  24.7000008 -0.142640114
  24.7199993 -0.143096954
  24.7399998 -0.143553644
  24.7600002 -0.144009873
  24.7800007 -0.14446564
  24.7999992 -0.144921094
  24.8199997 -0.145376235
  24.8400002 -0.145831063
  24.8600006 -0.14628543
  24.8799992 -0.146739483
  24.8999996 -0.147193074
  24.9200001 -0.147646368
  24.9400005 -0.147908315
  24.9599991 -0.147490621
  24.9799995 -0.147073209
  25. -0.146656081
  25.0200005 -0.146239385
  25.0400009 -0.145822987
  25.0599995 -0.145406857
  25.0799999 -0.144991174
  25.1000004 -0.14457576
  25.1200008 -0.144160643
  25.1399994 -0.143745959
  25.1599998 -0.143331543
  25.1800003 -0.142917424
  25.2000008 -0.142503604
  25.2199993 -0.142090201
  25.2399998 -0.141677082
  25.2600002 -0.141264245
  25.2800007 -0.14085184
  25.2999992 -0.140439734
  25.3199997 -0.140027896
  25.3400002 -0.139616504
  25.3600006 -0.139205247
  25.3799992 -0.138794407
  25.3999996 -0.138384014
  25.4200001 -0.137973756
  25.4400005 -0.137563929
  25.4599991 -0.137154385
  25.4799995 -0.13674514
  25.5 -0.136336312
  25.5200005 -0.135879353
  25.5400009 -0.135198846
  25.5599995 -0.13451907
  25.5799999 -0.133839518
  25.6000004 -0.133160681
  25.6200008 -0.13248232
  25.6399994 -0.131804436
  25.6599998 -0.13112703
  25.6800003 -0.130450338
  25.7000008 -0.129774123
  25.7199993 -0.1290984
  25.7399998 -0.128423139
  25.7600002 -0.127748355
  25.7800007 -0.127074286
  25.7999992 -0.126400694
  25.8199997 -0.125727579
  25.8400002 -0.125054955
  25.8600006 -0.124382794
  25.8799992 -0.123711348
  25.8999996 -0.12304014
  25.9200001 -0.122369647
  25.9400005 -0.121699639
  25.9599991 -0.121030338
  25.9799995 -0.120361283
  26. -0.119692698
  26.0200005 -0.119024828
  26.0400009 -0.118357442
  26.0599995 -0.117690526
  26.0799999 -0.117024094
  26.1000004 -0.116358131
  26.1200008 -0.116645359
  26.1399994 -0.118041217
  26.1599998 -0.119436078
  26.1800003 -0.120830439
  26.2000008 -0.122223295
  26.2199993 -0.123614654
  26.2399998 -0.125005513
  26.2600002 -0.12639536
  26.2800007 -0.127784207
  26.2999992 -0.129171565
  26.3199997 -0.13055791
  26.3400002 -0.131943762
  26.3600006 -0.13332811
  26.3799992 -0.134711444
  26.3999996 -0.136093795
  26.4200001 -0.137475133
  26.4400005 -0.138855472
  26.4599991 -0.140234321
  26.4799995 -0.141612649
  26.5 -0.142989993
  26.5200005 -0.144365817
  26.5400009 -0.145741165
  26.5599995 -0.147114992
  26.5799999 -0.148487821
  26.6000004 -0.149860144
  26.6200008 -0.151230976
  26.6399994 -0.15260081
  26.6599998 -0.153969631
  26.6800003 -0.155337453
  26.7000008 -0.156704277
  26.7199993 -0.158008352
  26.7399998 -0.158170834
  26.7600002 -0.158333123
  26.7800007 -0.158495367
  26.7999992 -0.158657491
  26.8199997 -0.158819497
  26.8400002 -0.158981308
  26.8600006 -0.159143075
  26.8799992 -0.159304723
  26.8999996 -0.159466192
  26.9200001 -0.159627587
  26.9400005 -0.159788877
  26.9599991 -0.159949988
  26.9799995 -0.16011104
  27. -0.160271958
  27.0200005 -0.160432711
  27.0400009 -0.160593405
  27.0599995 -0.160753921
  27.0799999 -0.160914361
  27.1000004 -0.161074698
  27.1200008 -0.161234856
  27.1399994 -0.161394954
  27.1599998 -0.161554918
  27.1800003 -0.161714718
  27.2000008 -0.161874458
  27.2199993 -0.162034079
  27.2399998 -0.162193567
  27.2600002 -0.162352949
  27.2800007 -0.162512213
  27.2999992 -0.162671298
  27.3199997 -0.162830308
  27.3400002 -0.162989214
  27.3600006 -0.163592219
  27.3799992 -0.164226875
  27.3999996 -0.164861053
  27.4200001 -0.165494755
  27.4400005 -0.16612798
  27.4599991 -0.166760966
  27.4799995 -0.167393237
  27.5 -0.16802527
  27.5200005 -0.168656588
  27.5400009 -0.169287667
  27.5599995 -0.169918269
  27.5799999 -0.170548394
  27.6000004 -0.171178043
  27.6200008 -0.171807215
  27.6399994 -0.172435671
  27.6599998 -0.173064128
  27.6800003 -0.173691869
  27.7000008 -0.174319148
  27.7199993 -0.174946159
  27.7399998 -0.175572485
  27.7600002 -0.176198557
  27.7800007 -0.176824152
  27.7999992 -0.177449271
  27.8199997 -0.178073913
  27.8400002 -0.178698078
  27.8600006 -0.179321766
  27.8799992 -0.179944977
  27.8999996 -0.18056795
  27.9200001 -0.181190446
  27.9400005 -0.181812227
  27.9599991 -0.182433769
  27.9799995 -0.182991773
  28. -0.18289867
  28.0200005 -0.182805613
  28.0400009 -0.182712659
  28.0599995 -0.182619736
  28.0799999 -0.182526901
  28.1000004 -0.182434157
  28.1200008 -0.182341412
  28.1399994 -0.182248786
  28.1599998 -0.18215622
  28.1800003 -0.182063699
  28.2000008 -0.181971282
  28.2199993 -0.181878895
  28.2399998 -0.181786597
  28.2600002 -0.181694359
  28.2800007 -0.18160215
  28.2999992 -0.181510046
  28.3199997 -0.181417987
  28.3400002 -0.181326002
  28.3600006 -0.181234092
  28.3799992 -0.181142241
  28.3999996 -0.181050435
  28.4200001 -0.180958688
  28.4400005 -0.180867061
  28.4599991 -0.180775464
  28.4799995 -0.180683911
  28.5 -0.180592462
  28.5200005 -0.180501044
  28.5400009 -0.1804097
  28.5599995 -0.18031843
  28.5799999 -0.18022722
  28.6000004 -0.180136055
  28.6200008 -0.180044964
  28.6399994 -0.180076718
  28.6599998 -0.180228353
  28.6800003 -0.180379793
  28.7000008 -0.180531189
  28.7199993 -0.180682465
  28.7399998 -0.180833623
  28.7600002 -0.180984646
  28.7800007 -0.181135625
  28.7999992 -0.181286424
  28.8199997 -0.181437224
  28.8400002 -0.18158783
  28.8600006 -0.181738392
  28.8799992 -0.181888774
  28.8999996 -0.182039097
  28.9200001 -0.182189345
  28.9400005 -0.18233943
  28.9599991 -0.182489455
  28.9799995 -0.18263936
  29. -0.182789207
  29.0200005 -0.182938859
  29.0400009 -0.183088467
  29.0599995 -0.183237955
  29.0799999 -0.183387384
  29.1000004 -0.183536619
  29.1200008 -0.183685869
  29.1399994 -0.18383494
  29.1599998 -0.183983892
  29.1800003 -0.18413277
  29.2000008 -0.184281543
  29.2199993 -0.184430256
  29.2399998 -0.184578791
  29.2600002 -0.184727311
  29.2800007 -0.184875667
  29.2999992 -0.185100392
  29.3199997 -0.185722709
  29.3400002 -0.186344802
  29.3600006 -0.186966121
  29.3799992 -0.187587202
  29.3999996 -0.188207775
  29.4200001 -0.188828111
  29.4400005 -0.189447686
  29.4599991 -0.190067008
  29.4799995 -0.190686077
  29.5 -0.191304654
  29.5200005 -0.191922739
  29.5400009 -0.192540303
  29.5599995 -0.193157628
  29.5799999 -0.193774447
  29.6000004 -0.194390774
  29.6200008 -0.195006847
  29.6399994 -0.195622414
  29.6599998 -0.196237743
  29.6800003 -0.196852297
  29.7000008 -0.19746688
  29.7199993 -0.198080689
  29.7399998 -0.198694259
  29.7600002 -0.199307323
  29.7800007 -0.199920148
  29.7999992 -0.200532213
  29.8199997 -0.201144278
  29.8400002 -0.201755583
  29.8600006 -0.20236665
  29.8799992 -0.202977225
  29.8999996 -0.203587532
  29.9200001 -0.204197347
  29.9400005 -0.204806909
  29.9599991 -0.205415726
  29.9799995 -0.206023365
  30. -0.206602469
  30.0200005 -0.20718132
  30.0400009 -0.207759947
  30.0599995 -0.208337858
  30.0799999 -0.208915517
  30.1000004 -0.209492952
  30.1200008 -0.210069895
  30.1399994 -0.210646376
  30.1599998 -0.211222619
  30.1800003 -0.21179837
  30.2000008 -0.212373659
  30.2199993 -0.21294871
  30.2399998 -0.213523269
  30.2600002 -0.214097604
  30.2800007 -0.214671463
  30.2999992 -0.21524483
  30.3199997 -0.215817973
  30.3400002 -0.216390878
  30.3600006 -0.216963291
  30.3799992 -0.217535242
  30.3999996 -0.218106717
  30.4200001 -0.218677938
  30.4400005 -0.219248936
  30.4599991 -0.219819218
  30.4799995 -0.220389485
  30.5 -0.220959291
  30.5200005 -0.22152862
  30.5400009 -0.222097456
  30.5599995 -0.22266607
  30.5799999 -0.223234445
  30.6000004 -0.223802328
  30.6200008 -0.224369749
  30.6399994 -0.224936932
  30.6599998 -0.225503623
  30.6800003 -0.226059571
  30.7000008 -0.22654067
  30.7199993 -0.227021351
  30.7399998 -0.227502048
  30.7600002 -0.227982134
  30.7800007 -0.228462011
  30.7999992 -0.228941485
  30.8199997 -0.229420751
  30.8400002 -0.229899809
  30.8600006 -0.230378479
  30.8799992 -0.230856732
  30.8999996 -0.231334791
  30.9200001 -0.231812432
  30.9400005 -0.232289881
  30.9599991 -0.232766926
  30.9799995 -0.233243555
  31. -0.233720198
  31.0200005 -0.234196231
  31.0400009 -0.234672248
  31.0599995 -0.23514767
  31.0799999 -0.235622883
  31.1000004 -0.236097902
  31.1200008 -0.236572519
  31.1399994 -0.237046719
  31.1599998 -0.237520725
  31.1800003 -0.237994522
  31.2000008 -0.238467902
  31.2199993 -0.238941103
  31.2399998 -0.239413887
  31.2600002 -0.239886269
  31.2800007 -0.240358651
  31.2999992 -0.240830421
  31.3199997 -0.241301984
  31.3400002 -0.241773352
  31.3600006 -0.242244318
  31.3799992 -0.242715076
  31.3999996 -0.243196353
  31.4200001 -0.243694216
  31.4400005 -0.244191647
  31.4599991 -0.244688869
  31.4799995 -0.245185643
  31.5 -0.245682225
  31.5200005 -0.246178359
  31.5400009 -0.246674299
  31.5599995 -0.247170016
  31.5799999 -0.247665301
  31.6000004 -0.248160154
  31.6200008 -0.248654798
  31.6399994 -0.249149218
  31.6599998 -0.249643221
  31.6800003 -0.250137001
  31.7000008 -0.250630349
  31.7199993 -0.251123279
  31.7399998 -0.25161621
  31.7600002 -0.252108693
  31.7800007 -0.252600759
  31.7999992 -0.253092617
  31.8199997 -0.253584266
  31.8400002 -0.254075468
  31.8600006 -0.254566461
  31.8799992 -0.255057007
  31.8999996 -0.255547374
  31.9200001 -0.256037295
  31.9400005 -0.256527007
  31.9599991 -0.257016271
  31.9799995 -0.257505327
  32. -0.257994175
  32.0200005 -0.258482605
  32.0400009 -0.258970797
  32.0600014 -0.25945878
  32.0800018 -0.259946346
  32.0999985 -0.260433465
  32.1199989 -0.260920405
  32.1399994 -0.261384428
  32.1599998 -0.261843652
  32.1800003 -0.262302637
  32.2000008 -0.262761444
  32.2200012 -0.263219833
  32.2400017 -0.263678044
  32.2599983 -0.264135838
  32.2799988 -0.264593422
  32.2999992 -0.26505059
  32.3199997 -0.265507579
  32.3400002 -0.265964359
  32.3600006 -0.266420931
  32.3800011 -0.266877085
  32.4000015 -0.267332852
  32.4199982 -0.26778841
  32.4399986 -0.26824376
  32.4599991 -0.268698722
  32.4799995 -0.269153476
  32.5 -0.269608021
  32.5200005 -0.270062149
  32.5400009 -0.270516098
  32.5600014 -0.270969838
  32.5800018 -0.271423161
  32.5999985 -0.271876097
  32.6199989 -0.272329003
  32.6399994 -0.272781521
  32.6599998 -0.273233652
  32.6800003 -0.273685753
  32.7000008 -0.274137259
  32.7200012 -0.274588764
  32.7400017 -0.275039881
  32.7599983 -0.275490761
  32.7799988 -0.275941253
  32.7999992 -0.276391566
  32.8199997 -0.27684164
  32.8400002 -0.277291536
  32.8600006 -0.277741015
  32.8800011 -0.278201252
  32.9000015 -0.278676748
  32.9199982 -0.279151618
  32.9399986 -0.279626459
  32.9599991 -0.280100882
  32.9799995 -0.280575275
  33. -0.281049073
  33.0200005 -0.28152284
  33.0400009 -0.281996191
  33.0600014 -0.282469094
  33.0800018 -0.282942027
  33.0999985 -0.283414304
  33.1199989 -0.283886552
  33.1399994 -0.284358412
  33.1599998 -0.284830034
  33.1800003 -0.285301447
  33.2000008 -0.285772443
  33.2200012 -0.2862432
  33.2400017 -0.286713749
  33.2599983 -0.287183881
  33.2799988 -0.287653804
  33.2999992 -0.288123488
  33.3199997 -0.288592756
  33.3400002 -0.289061815
  33.3600006 -0.289530665
  33.3800011 -0.289999276
  33.4000015 -0.290467471
  33.4199982 -0.290935248
  33.4399986 -0.291403025
  33.4599991 -0.291870356
  33.4799995 -0.292337477
  33.5 -0.29280439
  33.5200005 -0.293270856
  33.5400009 -0.293737352
  33.5600014 -0.294203192
  33.5800018 -0.294669002
  33.5999985 -0.295134425
  33.6199989 -0.29559961
  33.6399994 -0.296064377
  33.6599998 -0.296529144
  33.6800003 -0.296993464
  33.7000008 -0.297457367
  33.7200012 -0.29792127
  33.7400017 -0.298384756
  33.7599983 -0.298848003
  33.7799988 -0.299310833
  33.7999992 -0.299773693
  33.8199997 -0.300236076
  33.8400002 -0.30069828
  33.8600006 -0.301160038
  33.8800011 -0.301621795
  33.9000015 -0.302083105
  33.9199982 -0.302544028
  33.9399986 -0.303004712
  33.9599991 -0.303465396
  33.9799995 -0.303925633
  42.5 -0.443353683
  54.5999985 -0.635819256
  70.0999985 -0.915804744
  90. -1.26897931
  116. -1.67202365
  148. -2.07976794
  191. -2.51643062
  245. -2.94638491
  314. -3.37643671
  403. -3.8089397
  518. -4.24503994
  665. -4.67900562
  854. -5.11355162
  1100. -5.55329084
  1417.07397 -5.99328899
  1825.54602 -6.43329191
  2351.75806 -6.87329102
  3029.65088 -7.31378651
  3902.94702 -7.76571751
  5027.97021 -8.21764755
  6477.27979 -8.6695776
  8344.35352 -9.12150764
  10749.6094 -9.57343769
  13848.1797 -10.0253687
  17839.9121 -10.4772997
  22982.2578 -10.9292288
  29606.8828 -11.3811598
  38141.0508 -11.8330898
  49135.1953 -12.2850208
  63298.3906 -12.7369499
  81544.125 -13.1888809
  105049.188 -13.6408119
  135329.562 -14.092741
  174338.25 -14.544672
  224591.156 -14.996603
