303.8   40.370 40.370 40.371 40.374 40.621 40.620 40.619 40.617 40.670 40.669 40.667 40.663
584.3   39.646 39.646 39.651 39.699 39.640 39.640 39.645 39.697 39.648 39.647 39.656 39.715
625.6   41.456 41.455 41.444 41.347 41.471 41.469 41.456 41.337 41.476 41.472 41.434 41.164
972.5   39.082 39.083 39.088 39.099 39.073 39.073 39.077 39.087 39.102 39.101 39.102 39.110
977.0   38.814 38.816 38.824 38.842 39.131 39.133 39.142 39.169 39.519 39.520 39.525 39.546
1026    39.271 39.273 39.277 39.286 39.270 39.271 39.275 39.288 39.322 39.321 39.322 39.334
1216    42.103 42.106 42.125 42.198 42.112 42.114 42.132 42.203 42.116 42.117 42.135 42.211
1335    39.799 39.802 39.809 39.823 39.957 39.957 39.958 39.963 39.946 39.946 39.946 39.948
1397    38.384 38.394 38.421 38.472 38.885 38.886 38.891 38.907 39.011 39.012 39.019 39.050
1486    35.828 35.888 36.053 36.381 37.085 37.119 37.288 37.675 38.256 38.274 38.353 38.576
1549    38.820 38.824 38.836 38.865 39.029 39.035 39.069 39.192 39.532 39.543 39.601 39.781
1640    39.794 39.793 39.791 39.785 39.817 39.816 39.813 39.804 39.807 39.805 39.802 39.795
1665    37.974 38.030 38.169 38.438 38.405 38.439 38.583 38.904 38.699 38.763 38.918 39.208
1750    38.041 38.095 38.231 38.494 38.363 38.397 38.540 38.855 38.525 38.599 38.770 39.071
1888    38.323 38.379 38.511 38.754 38.524 38.555 38.683 38.958 38.520 38.570 38.680 38.864
1909    39.699 39.745 39.851 40.051 39.799 39.828 39.954 40.230 39.880 39.955 40.118 40.396
2326    40.033 40.065 40.131 40.238 39.514 39.531 39.587 39.700 38.831 38.859 38.920 38.998
2400    39.532 39.550 39.585 39.634 38.945 38.950 38.964 39.003 38.539 38.540 38.561 38.617
2471    39.104 39.141 39.253 39.589 38.576 38.598 38.696 39.031 37.815 37.844 37.954 38.293
2798    39.708 39.733 39.784 39.868 39.210 39.222 39.260 39.348 38.787 38.798 38.833 38.901
2829    38.783 38.784 38.784 38.781 38.793 38.792 38.785 38.756 38.798 38.790 38.747 38.552
2836    37.681 37.736 37.902 38.159 38.191 38.234 38.421 38.728 38.356 38.442 38.645 38.921
2945    39.040 39.041 39.040 39.033 39.050 39.047 39.034 38.968 39.053 39.038 38.947 38.644
3096    37.903 37.895 37.756 37.332 38.413 38.394 38.275 37.897 38.565 38.587 38.484 38.080
3188    39.360 39.360 39.358 39.347 39.370 39.365 39.343 39.216 39.371 39.346 39.173 38.772
3203    38.566 38.565 38.564 38.566 38.591 38.590 38.587 38.585 38.582 38.581 38.578 38.575
3671    38.318 38.318 38.318 38.348 38.327 38.327 38.326 38.356 38.332 38.331 38.330 38.365
3674    38.372 38.372 38.371 38.396 38.381 38.380 38.379 38.404 38.386 38.384 38.383 38.413
3676    38.428 38.428 38.427 38.447 38.437 38.436 38.435 38.455 38.442 38.440 38.440 38.464
3679    38.488 38.487 38.487 38.502 38.496 38.496 38.494 38.510 38.501 38.500 38.499 38.519
3683    38.550 38.550 38.549 38.561 38.559 38.558 38.557 38.568 38.563 38.562 38.561 38.577
3687    38.616 38.616 38.615 38.623 38.624 38.624 38.623 38.630 38.629 38.628 38.627 38.640
3692    38.686 38.685 38.684 38.690 38.694 38.693 38.692 38.697 38.699 38.698 38.696 38.707
3697    38.760 38.759 38.758 38.762 38.768 38.767 38.766 38.769 38.773 38.771 38.770 38.778
3704    38.838 38.838 38.837 38.839 38.846 38.845 38.844 38.846 38.851 38.850 38.848 38.855
3712    38.922 38.921 38.920 38.921 38.929 38.929 38.928 38.928 38.934 38.933 38.932 38.937
3722    39.011 39.011 39.010 39.010 39.019 39.019 39.017 39.017 39.024 39.023 39.022 39.026
3727    41.194 41.216 41.257 41.272 40.595 40.607 40.642 40.660 39.828 39.845 39.879 39.885
3734    39.108 39.107 39.106 39.106 39.115 39.115 39.114 39.113 39.120 39.119 39.118 39.122
3750    39.212 39.212 39.211 39.210 39.220 39.219 39.218 39.217 39.225 39.224 39.222 39.226
3771    39.326 39.326 39.325 39.324 39.333 39.333 39.332 39.330 39.338 39.337 39.336 39.340
3798    39.458 39.458 39.458 39.462 39.467 39.467 39.467 39.470 39.474 39.473 39.473 39.481
3820    38.846 38.845 38.844 38.844 38.863 38.863 38.861 38.861 38.869 38.868 38.868 38.876
3835    39.598 39.598 39.598 39.599 39.608 39.608 39.607 39.608 39.615 39.614 39.614 39.619
3869    39.902 39.925 39.980 40.081 39.973 39.991 40.071 40.231 40.003 40.058 40.162 40.318
3889    39.760 39.760 39.757 39.748 39.770 39.766 39.735 39.530 39.771 39.737 39.461 39.006
3889    39.751 39.751 39.751 39.751 39.760 39.760 39.759 39.759 39.767 39.766 39.766 39.770
3965    38.756 38.756 38.757 38.761 38.771 38.771 38.772 38.777 38.778 38.779 38.781 38.792
3968    39.381 39.404 39.459 39.560 39.452 39.470 39.550 39.710 39.482 39.537 39.641 39.797
3970    39.930 39.930 39.930 39.930 39.939 39.939 39.938 39.937 39.946 39.945 39.944 39.949
4026    39.106 39.105 39.104 39.104 39.124 39.124 39.122 39.124 39.130 39.129 39.133 39.151
4070    39.244 39.264 39.324 39.521 38.531 38.542 38.594 38.792 37.718 37.731 37.801 38.041
4074    39.370 39.389 39.449 39.645 38.656 38.668 38.719 38.916 37.843 37.856 37.926 38.165
4102    40.141 40.141 40.141 40.141 40.150 40.150 40.149 40.148 40.157 40.156 40.155 40.160
4300    39.377 39.385 39.401 39.422 38.586 38.587 38.592 38.612 37.763 37.761 37.790 37.875
4340    40.398 40.398 40.397 40.397 40.406 40.406 40.405 40.404 40.413 40.412 40.411 40.415
4363    38.287 38.328 38.433 38.636 38.644 38.672 38.797 39.060 38.780 38.854 39.007 39.253
4471    39.438 39.437 39.435 39.435 39.458 39.457 39.456 39.461 39.464 39.463 39.471 39.494
4659    38.956 38.977 39.025 39.093 38.488 38.496 38.533 38.593 37.721 37.736 37.764 37.787
4686    39.030 39.029 39.024 39.006 39.045 39.044 39.037 39.016 39.008 39.007 39.002 38.985
4861    40.728 40.727 40.726 40.725 40.737 40.736 40.734 40.732 40.742 40.741 40.739 40.742
4922    38.874 38.873 38.871 38.869 38.895 38.894 38.890 38.887 38.901 38.898 38.897 38.904
4959    40.396 40.417 40.472 40.577 40.743 40.760 40.836 40.983 40.826 40.875 40.965 41.097
5007    40.875 40.896 40.951 41.055 41.222 41.239 41.315 41.462 41.304 41.354 41.443 41.575
5016    39.152 39.152 39.153 39.158 39.167 39.167 39.167 39.174 39.174 39.174 39.176 39.188
5876    39.906 39.905 39.902 39.904 39.932 39.930 39.927 39.936 39.938 39.937 39.947 39.971
6300    39.615 39.624 39.647 39.672 38.894 38.896 38.903 38.939 38.087 38.085 38.126 38.224
6312    38.836 38.861 38.922 39.034 38.776 38.795 38.876 39.038 38.519 38.567 38.656 38.779
6548    40.466 40.479 40.508 40.556 39.770 39.779 39.809 39.849 38.897 38.914 38.932 38.953
6563    41.200 41.199 41.197 41.191 41.213 41.212 41.208 41.199 41.218 41.215 41.211 41.208
6584    40.936 40.949 40.978 41.026 40.239 40.249 40.279 40.319 39.367 39.384 39.402 39.423
6678    39.363 39.361 39.358 39.354 39.389 39.387 39.381 39.375 39.395 39.391 39.388 39.394
6716    40.401 40.407 40.396 40.237 39.647 39.649 39.634 39.478 38.772 38.775 38.776 38.666
6720    40.629 40.638 40.646 40.587 39.876 39.880 39.883 39.827 39.001 39.007 39.025 39.012
6731    40.241 40.253 40.286 40.330 39.488 39.495 39.523 39.569 38.614 38.623 38.664 38.751
7065    39.049 39.054 39.083 39.235 39.059 39.080 39.197 39.531 39.083 39.198 39.537 39.725
7135    39.973 39.986 40.017 40.074 39.867 39.878 39.925 40.017 39.551 39.581 39.632 39.697
7325    39.224 39.260 39.369 39.697 38.783 38.801 38.882 39.175 38.354 38.367 38.417 38.603
7751    39.356 39.369 39.400 39.457 39.249 39.260 39.308 39.400 38.934 38.963 39.014 39.080
8334    37.866 37.865 37.863 37.877 37.878 37.877 37.874 37.886 37.883 37.880 37.876 37.894
8346    37.920 37.919 37.917 37.928 37.932 37.931 37.928 37.937 37.937 37.934 37.931 37.945
8359    37.977 37.976 37.974 37.981 37.989 37.988 37.985 37.990 37.994 37.991 37.988 37.998
8374    38.037 38.036 38.034 38.039 38.049 38.048 38.045 38.047 38.054 38.051 38.048 38.055
8392    38.100 38.099 38.097 38.099 38.112 38.111 38.107 38.108 38.117 38.114 38.110 38.116
8413    38.166 38.166 38.163 38.164 38.178 38.177 38.174 38.172 38.183 38.180 38.177 38.180
8438    38.236 38.236 38.233 38.232 38.248 38.247 38.244 38.240 38.253 38.250 38.246 38.249
8467    38.311 38.310 38.307 38.305 38.322 38.321 38.318 38.313 38.327 38.324 38.321 38.322
8502    38.389 38.388 38.386 38.383 38.401 38.400 38.396 38.391 38.406 38.403 38.399 38.400
8545    38.473 38.472 38.470 38.467 38.485 38.484 38.480 38.475 38.490 38.487 38.483 38.483
8598    38.563 38.562 38.560 38.556 38.574 38.574 38.570 38.564 38.579 38.577 38.573 38.572
8665    38.660 38.659 38.657 38.653 38.671 38.671 38.667 38.661 38.676 38.674 38.670 38.669
8750    38.765 38.764 38.761 38.758 38.776 38.775 38.772 38.765 38.781 38.778 38.775 38.774
8863    38.879 38.878 38.876 38.872 38.890 38.890 38.886 38.879 38.895 38.893 38.889 38.888
9015    39.004 39.003 39.002 39.003 39.017 39.016 39.013 39.012 39.022 39.020 39.017 39.021
9069    40.238 40.249 40.278 40.329 40.215 40.224 40.264 40.337 39.903 39.928 39.967 40.005
9229    39.145 39.144 39.142 39.141 39.158 39.157 39.153 39.150 39.163 39.161 39.157 39.159
9532    40.633 40.644 40.672 40.723 40.609 40.618 40.658 40.731 40.297 40.322 40.361 40.400
9546    39.301 39.301 39.299 39.296 39.314 39.313 39.310 39.305 39.320 39.317 39.313 39.314
10050   39.483 39.482 39.480 39.477 39.496 39.495 39.491 39.485 39.502 39.499 39.495 39.495
10830   40.074 40.081 40.140 40.462 40.091 40.099 40.160 40.477 40.100 40.115 40.206 40.431
10940   39.697 39.696 39.694 39.690 39.711 39.710 39.705 39.699 39.716 39.713 39.709 39.708
12820   39.959 39.958 39.955 39.950 39.974 39.973 39.968 39.959 39.980 39.976 39.970 39.967
18750   40.307 40.305 40.300 40.283 40.326 40.324 40.316 40.293 40.331 40.326 40.316 40.300
21660   39.197 39.195 39.191 39.185 39.214 39.213 39.206 39.195 39.220 39.215 39.207 39.202
26250   39.420 39.418 39.413 39.404 39.439 39.437 39.429 39.414 39.444 39.439 39.430 39.421
40510   39.710 39.708 39.701 39.675 39.734 39.731 39.720 39.686 39.739 39.732 39.719 39.692
69800   39.347 39.348 39.349 39.343 38.555 38.556 38.555 38.529 37.530 37.528 37.492 37.380
74580   39.242 39.239 39.231 39.194 39.267 39.265 39.252 39.206 39.272 39.265 39.250 39.211
90000   40.101 40.103 40.109 40.116 40.052 40.054 40.061 40.072 39.705 39.709 39.714 39.708
105100  39.354 39.358 39.370 39.376 40.554 40.557 40.570 40.580 41.139 41.145 41.158 41.165
128100  39.976 39.978 39.981 39.984 39.299 39.300 39.301 39.296 38.506 38.506 38.496 38.453
155500  40.417 40.420 40.426 40.433 40.585 40.586 40.595 40.607 40.620 40.625 40.636 40.649
186700  40.496 40.502 40.545 40.628 40.518 40.525 40.569 40.647 40.176 40.186 40.228 40.277
334700  40.899 40.894 40.844 40.504 40.929 40.922 40.864 40.509 40.583 40.576 40.509 40.130
348100  40.161 40.148 40.070 39.680 39.584 39.571 39.481 39.066 38.641 38.624 38.537 38.149
360100  39.364 39.367 39.373 39.371 39.530 39.532 39.540 39.545 39.565 39.572 39.582 39.590
518000  40.620 40.628 40.660 40.560 41.037 41.050 41.091 40.945 41.109 41.167 41.166 40.855
572100  40.424 40.419 40.350 39.951 40.740 40.732 40.656 40.250 40.704 40.696 40.596 40.175
631700  39.267 39.269 39.276 39.241 38.438 38.437 38.434 38.397 37.536 37.531 37.549 37.546
883300  40.878 40.863 40.730 40.115 41.293 41.264 41.074 40.463 41.325 41.165 40.798 40.298
1217000 39.904 39.911 39.746 39.083 39.140 39.148 38.990 38.331 38.183 38.195 38.031 37.362
1455000 38.270 38.271 38.270 38.177 37.441 37.440 37.429 37.330 36.538 36.533 36.542 36.470
1576000 40.787 40.596 39.975 39.084 40.127 39.927 39.285 38.363 39.273 39.071 38.406 37.421
2054000 40.070 39.924 39.272 38.217 39.306 39.161 38.530 37.485 38.350 38.217 37.591 36.519
