303.8   39.208 39.210 39.208 39.207 39.310 39.311 39.305 39.304 39.547 39.546 39.538 39.499
584.3   40.030 40.027 40.047 40.147 40.038 40.040 40.067 40.191 40.076 40.079 40.109 40.245
625.6   41.694 41.693 41.679 41.563 41.702 41.700 41.682 41.538 41.720 41.717 41.685 41.442
972.5   39.439 39.436 39.439 39.437 39.419 39.412 39.426 39.423 39.465 39.465 39.464 39.460
977.0   39.248 39.250 39.247 39.242 39.944 39.945 39.937 39.913 40.523 40.522 40.515 40.477
1026    39.523 39.520 39.523 39.521 39.522 39.515 39.525 39.523 39.536 39.536 39.536 39.537
1216    42.642 42.645 42.662 42.735 42.620 42.623 42.638 42.711 42.572 42.573 42.589 42.666
1335    39.055 39.055 39.054 39.045 39.120 39.119 39.117 39.106 39.129 39.129 39.126 39.111
1397    37.427 37.428 37.432 37.436 39.033 39.033 39.035 39.035 39.420 39.419 39.418 39.406
1486    36.248 36.249 36.246 36.234 38.314 38.314 38.310 38.290 39.425 39.424 39.421 39.401
1549    38.291 38.292 38.290 38.281 40.087 40.087 40.083 40.069 41.250 41.250 41.246 41.225
1640    38.302 38.306 38.302 38.301 38.323 38.324 38.317 38.317 38.343 38.343 38.343 38.340
1665    38.712 38.713 38.710 38.700 39.603 39.603 39.599 39.582 40.190 40.189 40.186 40.166
1750    37.957 37.958 37.956 37.948 38.662 38.662 38.659 38.645 38.675 38.674 38.671 38.652
1888    38.595 38.596 38.594 38.584 39.119 39.119 39.113 39.092 38.759 38.758 38.746 38.703
1909    39.831 39.832 39.830 39.821 40.466 40.465 40.462 40.447 40.696 40.696 40.692 40.670
2326    39.200 39.201 39.200 39.191 38.813 38.813 38.811 38.792 38.218 38.218 38.212 38.176
2400    38.344 38.342 38.339 38.332 37.932 37.930 37.927 37.915 37.815 37.815 37.812 37.800
2471    38.318 38.322 38.355 38.536 37.654 37.657 37.687 37.857 36.935 36.937 36.963 37.113
2798    38.714 38.714 38.715 38.711 38.364 38.364 38.363 38.355 38.176 38.176 38.175 38.166
2829    39.049 39.050 39.050 39.053 39.066 39.066 39.061 39.053 39.090 39.086 39.062 38.956
2836    37.538 37.545 37.592 37.643 38.298 38.299 38.332 38.366 38.667 38.664 38.686 38.706
2945    39.307 39.308 39.307 39.313 39.324 39.323 39.316 39.297 39.348 39.341 39.294 39.100
3096    37.576 37.544 37.323 36.749 38.290 38.259 38.034 37.458 38.619 38.592 38.368 37.800
3188    39.624 39.625 39.625 39.637 39.641 39.639 39.629 39.594 39.663 39.651 39.570 39.268
3203    37.067 37.071 37.067 37.069 37.081 37.083 37.076 37.075 37.087 37.087 37.086 37.086
3671    38.645 38.646 38.646 38.668 38.645 38.645 38.645 38.664 38.643 38.643 38.644 38.662
3674    38.700 38.700 38.700 38.719 38.700 38.700 38.699 38.716 38.698 38.698 38.699 38.715
3676    38.757 38.757 38.757 38.773 38.757 38.757 38.757 38.770 38.755 38.755 38.756 38.770
3679    38.817 38.817 38.817 38.830 38.817 38.817 38.817 38.828 38.816 38.816 38.817 38.828
3683    38.880 38.880 38.880 38.890 38.880 38.881 38.880 38.889 38.879 38.879 38.880 38.890
3687    38.946 38.947 38.947 38.954 38.947 38.947 38.947 38.953 38.946 38.946 38.947 38.955
3692    39.017 39.017 39.017 39.022 39.018 39.018 39.017 39.022 39.017 39.017 39.018 39.024
3697    39.091 39.092 39.091 39.095 39.092 39.092 39.092 39.096 39.092 39.092 39.093 39.098
3704    39.170 39.171 39.170 39.173 39.172 39.172 39.171 39.174 39.171 39.171 39.172 39.176
3712    39.254 39.255 39.255 39.257 39.256 39.256 39.255 39.258 39.256 39.256 39.257 39.260
3722    39.345 39.345 39.345 39.346 39.347 39.347 39.346 39.347 39.347 39.347 39.347 39.351
3727    39.996 39.995 39.986 39.915 39.252 39.251 39.242 39.171 38.474 38.473 38.463 38.390
3734    39.442 39.442 39.442 39.443 39.444 39.444 39.443 39.445 39.445 39.445 39.445 39.448
3750    39.547 39.547 39.547 39.548 39.549 39.550 39.549 39.550 39.550 39.550 39.551 39.554
3771    39.662 39.662 39.662 39.662 39.664 39.664 39.664 39.665 39.665 39.665 39.666 39.669
3798    39.809 39.810 39.809 39.809 39.824 39.824 39.822 39.820 39.827 39.827 39.827 39.827
3820    39.047 39.048 39.050 39.067 39.029 39.029 39.035 39.073 39.014 39.016 39.029 39.090
3835    39.950 39.950 39.949 39.949 39.964 39.965 39.963 39.962 39.968 39.968 39.968 39.969
3869    39.087 39.087 39.086 39.081 39.470 39.470 39.468 39.460 39.758 39.757 39.756 39.748
3889    40.015 40.016 40.019 40.051 40.028 40.026 40.018 39.969 40.046 40.031 39.903 39.527
3889    40.106 40.106 40.105 40.105 40.120 40.120 40.119 40.118 40.123 40.123 40.124 40.126
3965    38.999 39.000 39.001 39.016 39.010 39.011 39.013 39.043 39.023 39.024 39.032 39.072
3968    38.566 38.566 38.565 38.560 38.949 38.949 38.947 38.939 39.237 39.237 39.235 39.227
3970    40.287 40.287 40.287 40.287 40.301 40.302 40.300 40.300 40.305 40.305 40.305 40.307
4026    39.303 39.304 39.306 39.320 39.283 39.284 39.289 39.323 39.269 39.270 39.285 39.347
4070    37.933 37.935 37.947 38.042 37.286 37.287 37.296 37.377 36.394 36.395 36.403 36.486
4074    38.058 38.060 38.071 38.166 37.411 37.412 37.420 37.501 36.519 36.520 36.528 36.610
4102    40.501 40.502 40.501 40.501 40.516 40.516 40.515 40.515 40.519 40.519 40.519 40.522
4300    37.751 37.750 37.748 37.745 36.988 36.987 36.985 36.985 36.138 36.137 36.137 36.141
4340    40.762 40.763 40.762 40.762 40.777 40.777 40.776 40.776 40.779 40.779 40.779 40.782
4363    38.368 38.369 38.367 38.360 39.087 39.087 39.084 39.072 39.536 39.536 39.533 39.519
4471    39.624 39.624 39.627 39.650 39.599 39.600 39.608 39.661 39.582 39.585 39.609 39.700
4659    37.743 37.742 37.736 37.712 37.117 37.110 37.095 37.059 36.324 36.315 36.296 36.255
4686    37.446 37.450 37.446 37.442 37.442 37.443 37.437 37.437 37.438 37.438 37.438 37.438
4861    41.088 41.089 41.088 41.088 41.101 41.101 41.100 41.100 41.101 41.101 41.101 41.104
4922    39.056 39.057 39.059 39.075 39.030 39.031 39.035 39.069 39.011 39.013 39.025 39.078
4959    39.591 39.592 39.590 39.586 40.086 40.086 40.084 40.077 40.353 40.353 40.352 40.344
5007    40.069 40.070 40.069 40.064 40.564 40.564 40.562 40.555 40.832 40.832 40.830 40.823
5016    39.387 39.389 39.391 39.414 39.393 39.394 39.398 39.438 39.402 39.403 39.414 39.464
5876    40.060 40.061 40.069 40.121 40.024 40.026 40.045 40.154 40.002 40.008 40.054 40.212
6300    38.215 38.215 38.215 38.214 37.458 37.458 37.459 37.459 36.593 36.593 36.594 36.599
6312    37.957 37.958 37.958 37.956 38.168 38.168 38.165 38.151 37.815 37.815 37.810 37.777
6548    38.242 38.242 38.243 38.243 37.448 37.449 37.456 37.456 36.551 36.559 36.563 36.560
6563    41.560 41.560 41.560 41.557 41.566 41.566 41.565 41.562 41.556 41.556 41.557 41.558
6584    38.712 38.712 38.713 38.713 37.918 37.919 37.926 37.926 37.021 37.029 37.033 37.030
6678    39.514 39.514 39.518 39.545 39.475 39.476 39.484 39.540 39.451 39.453 39.473 39.554
6716    38.832 38.829 38.797 38.612 38.131 38.128 38.096 37.905 37.232 37.229 37.197 37.010
6720    39.063 39.062 39.045 38.947 38.364 38.363 38.344 38.240 37.465 37.463 37.445 37.345
6731    38.680 38.681 38.683 38.678 37.982 37.983 37.983 37.970 37.083 37.084 37.084 37.075
7065    39.346 39.351 39.394 39.610 39.384 39.400 39.497 39.859 39.439 39.494 39.761 40.109
7135    38.607 38.608 38.607 38.604 38.602 38.602 38.601 38.595 38.053 38.053 38.052 38.044
7325    38.428 38.431 38.463 38.641 37.777 37.780 37.808 37.971 37.131 37.133 37.153 37.278
7751    37.990 37.990 37.989 37.987 37.985 37.985 37.983 37.978 37.436 37.436 37.435 37.426
8334    38.165 38.166 38.166 38.177 38.151 38.151 38.151 38.160 38.134 38.134 38.135 38.145
8346    38.220 38.220 38.220 38.229 38.206 38.206 38.206 38.213 38.190 38.190 38.190 38.199
8359    38.278 38.278 38.278 38.285 38.264 38.264 38.263 38.269 38.247 38.247 38.248 38.255
8374    38.338 38.338 38.338 38.343 38.324 38.324 38.324 38.329 38.308 38.308 38.309 38.315
8392    38.401 38.402 38.401 38.405 38.388 38.388 38.387 38.391 38.372 38.372 38.372 38.378
8413    38.468 38.468 38.468 38.471 38.454 38.455 38.454 38.457 38.439 38.439 38.439 38.444
8438    38.538 38.539 38.538 38.541 38.525 38.525 38.524 38.527 38.509 38.509 38.510 38.514
8467    38.613 38.613 38.613 38.614 38.599 38.600 38.599 38.601 38.584 38.584 38.585 38.588
8502    38.692 38.692 38.692 38.693 38.679 38.679 38.678 38.680 38.663 38.663 38.664 38.667
8545    38.776 38.776 38.776 38.777 38.763 38.763 38.762 38.764 38.747 38.747 38.748 38.752
8598    38.866 38.866 38.866 38.867 38.853 38.853 38.853 38.854 38.838 38.838 38.838 38.842
8665    38.963 38.963 38.963 38.964 38.950 38.950 38.950 38.951 38.935 38.935 38.935 38.939
8750    39.068 39.068 39.068 39.068 39.055 39.055 39.055 39.056 39.040 39.040 39.040 39.044
8863    39.182 39.183 39.182 39.183 39.169 39.169 39.169 39.170 39.154 39.154 39.155 39.158
9015    39.325 39.325 39.325 39.326 39.322 39.323 39.321 39.321 39.311 39.311 39.311 39.313
9069    38.776 38.777 38.777 38.777 38.823 38.823 38.820 38.810 38.345 38.344 38.340 38.312
9229    39.465 39.466 39.465 39.466 39.463 39.463 39.462 39.462 39.451 39.451 39.452 39.454
9532    39.171 39.171 39.172 39.171 39.217 39.217 39.215 39.204 38.739 38.739 38.735 38.707
9546    39.622 39.623 39.622 39.623 39.620 39.620 39.619 39.620 39.607 39.607 39.608 39.611
10050   39.804 39.805 39.804 39.805 39.801 39.801 39.800 39.801 39.788 39.788 39.788 39.792
10830   40.296 40.312 40.441 40.900 40.294 40.319 40.496 41.011 40.306 40.343 40.573 41.049
10940   40.018 40.018 40.018 40.019 40.014 40.014 40.014 40.014 39.999 40.000 40.000 40.004
12820   40.268 40.269 40.268 40.269 40.260 40.260 40.259 40.260 40.243 40.243 40.243 40.247
18750   40.595 40.596 40.595 40.589 40.580 40.580 40.579 40.574 40.558 40.558 40.558 40.556
21660   39.485 39.486 39.485 39.487 39.469 39.469 39.468 39.470 39.444 39.444 39.444 39.449
26250   39.705 39.705 39.705 39.704 39.687 39.687 39.686 39.686 39.660 39.660 39.661 39.664
40510   39.974 39.974 39.973 39.961 39.950 39.950 39.949 39.938 39.921 39.921 39.921 39.914
69800   37.217 37.217 37.216 37.207 36.374 36.374 36.373 36.364 35.490 35.491 35.490 35.484
74580   39.498 39.499 39.498 39.478 39.475 39.475 39.473 39.455 39.444 39.444 39.444 39.429
90000   38.301 38.301 38.301 38.297 38.171 38.171 38.170 38.164 37.536 37.536 37.535 37.528
105100  37.983 37.984 37.984 37.975 39.118 39.118 39.117 39.109 39.477 39.477 39.476 39.462
128100  37.760 37.761 37.761 37.761 36.847 36.847 36.847 36.847 35.884 35.885 35.885 35.884
155500  38.753 38.754 38.753 38.747 38.873 38.873 38.872 38.866 38.970 38.970 38.969 38.962
186700  38.666 38.669 38.690 38.754 38.610 38.612 38.625 38.673 38.054 38.055 38.063 38.088
334700  39.006 39.003 38.968 38.703 38.925 38.922 38.890 38.646 38.347 38.344 38.315 38.085
348100  38.016 38.010 37.962 37.665 37.450 37.443 37.387 37.068 36.782 36.773 36.701 36.318
360100  37.708 37.709 37.707 37.694 37.831 37.831 37.829 37.817 37.915 37.915 37.914 37.904
518000  39.014 39.018 39.037 38.963 39.308 39.311 39.328 39.265 39.403 39.405 39.423 39.371
572100  38.166 38.159 38.093 37.713 38.339 38.333 38.270 37.902 37.943 37.937 37.878 37.520
631700  37.671 37.669 37.663 37.602 36.837 36.836 36.828 36.762 35.936 35.935 35.927 35.862
883300  39.259 39.248 39.144 38.590 39.549 39.538 39.443 38.919 39.638 39.628 39.539 39.050
1217000 37.218 37.225 37.113 36.519 36.375 36.384 36.292 35.721 35.476 35.497 35.403 34.827
1455000 36.675 36.673 36.659 36.540 35.841 35.839 35.823 35.692 34.939 34.937 34.921 34.788
1576000 38.749 38.602 38.058 37.195 37.994 37.849 37.291 36.404 37.147 37.000 36.434 35.532
2054000 37.389 37.280 36.721 35.693 36.546 36.446 35.924 34.930 35.648 35.562 35.046 34.036
