303.8   40.531 40.531 40.531 40.532 40.718 40.718 40.718 40.718 40.753 40.753 40.753 40.754
584.3   39.822 39.824 39.837 39.924 39.822 39.824 39.840 39.938 39.818 39.821 39.842 39.946
625.6   41.534 41.533 41.520 41.408 41.533 41.532 41.516 41.382 41.536 41.532 41.500 41.252
972.5   39.302 39.302 39.303 39.304 39.300 39.300 39.301 39.302 39.316 39.316 39.316 39.318
977.0   39.560 39.562 39.570 39.587 40.046 40.047 40.056 40.071 40.179 40.181 40.191 40.213
1026    39.401 39.401 39.402 39.403 39.414 39.414 39.414 39.416 39.438 39.438 39.439 39.444
1216    42.364 42.367 42.386 42.465 42.320 42.322 42.341 42.420 42.287 42.289 42.308 42.390
1335    39.783 39.784 39.787 39.793 39.665 39.665 39.666 39.668 39.410 39.410 39.411 39.411
1397    38.643 38.643 38.649 38.660 39.381 39.382 39.388 39.402 39.562 39.563 39.571 39.586
1486    37.270 37.272 37.280 37.299 38.827 38.828 38.837 38.851 39.559 39.561 39.572 39.595
1549    39.322 39.323 39.328 39.340 40.644 40.645 40.653 40.667 41.420 41.423 41.434 41.455
1640    39.863 39.863 39.863 39.861 39.874 39.874 39.874 39.873 39.873 39.872 39.872 39.872
1665    39.695 39.697 39.704 39.720 40.228 40.229 40.236 40.248 40.401 40.404 40.414 40.435
1750    38.968 38.970 38.977 38.995 39.369 39.370 39.377 39.390 39.170 39.172 39.181 39.198
1888    39.663 39.665 39.672 39.684 39.860 39.861 39.865 39.870 39.281 39.282 39.283 39.281
1909    40.908 40.909 40.915 40.927 41.223 41.223 41.229 41.239 41.083 41.085 41.093 41.108
2326    40.441 40.442 40.446 40.451 39.856 39.857 39.861 39.861 39.016 39.017 39.020 39.019
2400    39.617 39.616 39.615 39.614 38.976 38.975 38.974 38.974 38.482 38.481 38.481 38.481
2471    39.555 39.560 39.598 39.799 38.847 38.851 38.887 39.080 37.995 37.999 38.035 38.226
2798    39.942 39.944 39.948 39.955 39.388 39.389 39.392 39.397 38.860 38.861 38.863 38.868
2829    38.885 38.885 38.886 38.887 38.889 38.888 38.883 38.867 38.893 38.887 38.859 38.720
2836    38.680 38.690 38.749 38.821 39.240 39.246 39.298 39.360 39.361 39.367 39.418 39.482
2945    39.143 39.143 39.143 39.145 39.146 39.145 39.136 39.102 39.150 39.140 39.082 38.842
3096    38.750 38.716 38.499 37.935 39.290 39.254 39.033 38.464 39.400 39.366 39.146 38.582
3188    39.460 39.461 39.460 39.467 39.463 39.461 39.448 39.386 39.466 39.449 39.342 38.992
3203    38.638 38.638 38.638 38.641 38.648 38.648 38.648 38.649 38.643 38.643 38.643 38.642
3671    38.468 38.468 38.469 38.493 38.471 38.471 38.471 38.495 38.474 38.474 38.475 38.500
3674    38.523 38.523 38.523 38.543 38.525 38.525 38.526 38.546 38.528 38.528 38.529 38.551
3676    38.579 38.580 38.580 38.597 38.582 38.582 38.583 38.599 38.585 38.585 38.586 38.605
3679    38.639 38.639 38.640 38.653 38.642 38.642 38.643 38.656 38.645 38.645 38.646 38.661
3683    38.702 38.702 38.703 38.713 38.705 38.705 38.706 38.716 38.708 38.708 38.709 38.722
3687    38.769 38.769 38.769 38.777 38.772 38.772 38.772 38.780 38.775 38.775 38.775 38.786
3692    38.839 38.839 38.839 38.845 38.842 38.842 38.842 38.848 38.845 38.845 38.846 38.854
3697    38.913 38.913 38.913 38.918 38.916 38.916 38.916 38.921 38.919 38.919 38.920 38.927
3704    38.992 38.992 38.992 38.995 38.996 38.996 38.996 38.999 38.999 38.999 38.999 39.005
3712    39.076 39.076 39.076 39.079 39.080 39.080 39.080 39.082 39.083 39.083 39.083 39.089
3722    39.167 39.167 39.167 39.168 39.170 39.170 39.170 39.172 39.173 39.173 39.174 39.178
3727    41.300 41.300 41.294 41.231 40.541 40.540 40.534 40.471 39.687 39.687 39.681 39.622
3734    39.264 39.264 39.264 39.265 39.267 39.267 39.267 39.269 39.270 39.270 39.271 39.275
3750    39.369 39.369 39.369 39.369 39.372 39.372 39.372 39.373 39.375 39.375 39.376 39.380
3771    39.483 39.483 39.483 39.484 39.487 39.487 39.487 39.488 39.490 39.490 39.491 39.494
3798    39.623 39.623 39.623 39.624 39.629 39.629 39.629 39.630 39.633 39.633 39.633 39.636
3820    38.896 38.896 38.898 38.910 38.887 38.887 38.890 38.909 38.886 38.887 38.892 38.916
3835    39.763 39.763 39.764 39.764 39.770 39.770 39.770 39.770 39.774 39.774 39.774 39.778
3869    40.335 40.336 40.338 40.344 40.535 40.535 40.539 40.544 40.599 40.601 40.606 40.617
3889    39.853 39.853 39.855 39.878 39.854 39.851 39.838 39.745 39.855 39.835 39.662 39.245
3889    39.917 39.917 39.918 39.918 39.923 39.923 39.923 39.924 39.927 39.927 39.927 39.931
3965    38.839 38.839 38.841 38.853 38.841 38.842 38.844 38.861 38.847 38.847 38.852 38.870
3968    39.814 39.815 39.817 39.823 40.014 40.014 40.018 40.023 40.078 40.080 40.085 40.096
3970    40.097 40.097 40.097 40.098 40.102 40.102 40.102 40.103 40.105 40.105 40.106 40.110
4026    39.153 39.153 39.154 39.164 39.143 39.143 39.146 39.164 39.142 39.143 39.152 39.182
4070    39.268 39.270 39.286 39.395 38.588 38.589 38.602 38.701 37.730 37.731 37.744 37.843
4074    39.393 39.395 39.411 39.519 38.713 38.714 38.727 38.825 37.855 37.856 37.869 37.967
4102    40.309 40.309 40.309 40.310 40.313 40.313 40.313 40.315 40.316 40.316 40.317 40.321
4300    39.137 39.136 39.135 39.133 38.382 38.381 38.380 38.382 37.536 37.535 37.536 37.545
4340    40.566 40.566 40.566 40.568 40.569 40.569 40.569 40.570 40.570 40.570 40.571 40.575
4363    39.465 39.466 39.471 39.484 39.919 39.920 39.926 39.935 40.044 40.046 40.055 40.071
4471    39.475 39.476 39.478 39.493 39.464 39.464 39.469 39.497 39.462 39.464 39.478 39.522
4659    39.055 39.054 39.051 39.035 38.406 38.401 38.390 38.362 37.554 37.548 37.536 37.510
4686    39.052 39.052 39.051 39.045 39.047 39.047 39.046 39.041 39.027 39.027 39.026 39.025
4861    40.892 40.892 40.892 40.893 40.893 40.893 40.893 40.894 40.893 40.893 40.894 40.898
4922    38.909 38.909 38.910 38.922 38.896 38.897 38.899 38.917 38.894 38.895 38.901 38.925
4959    40.835 40.836 40.839 40.845 41.190 41.191 41.194 41.198 41.262 41.263 41.268 41.277
5007    41.314 41.315 41.317 41.323 41.669 41.669 41.672 41.677 41.741 41.742 41.747 41.756
5016    39.229 39.230 39.232 39.250 39.229 39.229 39.233 39.257 39.233 39.233 39.239 39.264
5876    39.917 39.918 39.923 39.961 39.900 39.901 39.911 39.972 39.897 39.900 39.925 39.998
6300    39.579 39.580 39.581 39.584 38.842 38.843 38.844 38.847 37.967 37.967 37.969 37.978
6312    39.199 39.200 39.204 39.214 39.253 39.254 39.256 39.257 38.722 38.723 38.725 38.716
6548    39.613 39.614 39.617 39.622 38.804 38.807 38.817 38.820 37.900 37.908 37.913 37.917
6563    41.356 41.356 41.356 41.355 41.350 41.350 41.350 41.350 41.347 41.346 41.347 41.349
6584    40.083 40.084 40.087 40.092 39.274 39.277 39.287 39.290 38.370 38.378 38.383 38.387
6678    39.371 39.372 39.374 39.393 39.354 39.354 39.358 39.387 39.350 39.351 39.360 39.396
6716    40.206 40.203 40.172 39.990 39.485 39.482 39.450 39.262 38.603 38.600 38.569 38.386
6720    40.437 40.435 40.420 40.327 39.717 39.715 39.698 39.599 38.835 38.834 38.817 38.723
6731    40.052 40.053 40.058 40.060 39.334 39.334 39.337 39.332 38.453 38.453 38.456 38.455
7065    39.174 39.179 39.218 39.419 39.185 39.201 39.298 39.644 39.202 39.274 39.570 39.848
7135    39.933 39.933 39.935 39.939 39.859 39.859 39.861 39.863 39.272 39.272 39.275 39.275
7325    39.665 39.670 39.708 39.905 38.977 38.981 39.015 39.198 38.253 38.256 38.282 38.427
7751    39.315 39.316 39.318 39.321 39.241 39.241 39.243 39.245 38.654 38.655 38.657 38.658
8334    37.994 37.993 37.994 38.006 37.991 37.991 37.991 38.003 37.992 37.992 37.992 38.006
8346    38.048 38.048 38.049 38.058 38.046 38.046 38.046 38.055 38.047 38.047 38.047 38.059
8359    38.106 38.106 38.106 38.113 38.104 38.104 38.104 38.111 38.104 38.104 38.105 38.114
8374    38.166 38.166 38.166 38.172 38.164 38.164 38.164 38.169 38.165 38.165 38.165 38.173
8392    38.229 38.229 38.229 38.234 38.227 38.227 38.227 38.231 38.228 38.228 38.228 38.235
8413    38.296 38.296 38.296 38.299 38.294 38.294 38.294 38.297 38.295 38.295 38.295 38.301
8438    38.366 38.366 38.366 38.368 38.364 38.364 38.364 38.367 38.365 38.365 38.365 38.370
8467    38.441 38.441 38.441 38.442 38.439 38.439 38.438 38.440 38.440 38.439 38.440 38.444
8502    38.520 38.520 38.520 38.521 38.518 38.518 38.518 38.519 38.519 38.518 38.519 38.523
8545    38.604 38.604 38.604 38.604 38.602 38.602 38.602 38.603 38.603 38.603 38.603 38.607
8598    38.694 38.694 38.694 38.694 38.692 38.692 38.692 38.693 38.693 38.693 38.693 38.696
8665    38.791 38.791 38.791 38.791 38.789 38.789 38.789 38.789 38.790 38.790 38.790 38.793
8750    38.896 38.896 38.896 38.896 38.894 38.894 38.894 38.894 38.895 38.895 38.895 38.898
8863    39.010 39.010 39.010 39.010 39.008 39.008 39.008 39.008 39.009 39.009 39.009 39.012
9015    39.143 39.143 39.143 39.145 39.142 39.142 39.142 39.144 39.142 39.142 39.143 39.147
9069    40.114 40.115 40.118 40.123 40.092 40.092 40.093 40.089 39.508 39.509 39.508 39.494
9229    39.283 39.283 39.283 39.285 39.282 39.282 39.282 39.283 39.282 39.282 39.283 39.287
9532    40.509 40.509 40.512 40.517 40.486 40.486 40.487 40.484 39.903 39.903 39.902 39.888
9546    39.439 39.439 39.439 39.441 39.437 39.437 39.437 39.439 39.437 39.437 39.438 39.442
10050   39.619 39.619 39.620 39.621 39.617 39.617 39.617 39.618 39.616 39.616 39.616 39.621
10830   40.139 40.153 40.267 40.702 40.135 40.153 40.290 40.750 40.139 40.164 40.323 40.697
10940   39.831 39.831 39.831 39.833 39.827 39.827 39.827 39.829 39.826 39.826 39.826 39.831
12820   40.084 40.084 40.084 40.085 40.078 40.078 40.078 40.079 40.076 40.076 40.076 40.080
18750   40.411 40.411 40.411 40.405 40.400 40.400 40.400 40.394 40.396 40.396 40.396 40.393
21660   39.305 39.305 39.305 39.307 39.296 39.296 39.296 39.298 39.293 39.293 39.293 39.297
26250   39.522 39.522 39.522 39.522 39.510 39.510 39.510 39.510 39.505 39.505 39.505 39.508
40510   39.793 39.793 39.793 39.780 39.778 39.778 39.777 39.765 39.771 39.771 39.771 39.761
69800   38.661 38.662 38.661 38.653 37.806 37.806 37.805 37.796 36.876 36.876 36.875 36.869
74580   39.315 39.315 39.314 39.293 39.296 39.296 39.295 39.275 39.288 39.288 39.287 39.269
90000   39.694 39.694 39.694 39.692 39.558 39.558 39.559 39.555 38.935 38.935 38.935 38.930
105100  39.340 39.340 39.342 39.333 40.457 40.457 40.457 40.447 40.811 40.811 40.810 40.794
128100  39.209 39.210 39.211 39.213 38.325 38.325 38.326 38.326 37.384 37.385 37.385 37.383
155500  40.137 40.137 40.137 40.133 40.219 40.219 40.219 40.216 40.235 40.235 40.236 40.236
186700  40.063 40.065 40.090 40.159 39.993 39.995 40.016 40.074 39.379 39.382 39.399 39.443
334700  40.414 40.410 40.373 40.093 40.334 40.331 40.292 40.014 39.715 39.711 39.672 39.390
348100  39.459 39.453 39.402 39.098 38.834 38.827 38.771 38.450 37.977 37.970 37.915 37.592
360100  39.091 39.091 39.090 39.079 39.174 39.174 39.173 39.163 39.191 39.191 39.191 39.184
518000  40.388 40.392 40.414 40.333 40.658 40.663 40.689 40.596 40.693 40.710 40.745 40.583
572100  39.533 39.526 39.459 39.073 39.687 39.680 39.614 39.230 39.318 39.311 39.245 38.865
631700  39.049 39.049 39.048 39.016 38.217 38.216 38.211 38.152 37.304 37.303 37.297 37.241
883300  40.636 40.623 40.512 39.943 40.903 40.887 40.760 40.196 40.933 40.891 40.676 40.120
1217000 38.649 38.656 38.537 37.939 37.792 37.803 37.707 37.127 36.873 36.894 36.794 36.214
1455000 38.052 38.051 38.044 37.955 37.220 37.219 37.205 37.082 36.306 36.304 36.290 36.166
1576000 40.187 40.032 39.478 38.637 39.396 39.241 38.670 37.785 38.431 38.280 37.714 36.831
2054000 38.820 38.706 38.133 37.116 37.963 37.859 37.330 36.333 37.045 36.956 36.428 35.418
