# L24
# energy
# AKARI, http://www.ir.isas.jaxa.jp/ASTRO-F/Observation/RSRF/IRC_FAD/index.html
1.0000E+05 0.0000E+00
1.0001E+05 5.2084E-04
1.0011E+05 4.9212E-04
1.0020E+05 3.9782E-04
1.0030E+05 5.1441E-04
1.0040E+05 5.9602E-04
1.0049E+05 4.9051E-04
1.0059E+05 5.2875E-04
1.0069E+05 6.1902E-04
1.0079E+05 6.0312E-04
1.0088E+05 8.5213E-04
1.0098E+05 9.9624E-04
1.0108E+05 8.1412E-04
1.0118E+05 7.3252E-04
1.0128E+05 6.6296E-04
1.0138E+05 6.4352E-04
1.0148E+05 8.4120E-04
1.0158E+05 7.7074E-04
1.0168E+05 7.3645E-04
1.0178E+05 8.9632E-04
1.0188E+05 7.4457E-04
1.0198E+05 9.2893E-04
1.0208E+05 1.1158E-03
1.0218E+05 8.7413E-04
1.0228E+05 1.1375E-03
1.0238E+05 1.1802E-03
1.0248E+05 9.7128E-04
1.0258E+05 1.2347E-03
1.0268E+05 1.0788E-03
1.0278E+05 8.0904E-04
1.0289E+05 9.6397E-04
1.0299E+05 1.0457E-03
1.0309E+05 1.5191E-03
1.0319E+05 1.6266E-03
1.0330E+05 1.0813E-03
1.0340E+05 1.1248E-03
1.0350E+05 1.5344E-03
1.0361E+05 1.2920E-03
1.0371E+05 9.1397E-04
1.0381E+05 1.1108E-03
1.0392E+05 1.4224E-03
1.0402E+05 1.4024E-03
1.0413E+05 1.2688E-03
1.0423E+05 1.1035E-03
1.0434E+05 1.0628E-03
1.0444E+05 1.5282E-03
1.0455E+05 1.4137E-03
1.0465E+05 1.3605E-03
1.0476E+05 1.6936E-03
1.0486E+05 1.1390E-03
1.0497E+05 1.0324E-03
1.0508E+05 1.3392E-03
1.0518E+05 1.1524E-03
1.0529E+05 1.3809E-03
1.0540E+05 1.5944E-03
1.0550E+05 1.5859E-03
1.0561E+05 1.5592E-03
1.0572E+05 1.3809E-03
1.0583E+05 1.3821E-03
1.0593E+05 1.4587E-03
1.0604E+05 1.3775E-03
1.0615E+05 1.1521E-03
1.0626E+05 1.3808E-03
1.0637E+05 1.5106E-03
1.0648E+05 9.5299E-04
1.0659E+05 1.0864E-03
1.0670E+05 1.5847E-03
1.0681E+05 1.2858E-03
1.0692E+05 9.7619E-04
1.0703E+05 1.0312E-03
1.0714E+05 9.3681E-04
1.0725E+05 1.1710E-03
1.0736E+05 1.3755E-03
1.0747E+05 1.0613E-03
1.0758E+05 1.2708E-03
1.0769E+05 1.5453E-03
1.0781E+05 1.0779E-03
1.0792E+05 6.2337E-04
1.0803E+05 8.9566E-04
1.0814E+05 1.2851E-03
1.0826E+05 1.0180E-03
1.0837E+05 8.4981E-04
1.0848E+05 8.3375E-04
1.0860E+05 8.9572E-04
1.0871E+05 1.1136E-03
1.0882E+05 1.2220E-03
1.0894E+05 1.0363E-03
1.0905E+05 9.0708E-04
1.0917E+05 9.5194E-04
1.0928E+05 1.0747E-03
1.0940E+05 1.2135E-03
1.0951E+05 1.2074E-03
1.0963E+05 7.2456E-04
1.0975E+05 9.3647E-04
1.0986E+05 1.2524E-03
1.0998E+05 5.7523E-04
1.1010E+05 9.1708E-04
1.1021E+05 1.5679E-03
1.1033E+05 1.1263E-03
1.1045E+05 7.1525E-04
1.1056E+05 5.7518E-04
1.1068E+05 8.4082E-04
1.1080E+05 1.0034E-03
1.1092E+05 7.7019E-04
1.1104E+05 1.2668E-03
1.1116E+05 1.3322E-03
1.1128E+05 8.8544E-04
1.1140E+05 1.1644E-03
1.1152E+05 1.3960E-03
1.1164E+05 1.2225E-03
1.1176E+05 1.3789E-03
1.1188E+05 1.1749E-03
1.1200E+05 7.6398E-04
1.1212E+05 7.1734E-04
1.1224E+05 6.0753E-04
1.1236E+05 8.8704E-04
1.1248E+05 1.4091E-03
1.1261E+05 9.8024E-04
1.1273E+05 8.8161E-04
1.1285E+05 1.2419E-03
1.1297E+05 1.0056E-03
1.1310E+05 1.0029E-03
1.1322E+05 9.7373E-04
1.1334E+05 1.0939E-03
1.1347E+05 8.6660E-04
1.1359E+05 8.4811E-05
1.1372E+05 4.8694E-04
1.1384E+05 1.0126E-03
1.1397E+05 8.7197E-04
1.1409E+05 6.4931E-04
1.1422E+05 6.1972E-04
1.1434E+05 9.5745E-04
1.1447E+05 1.1268E-03
1.1460E+05 1.0196E-03
1.1472E+05 9.9215E-04
1.1485E+05 1.0982E-03
1.1498E+05 6.9341E-04
1.1511E+05 4.7660E-04
1.1523E+05 7.4947E-04
1.1536E+05 5.3579E-04
1.1549E+05 7.4473E-04
1.1562E+05 1.0965E-03
1.1575E+05 1.2294E-03
1.1588E+05 8.0230E-04
1.1601E+05 2.2314E-04
1.1614E+05 9.4567E-04
1.1627E+05 5.7774E-04
1.1640E+05 1.3314E-04
1.1653E+05 5.0646E-04
1.1666E+05 7.7895E-04
1.1679E+05 3.5401E-04
1.1692E+05 3.9550E-04
1.1705E+05 4.2842E-04
1.1719E+05 7.7307E-04
1.1732E+05 8.3587E-04
1.1745E+05 4.8765E-04
1.1758E+05 5.5880E-04
1.1772E+05 4.8413E-04
1.1785E+05 3.4471E-04
1.1799E+05 8.9371E-04
1.1812E+05 8.9071E-04
1.1825E+05 2.4689E-04
1.1839E+05 2.5772E-04
1.1853E+05 6.7528E-04
1.1866E+05 6.6369E-04
1.1880E+05 4.2296E-04
1.1893E+05 2.2277E-04
1.1907E+05 2.6531E-04
1.1921E+05 4.5355E-04
1.1934E+05 6.1658E-04
1.1948E+05 2.1596E-04
1.1962E+05 6.0146E-04
1.1976E+05 9.2809E-04
1.1990E+05 5.6701E-04
1.2003E+05 1.0978E-04
1.2017E+05 2.7826E-04
1.2031E+05 9.7802E-05
1.2045E+05 2.4044E-04
1.2059E+05 4.8180E-04
1.2073E+05 3.3158E-04
1.2087E+05 2.0358E-04
1.2101E+05 6.3593E-04
1.2116E+05 8.5379E-05
1.2130E+05 1.9012E-04
1.2144E+05 5.9108E-04
1.2158E+05 2.2256E-04
1.2172E+05 4.7232E-04
1.2187E+05 3.2968E-04
1.2201E+05 0.0000E+00
1.2216E+05 2.4460E-04
1.2230E+05 6.4421E-04
1.2244E+05 1.9155E-04
1.2259E+05 3.3481E-04
1.2273E+05 4.0281E-04
1.2288E+05 4.5199E-04
1.2302E+05 7.3937E-05
1.2317E+05 0.0000E+00
1.2332E+05 2.0637E-04
1.2346E+05 4.1842E-04
1.2361E+05 2.2166E-04
1.2376E+05 6.1439E-05
1.2391E+05 4.1652E-04
1.2405E+05 2.1176E-04
1.2420E+05 0.0000E+00
1.2435E+05 4.0518E-04
1.2450E+05 6.5209E-04
1.2465E+05 3.3451E-04
1.2480E+05 6.7251E-04
1.2495E+05 7.6296E-04
1.2510E+05 6.7333E-05
1.2525E+05 0.0000E+00
1.2540E+05 4.3674E-04
1.2556E+05 1.4073E-04
1.2571E+05 3.8465E-04
1.2586E+05 7.9903E-04
1.2601E+05 8.3643E-05
1.2617E+05 5.8331E-05
1.2632E+05 5.2747E-04
1.2648E+05 4.6739E-04
1.2663E+05 6.6903E-04
1.2678E+05 0.0000E+00
1.2694E+05 1.5034E-04
1.2710E+05 7.4979E-04
1.2725E+05 7.0971E-05
1.2741E+05 0.0000E+00
1.2756E+05 5.2430E-04
1.2772E+05 6.8849E-04
1.2788E+05 9.0048E-04
1.2804E+05 5.9281E-04
1.2819E+05 5.0343E-04
1.2835E+05 1.0792E-03
1.2851E+05 3.4166E-04
1.2867E+05 3.0248E-04
1.2883E+05 3.1218E-04
1.2899E+05 2.3498E-04
1.2915E+05 4.3434E-04
1.2931E+05 4.9045E-04
1.2948E+05 6.0522E-04
1.2964E+05 8.6780E-05
1.2980E+05 3.8719E-04
1.2996E+05 0.0000E+00
1.3012E+05 1.2167E-04
1.3029E+05 3.5845E-04
1.3045E+05 1.4198E-04
1.3062E+05 4.0115E-04
1.3078E+05 3.9335E-04
1.3095E+05 3.2636E-04
1.3111E+05 3.6214E-06
1.3128E+05 7.3298E-04
1.3144E+05 6.4532E-04
1.3161E+05 4.0866E-05
1.3178E+05 1.2004E-04
1.3195E+05 5.2625E-04
1.3211E+05 1.2690E-04
1.3228E+05 3.1084E-04
1.3245E+05 8.3473E-04
1.3262E+05 6.4849E-04
1.3279E+05 7.4253E-04
1.3296E+05 4.0719E-04
1.3313E+05 5.6631E-04
1.3330E+05 4.2722E-04
1.3347E+05 0.0000E+00
1.3365E+05 5.2401E-04
1.3382E+05 2.0012E-04
1.3399E+05 3.3803E-04
1.3416E+05 7.6336E-04
1.3434E+05 0.0000E+00
1.3451E+05 4.9531E-06
1.3469E+05 5.3690E-04
1.3486E+05 1.1085E-03
1.3504E+05 6.2656E-04
1.3521E+05 9.2665E-04
1.3539E+05 6.4700E-04
1.3557E+05 0.0000E+00
1.3575E+05 4.8558E-05
1.3592E+05 5.6870E-04
1.3610E+05 5.0501E-04
1.3628E+05 6.4149E-04
1.3646E+05 7.6837E-04
1.3664E+05 3.5547E-04
1.3682E+05 5.9099E-04
1.3700E+05 0.0000E+00
1.3718E+05 2.3860E-04
1.3736E+05 0.0000E+00
1.3755E+05 4.2300E-04
1.3773E+05 7.1551E-04
1.3791E+05 9.5929E-05
1.3810E+05 3.7002E-04
1.3828E+05 2.0546E-04
1.3846E+05 6.1080E-04
1.3865E+05 1.0435E-03
1.3883E+05 3.2110E-03
1.3902E+05 3.0413E-03
1.3921E+05 1.4892E-03
1.3939E+05 3.4675E-03
1.3958E+05 2.6740E-03
1.3977E+05 1.8875E-03
1.3996E+05 3.2049E-03
1.4015E+05 2.9279E-03
1.4034E+05 3.8195E-03
1.4053E+05 3.8415E-03
1.4072E+05 2.0439E-03
1.4091E+05 2.9522E-03
1.4110E+05 5.1104E-03
1.4129E+05 5.5800E-03
1.4149E+05 4.7753E-03
1.4168E+05 3.4831E-03
1.4187E+05 4.3798E-03
1.4207E+05 4.9282E-03
1.4226E+05 2.8600E-03
1.4246E+05 3.3172E-03
1.4265E+05 2.3870E-03
1.4285E+05 1.8838E-03
1.4305E+05 4.4016E-03
1.4325E+05 5.6353E-03
1.4344E+05 7.5442E-03
1.4364E+05 5.8979E-03
1.4384E+05 3.2939E-03
1.4404E+05 6.1455E-03
1.4424E+05 7.8980E-03
1.4444E+05 4.2459E-03
1.4464E+05 0.0000E+00
1.4485E+05 4.3814E-03
1.4505E+05 8.9360E-03
1.4525E+05 3.4807E-03
1.4546E+05 4.3129E-03
1.4566E+05 7.4406E-03
1.4586E+05 2.1888E-03
1.4607E+05 3.8540E-03
1.4628E+05 8.6977E-03
1.4648E+05 8.2224E-03
1.4669E+05 1.0035E-02
1.4690E+05 1.1025E-02
1.4711E+05 7.5436E-03
1.4731E+05 6.7487E-03
1.4752E+05 7.2955E-03
1.4773E+05 5.8062E-03
1.4795E+05 4.8386E-03
1.4816E+05 4.2959E-03
1.4837E+05 4.3820E-03
1.4858E+05 5.8969E-03
1.4879E+05 6.6076E-03
1.4901E+05 3.4160E-03
1.4922E+05 3.0698E-03
1.4944E+05 5.8109E-03
1.4965E+05 2.0350E-03
1.4987E+05 9.5087E-05
1.5009E+05 5.3509E-03
1.5030E+05 5.3013E-03
1.5052E+05 5.3180E-03
1.5074E+05 8.6513E-03
1.5096E+05 4.9274E-03
1.5118E+05 5.7540E-03
1.5140E+05 7.3803E-03
1.5162E+05 2.6893E-03
1.5184E+05 2.6367E-03
1.5207E+05 5.5988E-03
1.5229E+05 6.3839E-03
1.5251E+05 6.1960E-03
1.5274E+05 1.9655E-03
1.5296E+05 1.4674E-03
1.5319E+05 4.2760E-03
1.5342E+05 2.4622E-03
1.5364E+05 4.2346E-04
1.5387E+05 3.7964E-03
1.5410E+05 3.3539E-03
1.5433E+05 5.4197E-04
1.5456E+05 2.1276E-03
1.5479E+05 2.9674E-03
1.5502E+05 1.9090E-03
1.5525E+05 2.2926E-03
1.5549E+05 3.1489E-03
1.5572E+05 2.4435E-03
1.5595E+05 5.4366E-03
1.5619E+05 4.0635E-03
1.5642E+05 1.5238E-03
1.5666E+05 1.9017E-03
1.5690E+05 1.0771E-03
1.5714E+05 2.5816E-03
1.5737E+05 1.4894E-03
1.5761E+05 1.4032E-03
1.5785E+05 2.9442E-03
1.5809E+05 3.6251E-03
1.5834E+05 2.1399E-03
1.5858E+05 1.9148E-03
1.5882E+05 2.8865E-04
1.5906E+05 1.6032E-03
1.5931E+05 2.3308E-04
1.5955E+05 1.9423E-03
1.5980E+05 1.0098E-03
1.6005E+05 3.9521E-04
1.6029E+05 1.4709E-03
1.6054E+05 8.9821E-05
1.6079E+05 1.0942E-03
1.6104E+05 1.0978E-03
1.6129E+05 2.4619E-04
1.6154E+05 1.1574E-03
1.6179E+05 1.9912E-03
1.6205E+05 9.3582E-04
1.6230E+05 5.4519E-04
1.6255E+05 2.1526E-03
1.6281E+05 2.5123E-03
1.6307E+05 3.2333E-04
1.6332E+05 5.0370E-04
1.6358E+05 3.9985E-04
1.6384E+05 1.2182E-03
1.6410E+05 7.2941E-04
1.6436E+05 1.1124E-03
1.6462E+05 9.4676E-04
1.6488E+05 1.1891E-03
1.6514E+05 1.8230E-03
1.6541E+05 6.7167E-05
1.6567E+05 2.3682E-03
1.6594E+05 7.2148E-04
1.6620E+05 0.0000E+00
1.6647E+05 1.9703E-03
1.6674E+05 0.0000E+00
1.6700E+05 2.5789E-03
1.6727E+05 4.2063E-04
1.6754E+05 1.6216E-03
1.6781E+05 0.0000E+00
1.6809E+05 1.0038E-04
1.6836E+05 5.0599E-04
1.6863E+05 9.7686E-04
1.6891E+05 1.8667E-03
1.6918E+05 0.0000E+00
1.6946E+05 1.3449E-03
1.6974E+05 0.0000E+00
1.7002E+05 1.1757E-03
1.7029E+05 7.2111E-04
1.7057E+05 0.0000E+00
1.7086E+05 1.2984E-03
1.7114E+05 8.9250E-04
1.7142E+05 3.3506E-03
1.7170E+05 3.2654E-03
1.7199E+05 0.0000E+00
1.7227E+05 1.4724E-05
1.7256E+05 0.0000E+00
1.7285E+05 4.1079E-04
1.7314E+05 1.1712E-03
1.7343E+05 2.3821E-03
1.7372E+05 8.1696E-04
1.7401E+05 1.0202E-03
1.7430E+05 3.4104E-03
1.7460E+05 2.3466E-03
1.7489E+05 3.2068E-04
1.7518E+05 4.9470E-04
1.7548E+05 1.7263E-03
1.7578E+05 6.0767E-04
1.7608E+05 1.7454E-03
1.7638E+05 1.2108E-03
1.7668E+05 2.6381E-03
1.7698E+05 7.6406E-04
1.7728E+05 0.0000E+00
1.7758E+05 1.9448E-03
1.7789E+05 3.1796E-03
1.7820E+05 2.5287E-03
1.7850E+05 2.5207E-03
1.7881E+05 4.3073E-03
1.7912E+05 4.5042E-03
1.7943E+05 2.7167E-03
1.7974E+05 2.0862E-03
1.8005E+05 2.8102E-03
1.8036E+05 4.5951E-03
1.8068E+05 5.6192E-03
1.8099E+05 4.6171E-03
1.8131E+05 5.1901E-03
1.8163E+05 6.6469E-03
1.8195E+05 5.0049E-03
1.8227E+05 6.0266E-03
1.8259E+05 8.1220E-03
1.8291E+05 8.0746E-03
1.8323E+05 7.7405E-03
1.8356E+05 7.7333E-03
1.8388E+05 9.3812E-03
1.8421E+05 1.0785E-02
1.8454E+05 1.2268E-02
1.8487E+05 1.1570E-02
1.8520E+05 9.5125E-03
1.8553E+05 1.1295E-02
1.8586E+05 1.1792E-02
1.8619E+05 9.5782E-03
1.8653E+05 1.2876E-02
1.8686E+05 1.4380E-02
1.8720E+05 1.1955E-02
1.8754E+05 1.1949E-02
1.8788E+05 1.0837E-02
1.8822E+05 1.2651E-02
1.8856E+05 1.7421E-02
1.8891E+05 1.5102E-02
1.8925E+05 1.3221E-02
1.8960E+05 1.4991E-02
1.8994E+05 1.7110E-02
1.9029E+05 2.0528E-02
1.9064E+05 2.0228E-02
1.9099E+05 1.8311E-02
1.9135E+05 1.8853E-02
1.9170E+05 2.0721E-02
1.9205E+05 2.3654E-02
1.9241E+05 2.4067E-02
1.9277E+05 2.5137E-02
1.9313E+05 2.8471E-02
1.9349E+05 2.8845E-02
1.9385E+05 3.1171E-02
1.9421E+05 3.4565E-02
1.9458E+05 3.8077E-02
1.9494E+05 4.3016E-02
1.9531E+05 4.6109E-02
1.9568E+05 5.0556E-02
1.9605E+05 5.5894E-02
1.9642E+05 5.9778E-02
1.9679E+05 6.4281E-02
1.9717E+05 6.7829E-02
1.9754E+05 7.5015E-02
1.9792E+05 8.3052E-02
1.9830E+05 8.7353E-02
1.9868E+05 9.4857E-02
1.9906E+05 1.0502E-01
1.9944E+05 1.1636E-01
1.9983E+05 1.2896E-01
2.0021E+05 1.4156E-01
2.0060E+05 1.5834E-01
2.0099E+05 1.7993E-01
2.0138E+05 2.0345E-01
2.0177E+05 2.2893E-01
2.0216E+05 2.5711E-01
2.0256E+05 2.8593E-01
2.0295E+05 3.1701E-01
2.0335E+05 3.5238E-01
2.0375E+05 3.9039E-01
2.0415E+05 4.3083E-01
2.0456E+05 4.6963E-01
2.0496E+05 5.1167E-01
2.0537E+05 5.5398E-01
2.0577E+05 5.9202E-01
2.0618E+05 6.2681E-01
2.0659E+05 6.6151E-01
2.0700E+05 6.9139E-01
2.0742E+05 7.1517E-01
2.0783E+05 7.4091E-01
2.0825E+05 7.7133E-01
2.0867E+05 7.8938E-01
2.0909E+05 8.0220E-01
2.0951E+05 8.2329E-01
2.0994E+05 8.3477E-01
2.1036E+05 8.4679E-01
2.1079E+05 8.6588E-01
2.1122E+05 8.8000E-01
2.1165E+05 8.9061E-01
2.1208E+05 9.0889E-01
2.1252E+05 9.2256E-01
2.1296E+05 9.2969E-01
2.1339E+05 9.4414E-01
2.1383E+05 9.6271E-01
2.1428E+05 9.6634E-01
2.1472E+05 9.6694E-01
2.1516E+05 9.7841E-01
2.1561E+05 9.8483E-01
2.1606E+05 9.8279E-01
2.1651E+05 9.9030E-01
2.1697E+05 9.9952E-01
2.1742E+05 9.9806E-01
2.1788E+05 9.9651E-01
2.1834E+05 9.9815E-01
2.1880E+05 1.0000E+00
2.1926E+05 9.9669E-01
2.1972E+05 9.9621E-01
2.2019E+05 9.9392E-01
2.2066E+05 9.8113E-01
2.2113E+05 9.7978E-01
2.2160E+05 9.8191E-01
2.2208E+05 9.7369E-01
2.2255E+05 9.7154E-01
2.2303E+05 9.7189E-01
2.2351E+05 9.6884E-01
2.2399E+05 9.6915E-01
2.2448E+05 9.7264E-01
2.2497E+05 9.6587E-01
2.2546E+05 9.5172E-01
2.2595E+05 9.5402E-01
2.2644E+05 9.4672E-01
2.2694E+05 9.3043E-01
2.2743E+05 9.2490E-01
2.2793E+05 9.2396E-01
2.2843E+05 9.2518E-01
2.2894E+05 9.1994E-01
2.2945E+05 9.2063E-01
2.2995E+05 9.2345E-01
2.3047E+05 9.2441E-01
2.3098E+05 9.4114E-01
2.3149E+05 9.5638E-01
2.3201E+05 9.6173E-01
2.3253E+05 9.7099E-01
2.3305E+05 9.7448E-01
2.3358E+05 9.7406E-01
2.3411E+05 9.7740E-01
2.3464E+05 9.8494E-01
2.3517E+05 9.7954E-01
2.3570E+05 9.6170E-01
2.3624E+05 9.5776E-01
2.3678E+05 9.4630E-01
2.3732E+05 9.2991E-01
2.3787E+05 9.2018E-01
2.3841E+05 9.0788E-01
2.3896E+05 8.9349E-01
2.3951E+05 8.8741E-01
2.4007E+05 8.7832E-01
2.4063E+05 8.6326E-01
2.4118E+05 8.5293E-01
2.4175E+05 8.5025E-01
2.4231E+05 8.3689E-01
2.4288E+05 8.2355E-01
2.4345E+05 8.1941E-01
2.4402E+05 8.0411E-01
2.4460E+05 7.8560E-01
2.4518E+05 7.8091E-01
2.4576E+05 7.7640E-01
2.4634E+05 7.6416E-01
2.4693E+05 7.6219E-01
2.4752E+05 7.6468E-01
2.4811E+05 7.5398E-01
2.4870E+05 7.4802E-01
2.4930E+05 7.5314E-01
2.4990E+05 7.4947E-01
2.5051E+05 7.2010E-01
2.5111E+05 6.9403E-01
2.5172E+05 6.6598E-01
2.5233E+05 6.3810E-01
2.5295E+05 6.1493E-01
2.5357E+05 5.8990E-01
2.5419E+05 5.5937E-01
2.5481E+05 5.3395E-01
2.5544E+05 5.2272E-01
2.5607E+05 5.1194E-01
2.5671E+05 5.0645E-01
2.5734E+05 5.0193E-01
2.5798E+05 4.8415E-01
2.5863E+05 4.6142E-01
2.5927E+05 4.4469E-01
2.5992E+05 4.2796E-01
2.6058E+05 4.1228E-01
2.6123E+05 3.9950E-01
2.6189E+05 3.8611E-01
2.6256E+05 3.7295E-01
2.6322E+05 3.7690E-01
2.6389E+05 3.7723E-01
2.6456E+05 3.7190E-01
2.6524E+05 3.6709E-01
2.6592E+05 3.5158E-01
2.6661E+05 3.2858E-01
2.6729E+05 3.0257E-01
2.6798E+05 2.8117E-01
2.6868E+05 2.6331E-01
2.6938E+05 2.4297E-01
2.7008E+05 2.2332E-01
2.7078E+05 2.1806E-01
2.7149E+05 2.0961E-01
2.7220E+05 2.0028E-01
2.7292E+05 1.9437E-01
2.7364E+05 1.8303E-01
2.7436E+05 1.7133E-01
2.7509E+05 1.6404E-01
2.7582E+05 1.5810E-01
2.7656E+05 1.5039E-01
2.7730E+05 1.4420E-01
2.7804E+05 1.3895E-01
2.7879E+05 1.3300E-01
2.7954E+05 1.2684E-01
2.8030E+05 1.1700E-01
2.8106E+05 1.0114E-01
2.8182E+05 8.6308E-02
2.8259E+05 7.3087E-02
2.8336E+05 6.0039E-02
2.8414E+05 4.6922E-02
2.8492E+05 3.5250E-02
2.8570E+05 3.3459E-02
2.8649E+05 3.2176E-02
2.8728E+05 0.0000E+00
