# S11
# energy
# AKARI, http://www.ir.isas.jaxa.jp/ASTRO-F/Observation/RSRF/IRC_FAD/index.html
4.7356E+04 1.1032E-04
4.7377E+04 1.1051E-04
4.7399E+04 1.0373E-04
4.7421E+04 1.0882E-04
4.7442E+04 1.1429E-04
4.7464E+04 1.0759E-04
4.7486E+04 1.0523E-04
4.7508E+04 1.1647E-04
4.7529E+04 1.2389E-04
4.7551E+04 1.2488E-04
4.7573E+04 1.2352E-04
4.7595E+04 1.2872E-04
4.7617E+04 1.3883E-04
4.7639E+04 1.3555E-04
4.7660E+04 1.3910E-04
4.7682E+04 1.4447E-04
4.7704E+04 1.4095E-04
4.7726E+04 1.5610E-04
4.7748E+04 1.6290E-04
4.7770E+04 1.6044E-04
4.7792E+04 1.6889E-04
4.7814E+04 1.6432E-04
4.7836E+04 1.6732E-04
4.7858E+04 1.7631E-04
4.7881E+04 1.7751E-04
4.7903E+04 1.8428E-04
4.7925E+04 1.8119E-04
4.7947E+04 1.8392E-04
4.7969E+04 1.9851E-04
4.7991E+04 1.9639E-04
4.8014E+04 2.0452E-04
4.8036E+04 2.2143E-04
4.8058E+04 2.0439E-04
4.8080E+04 1.9055E-04
4.8103E+04 2.1388E-04
4.8125E+04 2.3018E-04
4.8147E+04 2.2268E-04
4.8170E+04 2.1834E-04
4.8192E+04 2.3507E-04
4.8214E+04 2.4955E-04
4.8237E+04 2.4191E-04
4.8259E+04 2.4889E-04
4.8282E+04 2.6272E-04
4.8304E+04 2.5837E-04
4.8327E+04 2.6343E-04
4.8349E+04 2.6181E-04
4.8372E+04 2.5694E-04
4.8394E+04 2.7688E-04
4.8417E+04 2.7751E-04
4.8440E+04 2.6959E-04
4.8462E+04 2.8651E-04
4.8485E+04 2.9875E-04
4.8508E+04 3.1281E-04
4.8530E+04 3.3000E-04
4.8553E+04 3.2183E-04
4.8576E+04 3.2287E-04
4.8598E+04 3.3237E-04
4.8621E+04 3.2738E-04
4.8644E+04 3.3414E-04
4.8667E+04 3.3756E-04
4.8690E+04 3.4143E-04
4.8713E+04 3.5340E-04
4.8736E+04 3.4840E-04
4.8758E+04 3.3994E-04
4.8781E+04 3.3817E-04
4.8804E+04 3.5915E-04
4.8827E+04 3.9221E-04
4.8850E+04 3.9594E-04
4.8873E+04 3.8550E-04
4.8896E+04 3.8188E-04
4.8919E+04 3.9650E-04
4.8943E+04 4.2069E-04
4.8966E+04 4.3320E-04
4.8989E+04 4.5041E-04
4.9012E+04 4.6155E-04
4.9035E+04 4.3079E-04
4.9058E+04 4.1615E-04
4.9081E+04 4.5653E-04
4.9105E+04 4.7519E-04
4.9128E+04 4.6047E-04
4.9151E+04 4.5216E-04
4.9175E+04 4.7642E-04
4.9198E+04 5.0005E-04
4.9221E+04 4.8623E-04
4.9245E+04 5.0486E-04
4.9268E+04 5.0302E-04
4.9291E+04 4.7581E-04
4.9315E+04 5.2177E-04
4.9338E+04 5.4080E-04
4.9362E+04 5.1927E-04
4.9385E+04 5.2577E-04
4.9409E+04 5.6763E-04
4.9432E+04 5.9312E-04
4.9456E+04 5.5860E-04
4.9480E+04 5.7628E-04
4.9503E+04 6.0043E-04
4.9527E+04 5.7754E-04
4.9550E+04 5.9625E-04
4.9574E+04 5.9872E-04
4.9598E+04 6.1386E-04
4.9622E+04 6.6449E-04
4.9645E+04 6.4332E-04
4.9669E+04 6.3544E-04
4.9693E+04 6.8123E-04
4.9717E+04 6.8468E-04
4.9741E+04 6.8569E-04
4.9764E+04 6.8503E-04
4.9788E+04 6.6041E-04
4.9812E+04 6.7986E-04
4.9836E+04 7.2735E-04
4.9860E+04 7.4811E-04
4.9884E+04 7.1778E-04
4.9908E+04 7.0189E-04
4.9932E+04 7.4755E-04
4.9956E+04 7.3814E-04
4.9980E+04 7.0963E-04
5.0004E+04 7.5128E-04
5.0029E+04 7.7282E-04
5.0053E+04 7.6026E-04
5.0077E+04 7.5627E-04
5.0101E+04 7.7406E-04
5.0125E+04 8.1984E-04
5.0150E+04 8.3351E-04
5.0174E+04 7.9548E-04
5.0198E+04 7.8233E-04
5.0222E+04 8.2476E-04
5.0247E+04 8.6056E-04
5.0271E+04 8.5268E-04
5.0295E+04 8.5415E-04
5.0320E+04 8.7795E-04
5.0344E+04 9.0511E-04
5.0369E+04 9.2535E-04
5.0393E+04 9.0032E-04
5.0418E+04 8.7726E-04
5.0442E+04 9.0563E-04
5.0467E+04 9.2332E-04
5.0491E+04 9.0428E-04
5.0516E+04 8.8723E-04
5.0541E+04 9.1856E-04
5.0565E+04 9.6187E-04
5.0590E+04 9.3371E-04
5.0615E+04 9.1637E-04
5.0639E+04 9.5508E-04
5.0664E+04 9.9569E-04
5.0689E+04 1.0558E-03
5.0714E+04 1.0526E-03
5.0738E+04 1.0057E-03
5.0763E+04 1.0439E-03
5.0788E+04 1.0169E-03
5.0813E+04 9.3040E-04
5.0838E+04 9.9739E-04
5.0863E+04 1.0420E-03
5.0888E+04 1.0527E-03
5.0913E+04 1.1433E-03
5.0938E+04 1.0720E-03
5.0963E+04 1.0124E-03
5.0988E+04 1.0970E-03
5.1013E+04 1.0821E-03
5.1038E+04 1.0874E-03
5.1063E+04 1.1002E-03
5.1088E+04 1.0829E-03
5.1113E+04 1.1247E-03
5.1139E+04 1.1302E-03
5.1164E+04 1.1399E-03
5.1189E+04 1.1526E-03
5.1214E+04 1.1757E-03
5.1240E+04 1.1728E-03
5.1265E+04 1.1316E-03
5.1290E+04 1.1725E-03
5.1316E+04 1.1498E-03
5.1341E+04 1.1391E-03
5.1367E+04 1.2455E-03
5.1392E+04 1.2351E-03
5.1418E+04 1.1447E-03
5.1443E+04 1.2051E-03
5.1469E+04 1.3029E-03
5.1494E+04 1.2100E-03
5.1520E+04 1.2476E-03
5.1545E+04 1.4230E-03
5.1571E+04 1.3373E-03
5.1597E+04 1.2777E-03
5.1622E+04 1.3248E-03
5.1648E+04 1.2967E-03
5.1674E+04 1.3162E-03
5.1699E+04 1.3184E-03
5.1725E+04 1.3115E-03
5.1751E+04 1.3715E-03
5.1777E+04 1.3716E-03
5.1803E+04 1.2570E-03
5.1829E+04 1.2308E-03
5.1855E+04 1.3462E-03
5.1881E+04 1.3440E-03
5.1906E+04 1.3172E-03
5.1932E+04 1.3530E-03
5.1959E+04 1.3279E-03
5.1985E+04 1.3712E-03
5.2011E+04 1.3643E-03
5.2037E+04 1.2881E-03
5.2063E+04 1.3841E-03
5.2089E+04 1.4426E-03
5.2115E+04 1.3832E-03
5.2141E+04 1.3971E-03
5.2168E+04 1.4294E-03
5.2194E+04 1.4410E-03
5.2220E+04 1.4423E-03
5.2246E+04 1.4517E-03
5.2273E+04 1.4692E-03
5.2299E+04 1.3993E-03
5.2326E+04 1.4139E-03
5.2352E+04 1.5388E-03
5.2378E+04 1.4977E-03
5.2405E+04 1.4179E-03
5.2431E+04 1.4625E-03
5.2458E+04 1.5198E-03
5.2484E+04 1.5303E-03
5.2511E+04 1.5114E-03
5.2538E+04 1.5522E-03
5.2564E+04 1.5669E-03
5.2591E+04 1.5174E-03
5.2618E+04 1.5137E-03
5.2644E+04 1.5075E-03
5.2671E+04 1.5147E-03
5.2698E+04 1.5855E-03
5.2725E+04 1.6313E-03
5.2751E+04 1.5852E-03
5.2778E+04 1.5100E-03
5.2805E+04 1.5739E-03
5.2832E+04 1.6616E-03
5.2859E+04 1.5617E-03
5.2886E+04 1.5269E-03
5.2913E+04 1.6787E-03
5.2940E+04 1.6270E-03
5.2967E+04 1.4987E-03
5.2994E+04 1.5104E-03
5.3021E+04 1.4945E-03
5.3048E+04 1.5810E-03
5.3075E+04 1.6505E-03
5.3102E+04 1.5838E-03
5.3130E+04 1.5252E-03
5.3157E+04 1.4905E-03
5.3184E+04 1.5590E-03
5.3211E+04 1.6043E-03
5.3239E+04 1.5506E-03
5.3266E+04 1.5150E-03
5.3294E+04 1.6221E-03
5.3321E+04 1.7069E-03
5.3348E+04 1.5905E-03
5.3376E+04 1.6056E-03
5.3403E+04 1.6800E-03
5.3431E+04 1.6277E-03
5.3458E+04 1.6035E-03
5.3486E+04 1.6081E-03
5.3514E+04 1.6809E-03
5.3541E+04 1.6624E-03
5.3569E+04 1.5921E-03
5.3596E+04 1.6197E-03
5.3624E+04 1.7210E-03
5.3652E+04 1.8258E-03
5.3680E+04 1.7373E-03
5.3707E+04 1.6462E-03
5.3735E+04 1.7023E-03
5.3763E+04 1.7573E-03
5.3791E+04 1.8259E-03
5.3819E+04 1.7937E-03
5.3847E+04 1.7604E-03
5.3875E+04 1.8577E-03
5.3903E+04 1.8027E-03
5.3931E+04 1.6676E-03
5.3959E+04 1.7414E-03
5.3987E+04 1.8725E-03
5.4015E+04 1.9328E-03
5.4043E+04 1.9166E-03
5.4072E+04 1.7502E-03
5.4100E+04 1.8043E-03
5.4128E+04 1.9880E-03
5.4156E+04 1.7724E-03
5.4185E+04 1.7560E-03
5.4213E+04 1.9821E-03
5.4241E+04 1.8399E-03
5.4270E+04 1.8284E-03
5.4298E+04 1.9216E-03
5.4326E+04 1.8409E-03
5.4355E+04 1.8373E-03
5.4383E+04 1.8222E-03
5.4412E+04 1.8543E-03
5.4441E+04 1.8957E-03
5.4469E+04 1.8405E-03
5.4498E+04 1.8525E-03
5.4526E+04 1.9005E-03
5.4555E+04 1.8746E-03
5.4584E+04 1.8279E-03
5.4613E+04 1.8994E-03
5.4641E+04 1.9612E-03
5.4670E+04 1.9067E-03
5.4699E+04 1.8569E-03
5.4728E+04 1.8850E-03
5.4757E+04 1.9987E-03
5.4786E+04 2.0134E-03
5.4815E+04 1.9918E-03
5.4844E+04 2.0608E-03
5.4873E+04 2.0897E-03
5.4902E+04 1.9308E-03
5.4931E+04 1.8549E-03
5.4960E+04 1.9447E-03
5.4989E+04 2.0010E-03
5.5018E+04 2.1682E-03
5.5047E+04 2.1730E-03
5.5077E+04 2.0266E-03
5.5106E+04 2.0984E-03
5.5135E+04 2.0549E-03
5.5164E+04 2.0456E-03
5.5194E+04 2.1710E-03
5.5223E+04 2.1463E-03
5.5253E+04 2.1374E-03
5.5282E+04 2.0555E-03
5.5312E+04 1.9300E-03
5.5341E+04 2.0249E-03
5.5371E+04 2.1358E-03
5.5400E+04 2.0153E-03
5.5430E+04 1.8734E-03
5.5459E+04 1.9291E-03
5.5489E+04 2.1025E-03
5.5519E+04 2.1083E-03
5.5549E+04 1.9804E-03
5.5578E+04 2.0275E-03
5.5608E+04 2.0479E-03
5.5638E+04 2.0140E-03
5.5668E+04 2.0900E-03
5.5698E+04 2.0760E-03
5.5728E+04 2.1072E-03
5.5758E+04 2.1401E-03
5.5788E+04 2.0719E-03
5.5818E+04 2.1523E-03
5.5848E+04 2.1154E-03
5.5878E+04 2.0084E-03
5.5908E+04 2.1181E-03
5.5938E+04 2.1597E-03
5.5968E+04 2.1431E-03
5.5998E+04 2.2397E-03
5.6029E+04 2.3016E-03
5.6059E+04 2.2601E-03
5.6089E+04 2.1141E-03
5.6120E+04 2.0825E-03
5.6150E+04 2.2577E-03
5.6180E+04 2.2296E-03
5.6211E+04 2.1011E-03
5.6241E+04 2.1573E-03
5.6272E+04 2.0973E-03
5.6302E+04 1.9714E-03
5.6333E+04 2.0134E-03
5.6364E+04 2.1015E-03
5.6394E+04 2.1063E-03
5.6425E+04 2.0775E-03
5.6456E+04 2.1998E-03
5.6486E+04 2.3391E-03
5.6517E+04 2.2110E-03
5.6548E+04 2.1413E-03
5.6579E+04 2.2642E-03
5.6610E+04 2.1993E-03
5.6641E+04 2.1029E-03
5.6672E+04 2.2672E-03
5.6703E+04 2.4662E-03
5.6734E+04 2.4282E-03
5.6765E+04 2.1830E-03
5.6796E+04 2.0826E-03
5.6827E+04 2.1820E-03
5.6858E+04 2.2540E-03
5.6889E+04 2.2803E-03
5.6921E+04 2.2899E-03
5.6952E+04 2.2979E-03
5.6983E+04 2.2904E-03
5.7014E+04 2.2737E-03
5.7046E+04 2.2543E-03
5.7077E+04 2.1656E-03
5.7109E+04 2.2058E-03
5.7140E+04 2.3702E-03
5.7172E+04 2.1976E-03
5.7203E+04 1.9903E-03
5.7235E+04 2.2799E-03
5.7266E+04 2.4419E-03
5.7298E+04 2.2080E-03
5.7330E+04 2.2038E-03
5.7361E+04 2.3889E-03
5.7393E+04 2.4216E-03
5.7425E+04 2.2880E-03
5.7457E+04 2.1128E-03
5.7488E+04 2.0909E-03
5.7520E+04 2.3014E-03
5.7552E+04 2.5060E-03
5.7584E+04 2.3712E-03
5.7616E+04 2.2493E-03
5.7648E+04 2.3244E-03
5.7680E+04 2.3220E-03
5.7712E+04 2.3043E-03
5.7745E+04 2.2629E-03
5.7777E+04 2.2799E-03
5.7809E+04 2.4026E-03
5.7841E+04 2.2674E-03
5.7873E+04 2.0125E-03
5.7906E+04 2.1439E-03
5.7938E+04 2.4549E-03
5.7970E+04 2.4014E-03
5.8003E+04 2.1690E-03
5.8035E+04 2.2114E-03
5.8068E+04 2.4521E-03
5.8100E+04 2.5558E-03
5.8133E+04 2.3704E-03
5.8166E+04 2.1583E-03
5.8198E+04 2.2308E-03
5.8231E+04 2.3538E-03
5.8264E+04 2.2495E-03
5.8296E+04 2.2612E-03
5.8329E+04 2.4700E-03
5.8362E+04 2.4812E-03
5.8395E+04 2.3441E-03
5.8428E+04 2.3758E-03
5.8461E+04 2.3877E-03
5.8494E+04 2.2274E-03
5.8527E+04 2.2909E-03
5.8560E+04 2.4034E-03
5.8593E+04 2.3697E-03
5.8626E+04 2.4570E-03
5.8659E+04 2.3522E-03
5.8692E+04 2.1639E-03
5.8725E+04 2.2015E-03
5.8759E+04 2.2216E-03
5.8792E+04 2.4345E-03
5.8825E+04 2.5573E-03
5.8859E+04 2.2229E-03
5.8892E+04 2.0599E-03
5.8926E+04 2.2092E-03
5.8959E+04 2.4453E-03
5.8993E+04 2.4663E-03
5.9026E+04 2.1104E-03
5.9060E+04 2.0629E-03
5.9094E+04 2.3130E-03
5.9127E+04 2.3301E-03
5.9161E+04 2.1116E-03
5.9195E+04 1.8536E-03
5.9229E+04 2.0184E-03
5.9262E+04 2.2340E-03
5.9296E+04 2.0670E-03
5.9330E+04 1.9937E-03
5.9364E+04 2.1013E-03
5.9398E+04 2.1532E-03
5.9432E+04 2.1266E-03
5.9466E+04 2.2214E-03
5.9500E+04 2.1457E-03
5.9535E+04 1.8747E-03
5.9569E+04 2.0535E-03
5.9603E+04 2.1737E-03
5.9637E+04 2.0088E-03
5.9672E+04 2.0692E-03
5.9706E+04 2.0186E-03
5.9740E+04 1.9069E-03
5.9775E+04 1.8168E-03
5.9809E+04 1.8113E-03
5.9844E+04 2.1872E-03
5.9878E+04 2.2489E-03
5.9913E+04 1.9933E-03
5.9948E+04 1.9321E-03
5.9982E+04 1.9724E-03
6.0017E+04 2.0974E-03
6.0052E+04 2.0036E-03
6.0086E+04 1.8313E-03
6.0121E+04 2.0148E-03
6.0156E+04 2.1070E-03
6.0191E+04 1.9144E-03
6.0226E+04 1.8765E-03
6.0261E+04 2.0283E-03
6.0296E+04 1.9837E-03
6.0331E+04 1.8635E-03
6.0366E+04 1.8895E-03
6.0401E+04 1.8863E-03
6.0437E+04 1.9495E-03
6.0472E+04 1.9964E-03
6.0507E+04 1.9350E-03
6.0542E+04 1.8963E-03
6.0578E+04 1.9140E-03
6.0613E+04 1.9387E-03
6.0649E+04 1.8889E-03
6.0684E+04 1.9033E-03
6.0720E+04 1.9584E-03
6.0755E+04 2.0360E-03
6.0791E+04 2.0633E-03
6.0827E+04 1.8502E-03
6.0862E+04 1.6883E-03
6.0898E+04 1.8094E-03
6.0934E+04 2.0505E-03
6.0970E+04 2.0597E-03
6.1005E+04 1.7916E-03
6.1041E+04 1.7409E-03
6.1077E+04 1.9718E-03
6.1113E+04 1.9841E-03
6.1149E+04 1.8711E-03
6.1185E+04 1.9710E-03
6.1221E+04 1.9770E-03
6.1258E+04 1.9532E-03
6.1294E+04 2.0057E-03
6.1330E+04 1.9568E-03
6.1366E+04 2.0499E-03
6.1403E+04 2.0499E-03
6.1439E+04 1.8036E-03
6.1476E+04 1.8338E-03
6.1512E+04 2.0315E-03
6.1548E+04 1.9939E-03
6.1585E+04 1.8562E-03
6.1622E+04 1.8332E-03
6.1658E+04 1.9058E-03
6.1695E+04 1.8893E-03
6.1732E+04 1.7446E-03
6.1768E+04 1.8000E-03
6.1805E+04 1.9497E-03
6.1842E+04 1.9374E-03
6.1879E+04 2.0374E-03
6.1916E+04 2.0217E-03
6.1953E+04 1.7360E-03
6.1990E+04 1.7079E-03
6.2027E+04 1.8675E-03
6.2064E+04 1.8160E-03
6.2101E+04 1.7232E-03
6.2139E+04 1.8537E-03
6.2176E+04 1.9459E-03
6.2213E+04 1.7798E-03
6.2250E+04 1.6784E-03
6.2288E+04 1.7432E-03
6.2325E+04 1.9010E-03
6.2363E+04 2.0059E-03
6.2400E+04 1.8300E-03
6.2438E+04 1.6828E-03
6.2475E+04 1.6809E-03
6.2513E+04 1.6131E-03
6.2551E+04 1.6510E-03
6.2589E+04 1.6561E-03
6.2626E+04 1.6898E-03
6.2664E+04 1.7974E-03
6.2702E+04 1.5436E-03
6.2740E+04 1.4838E-03
6.2778E+04 1.7982E-03
6.2816E+04 1.7896E-03
6.2854E+04 1.7771E-03
6.2892E+04 1.8627E-03
6.2930E+04 1.6226E-03
6.2969E+04 1.5777E-03
6.3007E+04 1.7218E-03
6.3045E+04 1.6078E-03
6.3083E+04 1.6260E-03
6.3122E+04 1.7163E-03
6.3160E+04 1.8161E-03
6.3199E+04 1.9671E-03
6.3237E+04 1.7567E-03
6.3276E+04 1.6155E-03
6.3315E+04 1.8252E-03
6.3353E+04 1.8360E-03
6.3392E+04 1.6257E-03
6.3431E+04 1.7012E-03
6.3470E+04 1.8561E-03
6.3508E+04 1.8551E-03
6.3547E+04 1.9292E-03
6.3586E+04 1.8730E-03
6.3625E+04 1.7946E-03
6.3664E+04 1.8626E-03
6.3703E+04 1.7199E-03
6.3743E+04 1.7432E-03
6.3782E+04 1.7909E-03
6.3821E+04 1.6874E-03
6.3860E+04 1.8439E-03
6.3900E+04 1.7754E-03
6.3939E+04 1.5985E-03
6.3979E+04 1.6895E-03
6.4018E+04 1.7808E-03
6.4058E+04 1.8168E-03
6.4097E+04 1.7038E-03
6.4137E+04 1.6969E-03
6.4176E+04 1.7743E-03
6.4216E+04 1.7017E-03
6.4256E+04 1.6215E-03
6.4296E+04 1.5977E-03
6.4336E+04 1.8154E-03
6.4376E+04 1.8815E-03
6.4416E+04 1.5712E-03
6.4456E+04 1.4633E-03
6.4496E+04 1.6276E-03
6.4536E+04 1.8740E-03
6.4576E+04 1.8325E-03
6.4616E+04 1.6323E-03
6.4657E+04 1.7479E-03
6.4697E+04 1.7886E-03
6.4737E+04 1.7244E-03
6.4778E+04 1.7964E-03
6.4818E+04 1.7434E-03
6.4859E+04 1.8449E-03
6.4899E+04 1.9499E-03
6.4940E+04 1.6143E-03
6.4981E+04 1.5308E-03
6.5021E+04 1.8970E-03
6.5062E+04 2.0834E-03
6.5103E+04 1.8640E-03
6.5144E+04 1.5847E-03
6.5185E+04 1.7136E-03
6.5226E+04 1.8739E-03
6.5267E+04 1.8884E-03
6.5308E+04 1.9743E-03
6.5349E+04 1.8221E-03
6.5390E+04 1.8042E-03
6.5432E+04 2.0313E-03
6.5473E+04 1.8770E-03
6.5514E+04 1.6580E-03
6.5556E+04 1.7991E-03
6.5597E+04 1.9910E-03
6.5639E+04 1.8416E-03
6.5680E+04 1.6147E-03
6.5722E+04 1.8817E-03
6.5764E+04 2.0346E-03
6.5805E+04 1.6901E-03
6.5847E+04 1.6404E-03
6.5889E+04 1.7984E-03
6.5931E+04 1.8390E-03
6.5973E+04 1.9603E-03
6.6015E+04 1.9372E-03
6.6057E+04 1.9168E-03
6.6099E+04 1.9368E-03
6.6141E+04 1.9422E-03
6.6183E+04 2.1956E-03
6.6226E+04 2.0372E-03
6.6268E+04 1.7372E-03
6.6310E+04 2.1783E-03
6.6353E+04 2.2708E-03
6.6395E+04 1.8343E-03
6.6438E+04 1.9494E-03
6.6480E+04 2.2385E-03
6.6523E+04 2.1892E-03
6.6566E+04 2.0655E-03
6.6608E+04 2.0292E-03
6.6651E+04 2.0453E-03
6.6694E+04 2.0473E-03
6.6737E+04 2.1439E-03
6.6780E+04 2.0495E-03
6.6823E+04 1.9053E-03
6.6866E+04 2.0253E-03
6.6909E+04 1.9082E-03
6.6952E+04 1.8741E-03
6.6996E+04 2.1290E-03
6.7039E+04 2.1093E-03
6.7082E+04 2.1004E-03
6.7126E+04 2.0653E-03
6.7169E+04 1.7949E-03
6.7213E+04 1.7909E-03
6.7256E+04 1.9944E-03
6.7300E+04 2.0167E-03
6.7344E+04 1.7699E-03
6.7387E+04 1.8607E-03
6.7431E+04 2.1872E-03
6.7475E+04 1.9288E-03
6.7519E+04 1.8662E-03
6.7563E+04 2.1706E-03
6.7607E+04 2.0056E-03
6.7651E+04 1.8608E-03
6.7695E+04 2.0696E-03
6.7740E+04 2.0065E-03
6.7784E+04 1.9043E-03
6.7828E+04 2.1169E-03
6.7873E+04 2.0805E-03
6.7917E+04 1.9612E-03
6.7961E+04 2.0359E-03
6.8006E+04 2.0963E-03
6.8051E+04 2.3158E-03
6.8095E+04 2.1764E-03
6.8140E+04 1.8542E-03
6.8185E+04 2.1115E-03
6.8230E+04 2.2350E-03
6.8275E+04 2.0832E-03
6.8320E+04 2.0744E-03
6.8365E+04 2.1093E-03
6.8410E+04 2.1908E-03
6.8455E+04 2.0735E-03
6.8500E+04 1.9983E-03
6.8545E+04 2.1305E-03
6.8591E+04 2.1040E-03
6.8636E+04 2.1877E-03
6.8682E+04 2.2138E-03
6.8727E+04 1.9675E-03
6.8773E+04 1.9272E-03
6.8818E+04 2.0764E-03
6.8864E+04 2.0210E-03
6.8910E+04 1.7530E-03
6.8956E+04 1.8683E-03
6.9001E+04 2.2625E-03
6.9047E+04 2.2709E-03
6.9093E+04 2.0510E-03
6.9139E+04 1.8712E-03
6.9186E+04 2.0494E-03
6.9232E+04 2.2454E-03
6.9278E+04 1.9240E-03
6.9324E+04 1.8123E-03
6.9371E+04 2.0777E-03
6.9417E+04 2.2291E-03
6.9464E+04 2.2040E-03
6.9510E+04 2.1078E-03
6.9557E+04 2.1214E-03
6.9603E+04 2.1503E-03
6.9650E+04 2.0794E-03
6.9697E+04 2.0799E-03
6.9744E+04 2.1301E-03
6.9791E+04 2.1162E-03
6.9838E+04 2.0499E-03
6.9885E+04 2.0067E-03
6.9932E+04 1.9481E-03
6.9979E+04 1.9870E-03
7.0026E+04 2.1201E-03
7.0074E+04 2.0587E-03
7.0121E+04 1.9225E-03
7.0169E+04 2.0546E-03
7.0216E+04 2.4406E-03
7.0264E+04 2.3781E-03
7.0311E+04 1.8523E-03
7.0359E+04 1.8967E-03
7.0407E+04 2.2133E-03
7.0455E+04 2.2486E-03
7.0503E+04 2.1724E-03
7.0550E+04 1.9721E-03
7.0598E+04 2.0624E-03
7.0647E+04 2.2343E-03
7.0695E+04 1.9954E-03
7.0743E+04 1.8278E-03
7.0791E+04 1.8699E-03
7.0840E+04 1.9553E-03
7.0888E+04 1.8863E-03
7.0937E+04 1.5948E-03
7.0985E+04 1.4089E-03
7.1034E+04 1.2650E-03
7.1082E+04 1.1871E-03
7.1131E+04 1.1143E-03
7.1180E+04 9.1834E-04
7.1229E+04 1.1182E-03
7.1278E+04 1.1434E-03
7.1327E+04 7.5479E-04
7.1376E+04 8.0172E-04
7.1425E+04 1.1854E-03
7.1474E+04 1.1408E-03
7.1524E+04 8.7723E-04
7.1573E+04 8.6362E-04
7.1622E+04 9.0600E-04
7.1672E+04 8.8371E-04
7.1721E+04 8.3711E-04
7.1771E+04 7.6223E-04
7.1821E+04 8.4363E-04
7.1871E+04 8.3499E-04
7.1920E+04 7.7069E-04
7.1970E+04 6.6262E-04
7.2020E+04 3.5598E-04
7.2070E+04 5.3938E-04
7.2120E+04 7.3274E-04
7.2171E+04 4.3776E-04
7.2221E+04 4.6783E-04
7.2271E+04 7.1244E-04
7.2322E+04 6.4319E-04
7.2372E+04 6.1595E-04
7.2423E+04 5.4759E-04
7.2473E+04 3.4277E-04
7.2524E+04 2.4004E-04
7.2575E+04 3.6303E-04
7.2625E+04 4.0092E-04
7.2676E+04 1.9187E-04
7.2727E+04 4.2299E-05
7.2778E+04 3.3594E-04
7.2829E+04 3.6450E-04
7.2881E+04 1.4761E-04
7.2932E+04 5.0567E-04
7.2983E+04 4.7220E-04
7.3035E+04 3.0581E-04
7.3086E+04 2.2079E-04
7.3138E+04 8.1626E-06
7.3189E+04 1.6930E-05
7.3241E+04 1.4624E-04
7.3293E+04 2.8606E-04
7.3345E+04 1.4928E-04
7.3396E+04 2.5759E-04
7.3448E+04 7.1620E-05
7.3500E+04 2.1073E-04
7.3553E+04 4.9269E-05
7.3605E+04 4.7764E-05
7.3657E+04 7.1561E-05
7.3709E+04 2.0143E-04
7.3762E+04 3.5210E-05
7.3814E+04 0.0000E+00
7.3867E+04 4.2632E-04
7.3920E+04 3.8931E-04
7.3972E+04 5.7063E-05
7.4025E+04 1.4460E-05
7.4078E+04 3.6856E-04
7.4131E+04 0.0000E+00
7.4184E+04 2.9735E-04
7.4237E+04 3.3665E-04
7.4290E+04 4.0032E-04
7.4344E+04 4.4614E-04
7.4397E+04 5.1762E-04
7.4450E+04 1.2425E-04
7.4504E+04 2.4996E-04
7.4557E+04 1.1996E-03
7.4611E+04 1.3586E-03
7.4665E+04 1.0197E-03
7.4718E+04 1.5575E-03
7.4772E+04 1.8798E-03
7.4826E+04 1.6310E-03
7.4880E+04 1.6661E-03
7.4934E+04 1.2790E-03
7.4989E+04 1.2331E-03
7.5043E+04 1.9518E-03
7.5097E+04 1.6696E-03
7.5152E+04 1.2076E-03
7.5206E+04 1.5737E-03
7.5261E+04 1.7081E-03
7.5315E+04 1.6057E-03
7.5370E+04 1.5191E-03
7.5425E+04 1.5599E-03
7.5480E+04 1.6456E-03
7.5535E+04 1.6501E-03
7.5590E+04 1.9133E-03
7.5645E+04 1.6880E-03
7.5700E+04 1.3833E-03
7.5755E+04 1.7216E-03
7.5811E+04 1.4911E-03
7.5866E+04 1.3428E-03
7.5922E+04 1.4812E-03
7.5977E+04 1.0777E-03
7.6033E+04 1.4147E-03
7.6089E+04 1.5543E-03
7.6145E+04 9.4395E-04
7.6201E+04 1.0223E-03
7.6257E+04 7.5986E-04
7.6313E+04 3.2983E-04
7.6369E+04 5.8662E-04
7.6425E+04 3.4508E-04
7.6482E+04 2.7317E-04
7.6538E+04 1.9867E-04
7.6595E+04 3.3235E-04
7.6651E+04 3.1920E-04
7.6708E+04 0.0000E+00
7.6765E+04 1.2282E-04
7.6822E+04 2.4082E-04
7.6879E+04 2.6405E-04
7.6936E+04 4.1339E-04
7.6993E+04 4.8275E-04
7.7050E+04 1.8621E-04
7.7107E+04 1.9423E-04
7.7165E+04 0.0000E+00
7.7222E+04 3.8918E-04
7.7280E+04 7.2683E-04
7.7337E+04 3.1344E-04
7.7395E+04 9.5231E-05
7.7453E+04 1.6382E-04
7.7511E+04 2.3555E-04
7.7569E+04 1.8491E-04
7.7627E+04 3.8468E-04
7.7685E+04 3.1867E-04
7.7743E+04 2.1362E-04
7.7801E+04 2.6695E-04
7.7860E+04 2.6676E-04
7.7918E+04 2.5403E-04
7.7977E+04 8.6833E-05
7.8035E+04 3.3506E-04
7.8094E+04 6.0309E-04
7.8153E+04 2.9367E-04
7.8212E+04 7.6654E-04
7.8271E+04 9.3808E-04
7.8330E+04 1.4461E-04
7.8389E+04 1.4641E-04
7.8449E+04 2.4399E-04
7.8508E+04 2.9563E-04
7.8568E+04 2.4089E-04
7.8627E+04 1.1563E-04
7.8687E+04 1.1006E-05
7.8747E+04 5.1496E-04
7.8806E+04 5.5718E-04
7.8866E+04 9.8345E-05
7.8926E+04 4.4005E-04
7.8986E+04 7.1388E-04
7.9047E+04 1.4525E-04
7.9107E+04 5.9009E-04
7.9167E+04 9.4676E-04
7.9228E+04 9.6660E-04
7.9288E+04 1.0933E-04
7.9349E+04 0.0000E+00
7.9410E+04 8.7246E-04
7.9471E+04 4.0935E-04
7.9532E+04 0.0000E+00
7.9593E+04 8.2204E-04
7.9654E+04 9.6556E-04
7.9715E+04 5.5766E-04
7.9776E+04 4.7569E-04
7.9838E+04 8.2689E-04
7.9899E+04 9.0260E-04
7.9961E+04 8.5520E-04
8.0023E+04 7.8673E-04
8.0084E+04 1.1081E-03
8.0146E+04 7.5952E-04
8.0208E+04 7.4747E-04
8.0270E+04 8.6741E-04
8.0332E+04 6.6509E-04
8.0395E+04 1.0213E-03
8.0457E+04 1.2122E-03
8.0520E+04 6.7529E-04
8.0582E+04 7.7200E-04
8.0645E+04 1.3155E-03
8.0708E+04 1.2080E-03
8.0770E+04 6.9234E-04
8.0833E+04 1.0867E-03
8.0896E+04 1.6455E-03
8.0960E+04 1.5704E-03
8.1023E+04 1.9275E-03
8.1086E+04 2.3239E-03
8.1150E+04 2.1117E-03
8.1213E+04 2.0953E-03
8.1277E+04 2.3397E-03
8.1341E+04 2.4221E-03
8.1404E+04 2.3926E-03
8.1468E+04 2.4934E-03
8.1532E+04 2.8964E-03
8.1597E+04 3.1815E-03
8.1661E+04 2.9132E-03
8.1725E+04 2.8204E-03
8.1790E+04 3.3429E-03
8.1854E+04 3.8289E-03
8.1919E+04 3.9524E-03
8.1984E+04 4.4857E-03
8.2048E+04 4.4898E-03
8.2113E+04 4.2447E-03
8.2178E+04 5.3281E-03
8.2244E+04 5.5632E-03
8.2309E+04 5.4221E-03
8.2374E+04 6.2394E-03
8.2440E+04 6.7402E-03
8.2505E+04 7.9958E-03
8.2571E+04 8.8196E-03
8.2637E+04 8.7528E-03
8.2703E+04 1.0097E-02
8.2769E+04 1.1338E-02
8.2835E+04 1.1702E-02
8.2901E+04 1.2586E-02
8.2967E+04 1.3795E-02
8.3034E+04 1.4808E-02
8.3100E+04 1.6018E-02
8.3167E+04 1.7559E-02
8.3234E+04 1.9340E-02
8.3301E+04 2.1093E-02
8.3368E+04 2.2591E-02
8.3435E+04 2.4846E-02
8.3502E+04 2.7541E-02
8.3569E+04 2.9530E-02
8.3636E+04 3.2096E-02
8.3704E+04 3.5944E-02
8.3772E+04 3.9510E-02
8.3839E+04 4.3015E-02
8.3907E+04 4.7293E-02
8.3975E+04 5.2069E-02
8.4043E+04 5.7787E-02
8.4111E+04 6.3552E-02
8.4180E+04 6.9655E-02
8.4248E+04 7.7519E-02
8.4316E+04 8.5851E-02
8.4385E+04 9.4208E-02
8.4454E+04 1.0407E-01
8.4523E+04 1.1570E-01
8.4592E+04 1.2787E-01
8.4661E+04 1.4148E-01
8.4730E+04 1.5700E-01
8.4799E+04 1.7326E-01
8.4868E+04 1.9112E-01
8.4938E+04 2.1108E-01
8.5008E+04 2.3298E-01
8.5077E+04 2.5663E-01
8.5147E+04 2.8250E-01
8.5217E+04 3.1031E-01
8.5287E+04 3.3894E-01
8.5357E+04 3.6971E-01
8.5428E+04 4.0210E-01
8.5498E+04 4.3593E-01
8.5569E+04 4.7051E-01
8.5639E+04 5.0545E-01
8.5710E+04 5.4086E-01
8.5781E+04 5.7467E-01
8.5852E+04 6.0757E-01
8.5923E+04 6.3945E-01
8.5994E+04 6.6985E-01
8.6066E+04 6.9781E-01
8.6137E+04 7.2278E-01
8.6209E+04 7.4625E-01
8.6281E+04 7.6581E-01
8.6352E+04 7.8300E-01
8.6424E+04 7.9977E-01
8.6496E+04 8.1284E-01
8.6569E+04 8.2275E-01
8.6641E+04 8.3119E-01
8.6713E+04 8.3811E-01
8.6786E+04 8.4288E-01
8.6859E+04 8.4614E-01
8.6931E+04 8.4878E-01
8.7004E+04 8.5027E-01
8.7077E+04 8.5154E-01
8.7151E+04 8.5231E-01
8.7224E+04 8.5204E-01
8.7297E+04 8.5233E-01
8.7371E+04 8.5246E-01
8.7444E+04 8.5211E-01
8.7518E+04 8.5179E-01
8.7592E+04 8.4999E-01
8.7666E+04 8.4931E-01
8.7740E+04 8.5079E-01
8.7815E+04 8.5044E-01
8.7889E+04 8.5000E-01
8.7964E+04 8.5070E-01
8.8038E+04 8.5044E-01
8.8113E+04 8.5039E-01
8.8188E+04 8.5101E-01
8.8263E+04 8.5098E-01
8.8338E+04 8.5070E-01
8.8414E+04 8.5143E-01
8.8489E+04 8.5277E-01
8.8565E+04 8.5295E-01
8.8640E+04 8.5316E-01
8.8716E+04 8.5435E-01
8.8792E+04 8.5523E-01
8.8868E+04 8.5617E-01
8.8944E+04 8.5734E-01
8.9021E+04 8.5871E-01
8.9097E+04 8.6089E-01
8.9174E+04 8.6321E-01
8.9251E+04 8.6580E-01
8.9327E+04 8.6859E-01
8.9404E+04 8.6946E-01
8.9482E+04 8.7011E-01
8.9559E+04 8.7287E-01
8.9636E+04 8.7484E-01
8.9714E+04 8.7674E-01
8.9791E+04 8.8007E-01
8.9869E+04 8.8230E-01
8.9947E+04 8.8520E-01
9.0025E+04 8.8925E-01
9.0104E+04 8.9234E-01
9.0182E+04 8.9491E-01
9.0260E+04 8.9630E-01
9.0339E+04 8.9835E-01
9.0418E+04 9.0052E-01
9.0497E+04 9.0100E-01
9.0576E+04 9.0232E-01
9.0655E+04 9.0461E-01
9.0734E+04 9.0600E-01
9.0814E+04 9.0701E-01
9.0893E+04 9.0888E-01
9.0973E+04 9.0945E-01
9.1053E+04 9.0926E-01
9.1133E+04 9.1097E-01
9.1213E+04 9.1150E-01
9.1293E+04 9.1135E-01
9.1374E+04 9.1268E-01
9.1454E+04 9.1472E-01
9.1535E+04 9.1718E-01
9.1616E+04 9.1774E-01
9.1697E+04 9.1828E-01
9.1778E+04 9.2018E-01
9.1859E+04 9.2114E-01
9.1941E+04 9.2212E-01
9.2022E+04 9.2268E-01
9.2104E+04 9.2253E-01
9.2186E+04 9.2318E-01
9.2268E+04 9.2411E-01
9.2350E+04 9.2578E-01
9.2432E+04 9.2672E-01
9.2515E+04 9.2623E-01
9.2597E+04 9.2806E-01
9.2680E+04 9.2955E-01
9.2763E+04 9.2849E-01
9.2846E+04 9.2904E-01
9.2929E+04 9.3008E-01
9.3013E+04 9.2985E-01
9.3096E+04 9.2982E-01
9.3180E+04 9.3059E-01
9.3264E+04 9.3181E-01
9.3348E+04 9.3266E-01
9.3432E+04 9.3447E-01
9.3516E+04 9.3561E-01
9.3600E+04 9.3398E-01
9.3685E+04 9.3377E-01
9.3770E+04 9.3519E-01
9.3854E+04 9.3544E-01
9.3939E+04 9.3569E-01
9.4025E+04 9.3531E-01
9.4110E+04 9.3520E-01
9.4195E+04 9.3698E-01
9.4281E+04 9.3744E-01
9.4367E+04 9.3754E-01
9.4453E+04 9.3747E-01
9.4539E+04 9.3690E-01
9.4625E+04 9.3795E-01
9.4712E+04 9.3758E-01
9.4798E+04 9.3737E-01
9.4885E+04 9.3845E-01
9.4972E+04 9.3702E-01
9.5059E+04 9.3677E-01
9.5146E+04 9.3878E-01
9.5233E+04 9.3988E-01
9.5321E+04 9.3978E-01
9.5409E+04 9.4080E-01
9.5496E+04 9.4353E-01
9.5584E+04 9.4533E-01
9.5673E+04 9.4696E-01
9.5761E+04 9.4881E-01
9.5850E+04 9.5031E-01
9.5938E+04 9.5228E-01
9.6027E+04 9.5383E-01
9.6116E+04 9.5510E-01
9.6205E+04 9.5570E-01
9.6294E+04 9.5700E-01
9.6384E+04 9.5917E-01
9.6474E+04 9.5929E-01
9.6563E+04 9.6008E-01
9.6653E+04 9.6287E-01
9.6744E+04 9.6431E-01
9.6834E+04 9.6434E-01
9.6924E+04 9.6485E-01
9.7015E+04 9.6630E-01
9.7106E+04 9.6793E-01
9.7197E+04 9.6900E-01
9.7288E+04 9.6888E-01
9.7380E+04 9.6932E-01
9.7471E+04 9.7102E-01
9.7563E+04 9.7157E-01
9.7655E+04 9.7167E-01
9.7747E+04 9.7291E-01
9.7839E+04 9.7408E-01
9.7931E+04 9.7464E-01
9.8024E+04 9.7568E-01
9.8117E+04 9.7702E-01
9.8209E+04 9.7714E-01
9.8303E+04 9.7710E-01
9.8396E+04 9.7837E-01
9.8489E+04 9.7998E-01
9.8583E+04 9.8161E-01
9.8677E+04 9.8451E-01
9.8771E+04 9.8654E-01
9.8865E+04 9.8683E-01
9.8959E+04 9.8838E-01
9.9054E+04 9.9009E-01
9.9148E+04 9.9216E-01
9.9243E+04 9.9507E-01
9.9338E+04 9.9489E-01
9.9434E+04 9.9388E-01
9.9529E+04 9.9577E-01
9.9625E+04 9.9742E-01
9.9720E+04 9.9845E-01
9.9816E+04 1.0000E+00
9.9913E+04 9.9944E-01
1.0001E+05 9.9761E-01
1.0011E+05 9.9570E-01
1.0020E+05 9.9358E-01
1.0030E+05 9.8958E-01
1.0040E+05 9.8667E-01
1.0049E+05 9.8398E-01
1.0059E+05 9.8127E-01
1.0069E+05 9.7941E-01
1.0079E+05 9.7488E-01
1.0088E+05 9.7025E-01
1.0098E+05 9.6811E-01
1.0108E+05 9.6490E-01
1.0118E+05 9.6200E-01
1.0128E+05 9.5995E-01
1.0138E+05 9.5692E-01
1.0148E+05 9.5431E-01
1.0158E+05 9.5284E-01
1.0168E+05 9.5093E-01
1.0178E+05 9.4708E-01
1.0188E+05 9.4390E-01
1.0198E+05 9.4286E-01
1.0208E+05 9.4042E-01
1.0218E+05 9.3703E-01
1.0228E+05 9.3596E-01
1.0238E+05 9.3403E-01
1.0248E+05 9.3063E-01
1.0258E+05 9.2837E-01
1.0268E+05 9.2552E-01
1.0278E+05 9.2288E-01
1.0289E+05 9.1987E-01
1.0299E+05 9.1693E-01
1.0309E+05 9.1574E-01
1.0319E+05 9.1275E-01
1.0330E+05 9.1037E-01
1.0340E+05 9.0940E-01
1.0350E+05 9.0574E-01
1.0361E+05 9.0219E-01
1.0371E+05 9.0079E-01
1.0381E+05 8.9799E-01
1.0392E+05 8.9329E-01
1.0402E+05 8.9025E-01
1.0413E+05 8.8708E-01
1.0423E+05 8.8230E-01
1.0434E+05 8.7953E-01
1.0444E+05 8.7695E-01
1.0455E+05 8.7231E-01
1.0465E+05 8.6908E-01
1.0476E+05 8.6648E-01
1.0486E+05 8.6161E-01
1.0497E+05 8.5785E-01
1.0508E+05 8.5631E-01
1.0518E+05 8.5373E-01
1.0529E+05 8.5499E-01
1.0540E+05 8.5626E-01
1.0550E+05 8.5528E-01
1.0561E+05 8.5631E-01
1.0572E+05 8.5656E-01
1.0583E+05 8.5591E-01
1.0593E+05 8.5665E-01
1.0604E+05 8.5772E-01
1.0615E+05 8.5801E-01
1.0626E+05 8.5774E-01
1.0637E+05 8.5830E-01
1.0648E+05 8.5961E-01
1.0659E+05 8.6084E-01
1.0670E+05 8.6154E-01
1.0681E+05 8.6238E-01
1.0692E+05 8.6335E-01
1.0703E+05 8.6521E-01
1.0714E+05 8.6745E-01
1.0725E+05 8.6770E-01
1.0736E+05 8.6890E-01
1.0747E+05 8.7110E-01
1.0758E+05 8.7279E-01
1.0769E+05 8.7703E-01
1.0781E+05 8.8045E-01
1.0792E+05 8.8107E-01
1.0803E+05 8.8318E-01
1.0814E+05 8.8552E-01
1.0826E+05 8.8720E-01
1.0837E+05 8.8907E-01
1.0848E+05 8.9008E-01
1.0860E+05 8.9210E-01
1.0871E+05 8.9425E-01
1.0882E+05 8.9517E-01
1.0894E+05 8.9730E-01
1.0905E+05 8.9854E-01
1.0917E+05 8.9879E-01
1.0928E+05 9.0018E-01
1.0940E+05 8.9987E-01
1.0951E+05 8.9908E-01
1.0963E+05 8.9955E-01
1.0975E+05 9.0021E-01
1.0986E+05 8.9965E-01
1.0998E+05 8.9747E-01
1.1010E+05 8.9648E-01
1.1021E+05 8.9559E-01
1.1033E+05 8.9151E-01
1.1045E+05 8.8927E-01
1.1056E+05 8.8808E-01
1.1068E+05 8.8582E-01
1.1080E+05 8.8475E-01
1.1092E+05 8.8240E-01
1.1104E+05 8.7912E-01
1.1116E+05 8.7945E-01
1.1128E+05 8.8052E-01
1.1140E+05 8.7840E-01
1.1152E+05 8.7622E-01
1.1164E+05 8.7570E-01
1.1176E+05 8.7481E-01
1.1188E+05 8.7449E-01
1.1200E+05 8.7478E-01
1.1212E+05 8.7444E-01
1.1224E+05 8.7401E-01
1.1236E+05 8.7291E-01
1.1248E+05 8.7225E-01
1.1261E+05 8.7100E-01
1.1273E+05 8.6913E-01
1.1285E+05 8.6900E-01
1.1297E+05 8.6755E-01
1.1310E+05 8.6528E-01
1.1322E+05 8.6462E-01
1.1334E+05 8.6350E-01
1.1347E+05 8.6201E-01
1.1359E+05 8.6041E-01
1.1372E+05 8.5925E-01
1.1384E+05 8.5816E-01
1.1397E+05 8.5682E-01
1.1409E+05 8.5544E-01
1.1422E+05 8.5206E-01
1.1434E+05 8.4883E-01
1.1447E+05 8.4617E-01
1.1460E+05 8.4261E-01
1.1472E+05 8.3942E-01
1.1485E+05 8.3660E-01
1.1498E+05 8.3394E-01
1.1511E+05 8.3000E-01
1.1523E+05 8.2667E-01
1.1536E+05 8.2549E-01
1.1549E+05 8.2419E-01
1.1562E+05 8.2154E-01
1.1575E+05 8.1882E-01
1.1588E+05 8.1611E-01
1.1601E+05 8.1364E-01
1.1614E+05 8.1352E-01
1.1627E+05 8.1299E-01
1.1640E+05 8.0957E-01
1.1653E+05 8.0632E-01
1.1666E+05 8.0387E-01
1.1679E+05 8.0094E-01
1.1692E+05 7.9687E-01
1.1705E+05 7.9186E-01
1.1719E+05 7.8701E-01
1.1732E+05 7.8250E-01
1.1745E+05 7.7779E-01
1.1758E+05 7.7357E-01
1.1772E+05 7.6935E-01
1.1785E+05 7.6409E-01
1.1799E+05 7.5930E-01
1.1812E+05 7.5382E-01
1.1825E+05 7.4796E-01
1.1839E+05 7.4486E-01
1.1853E+05 7.3933E-01
1.1866E+05 7.3162E-01
1.1880E+05 7.2784E-01
1.1893E+05 7.2294E-01
1.1907E+05 7.1667E-01
1.1921E+05 7.1325E-01
1.1934E+05 7.0921E-01
1.1948E+05 7.0425E-01
1.1962E+05 7.0038E-01
1.1976E+05 6.9611E-01
1.1990E+05 6.9161E-01
1.2003E+05 6.8926E-01
1.2017E+05 6.8740E-01
1.2031E+05 6.8499E-01
1.2045E+05 6.8313E-01
1.2059E+05 6.7943E-01
1.2073E+05 6.7631E-01
1.2087E+05 6.7465E-01
1.2101E+05 6.7234E-01
1.2116E+05 6.7056E-01
1.2130E+05 6.6842E-01
1.2144E+05 6.6573E-01
1.2158E+05 6.6346E-01
1.2172E+05 6.6062E-01
1.2187E+05 6.5774E-01
1.2201E+05 6.5578E-01
1.2216E+05 6.5317E-01
1.2230E+05 6.4972E-01
1.2244E+05 6.4616E-01
1.2259E+05 6.4235E-01
1.2273E+05 6.3945E-01
1.2288E+05 6.3490E-01
1.2302E+05 6.2856E-01
1.2317E+05 6.2491E-01
1.2332E+05 6.2217E-01
1.2346E+05 6.1695E-01
1.2361E+05 6.1042E-01
1.2376E+05 6.0631E-01
1.2391E+05 6.0214E-01
1.2405E+05 5.9525E-01
1.2420E+05 5.9069E-01
1.2435E+05 5.8686E-01
1.2450E+05 5.8036E-01
1.2465E+05 5.7463E-01
1.2480E+05 5.7009E-01
1.2495E+05 5.6452E-01
1.2510E+05 5.5811E-01
1.2525E+05 5.5113E-01
1.2540E+05 5.4334E-01
1.2556E+05 5.3635E-01
1.2571E+05 5.3060E-01
1.2586E+05 5.2451E-01
1.2601E+05 5.1772E-01
1.2617E+05 5.1118E-01
1.2632E+05 5.0386E-01
1.2648E+05 4.9697E-01
1.2663E+05 4.9318E-01
1.2678E+05 4.8911E-01
1.2694E+05 4.8384E-01
1.2710E+05 4.8004E-01
1.2725E+05 4.7576E-01
1.2741E+05 4.6980E-01
1.2756E+05 4.6475E-01
1.2772E+05 4.6052E-01
1.2788E+05 4.5606E-01
1.2804E+05 4.5247E-01
1.2819E+05 4.4845E-01
1.2835E+05 4.4264E-01
1.2851E+05 4.3760E-01
1.2867E+05 4.3307E-01
1.2883E+05 4.2870E-01
1.2899E+05 4.2585E-01
1.2915E+05 4.2247E-01
1.2931E+05 4.1758E-01
1.2948E+05 4.1247E-01
1.2964E+05 4.0697E-01
1.2980E+05 4.0220E-01
1.2996E+05 3.9811E-01
1.3012E+05 3.9442E-01
1.3029E+05 3.9166E-01
1.3045E+05 3.8843E-01
1.3062E+05 3.8461E-01
1.3078E+05 3.8124E-01
1.3095E+05 3.7754E-01
1.3111E+05 3.7430E-01
1.3128E+05 3.7174E-01
1.3144E+05 3.6842E-01
1.3161E+05 3.6538E-01
1.3178E+05 3.6239E-01
1.3195E+05 3.5913E-01
1.3211E+05 3.5707E-01
1.3228E+05 3.5383E-01
1.3245E+05 3.4980E-01
1.3262E+05 3.4779E-01
1.3279E+05 3.4527E-01
1.3296E+05 3.4239E-01
1.3313E+05 3.4017E-01
1.3330E+05 3.3697E-01
1.3347E+05 3.3446E-01
1.3365E+05 3.3196E-01
1.3382E+05 3.2935E-01
1.3399E+05 3.2795E-01
1.3417E+05 3.2607E-01
1.3434E+05 3.2367E-01
1.3451E+05 3.2096E-01
1.3469E+05 3.1800E-01
1.3486E+05 3.1746E-01
1.3504E+05 3.1665E-01
1.3521E+05 3.1475E-01
1.3539E+05 3.1455E-01
1.3557E+05 3.1439E-01
1.3575E+05 3.1274E-01
1.3592E+05 3.1190E-01
1.3610E+05 3.1255E-01
1.3628E+05 3.1217E-01
1.3646E+05 3.1051E-01
1.3664E+05 3.1054E-01
1.3682E+05 3.1084E-01
1.3700E+05 3.0939E-01
1.3718E+05 3.0981E-01
1.3736E+05 3.1083E-01
1.3755E+05 3.1026E-01
1.3773E+05 3.1052E-01
1.3791E+05 3.1122E-01
1.3810E+05 3.1089E-01
1.3828E+05 3.1154E-01
1.3846E+05 3.1186E-01
1.3865E+05 3.1183E-01
1.3883E+05 3.1306E-01
1.3902E+05 3.1332E-01
1.3921E+05 3.1279E-01
1.3939E+05 3.1290E-01
1.3958E+05 3.1326E-01
1.3977E+05 3.1394E-01
1.3996E+05 3.1421E-01
1.4015E+05 3.1219E-01
1.4034E+05 3.0967E-01
1.4053E+05 3.0783E-01
1.4072E+05 3.0605E-01
1.4091E+05 3.0456E-01
1.4110E+05 3.0171E-01
1.4129E+05 2.9644E-01
1.4149E+05 2.8948E-01
1.4168E+05 2.6820E-01
1.4187E+05 2.3224E-01
1.4207E+05 2.0390E-01
1.4226E+05 1.8539E-01
1.4246E+05 1.6908E-01
1.4265E+05 1.5560E-01
1.4285E+05 1.4302E-01
1.4305E+05 1.3160E-01
1.4325E+05 1.2227E-01
1.4344E+05 1.1273E-01
1.4364E+05 1.0336E-01
1.4384E+05 9.5562E-02
1.4404E+05 8.8145E-02
1.4424E+05 8.1368E-02
1.4444E+05 7.4453E-02
1.4464E+05 6.6692E-02
1.4485E+05 6.0416E-02
1.4505E+05 5.4156E-02
1.4525E+05 4.7546E-02
1.4546E+05 4.1675E-02
1.4566E+05 3.5600E-02
1.4586E+05 3.0105E-02
1.4607E+05 2.4358E-02
1.4628E+05 1.8895E-02
1.4648E+05 1.4747E-02
1.4669E+05 9.6830E-03
1.4690E+05 4.3895E-03
1.4711E+05 1.4648E-03
1.4731E+05 2.2441E-04
