# S9W
# energy
# AKARI, http://www.ir.isas.jaxa.jp/ASTRO-F/Observation/RSRF/IRC_FAD/index.html
4.7377E+04 1.0496E-04
4.7399E+04 1.0768E-04
4.7421E+04 1.0717E-04
4.7442E+04 1.0742E-04
4.7464E+04 1.0952E-04
4.7486E+04 1.1182E-04
4.7508E+04 1.1399E-04
4.7529E+04 1.1666E-04
4.7551E+04 1.2274E-04
4.7573E+04 1.2913E-04
4.7595E+04 1.3027E-04
4.7617E+04 1.2851E-04
4.7639E+04 1.3076E-04
4.7660E+04 1.3842E-04
4.7682E+04 1.4639E-04
4.7704E+04 1.5067E-04
4.7726E+04 1.5216E-04
4.7748E+04 1.5499E-04
4.7770E+04 1.6045E-04
4.7792E+04 1.6542E-04
4.7814E+04 1.6838E-04
4.7836E+04 1.7049E-04
4.7858E+04 1.7435E-04
4.7881E+04 1.8084E-04
4.7903E+04 1.8723E-04
4.7925E+04 1.9226E-04
4.7947E+04 1.9609E-04
4.7969E+04 1.9761E-04
4.7991E+04 1.9710E-04
4.8014E+04 1.9634E-04
4.8036E+04 2.0122E-04
4.8058E+04 2.0918E-04
4.8080E+04 2.1054E-04
4.8103E+04 2.1017E-04
4.8125E+04 2.1551E-04
4.8147E+04 2.2484E-04
4.8170E+04 2.3050E-04
4.8192E+04 2.3009E-04
4.8214E+04 2.3045E-04
4.8237E+04 2.3631E-04
4.8259E+04 2.4136E-04
4.8282E+04 2.4375E-04
4.8304E+04 2.5196E-04
4.8327E+04 2.6384E-04
4.8349E+04 2.7046E-04
4.8372E+04 2.7470E-04
4.8394E+04 2.8064E-04
4.8417E+04 2.8718E-04
4.8440E+04 2.9376E-04
4.8462E+04 2.9466E-04
4.8485E+04 2.8848E-04
4.8508E+04 2.8430E-04
4.8530E+04 2.9077E-04
4.8553E+04 3.0323E-04
4.8576E+04 3.1057E-04
4.8598E+04 3.1280E-04
4.8621E+04 3.1596E-04
4.8644E+04 3.2155E-04
4.8667E+04 3.2515E-04
4.8690E+04 3.2573E-04
4.8713E+04 3.2929E-04
4.8736E+04 3.4040E-04
4.8758E+04 3.5281E-04
4.8781E+04 3.5914E-04
4.8804E+04 3.6538E-04
4.8827E+04 3.7687E-04
4.8850E+04 3.8775E-04
4.8873E+04 3.9158E-04
4.8896E+04 3.9104E-04
4.8919E+04 3.9454E-04
4.8943E+04 4.0369E-04
4.8966E+04 4.1348E-04
4.8989E+04 4.1972E-04
4.9012E+04 4.2208E-04
4.9035E+04 4.2173E-04
4.9058E+04 4.2387E-04
4.9081E+04 4.3132E-04
4.9105E+04 4.3542E-04
4.9128E+04 4.3514E-04
4.9151E+04 4.3923E-04
4.9175E+04 4.4460E-04
4.9198E+04 4.4968E-04
4.9221E+04 4.6400E-04
4.9245E+04 4.7769E-04
4.9268E+04 4.7726E-04
4.9291E+04 4.8014E-04
4.9315E+04 4.9563E-04
4.9338E+04 5.1246E-04
4.9362E+04 5.2348E-04
4.9385E+04 5.2334E-04
4.9409E+04 5.3158E-04
4.9432E+04 5.5969E-04
4.9456E+04 5.7797E-04
4.9480E+04 5.7204E-04
4.9503E+04 5.6364E-04
4.9527E+04 5.6820E-04
4.9550E+04 5.7889E-04
4.9574E+04 5.9113E-04
4.9598E+04 6.0450E-04
4.9622E+04 6.1994E-04
4.9645E+04 6.3398E-04
4.9669E+04 6.3632E-04
4.9693E+04 6.3029E-04
4.9717E+04 6.3089E-04
4.9741E+04 6.4291E-04
4.9764E+04 6.5607E-04
4.9788E+04 6.5941E-04
4.9812E+04 6.5880E-04
4.9836E+04 6.7016E-04
4.9860E+04 6.9094E-04
4.9884E+04 7.0337E-04
4.9908E+04 7.0443E-04
4.9932E+04 7.0620E-04
4.9956E+04 7.1433E-04
4.9980E+04 7.2001E-04
5.0004E+04 7.2060E-04
5.0029E+04 7.3179E-04
5.0053E+04 7.5592E-04
5.0077E+04 7.7121E-04
5.0101E+04 7.6648E-04
5.0125E+04 7.6567E-04
5.0150E+04 7.8289E-04
5.0174E+04 7.9505E-04
5.0198E+04 7.8940E-04
5.0222E+04 7.9117E-04
5.0247E+04 8.2332E-04
5.0271E+04 8.6013E-04
5.0295E+04 8.6193E-04
5.0320E+04 8.3621E-04
5.0344E+04 8.1999E-04
5.0369E+04 8.2205E-04
5.0393E+04 8.2221E-04
5.0418E+04 8.1992E-04
5.0442E+04 8.3308E-04
5.0467E+04 8.6360E-04
5.0491E+04 8.8758E-04
5.0516E+04 8.8224E-04
5.0541E+04 8.6595E-04
5.0565E+04 8.7086E-04
5.0590E+04 8.8496E-04
5.0615E+04 8.9139E-04
5.0639E+04 9.0235E-04
5.0664E+04 9.2031E-04
5.0689E+04 9.4969E-04
5.0714E+04 9.7540E-04
5.0738E+04 9.6729E-04
5.0763E+04 9.4212E-04
5.0788E+04 9.4832E-04
5.0813E+04 9.9450E-04
5.0838E+04 1.0396E-03
5.0863E+04 1.0507E-03
5.0888E+04 1.0441E-03
5.0913E+04 1.0428E-03
5.0938E+04 1.0368E-03
5.0963E+04 1.0175E-03
5.0988E+04 1.0173E-03
5.1013E+04 1.0522E-03
5.1038E+04 1.0732E-03
5.1063E+04 1.0606E-03
5.1088E+04 1.0593E-03
5.1113E+04 1.0761E-03
5.1139E+04 1.0851E-03
5.1164E+04 1.0880E-03
5.1189E+04 1.0993E-03
5.1214E+04 1.1246E-03
5.1240E+04 1.1544E-03
5.1265E+04 1.1679E-03
5.1290E+04 1.1567E-03
5.1316E+04 1.1485E-03
5.1341E+04 1.1686E-03
5.1367E+04 1.1898E-03
5.1392E+04 1.1860E-03
5.1418E+04 1.1729E-03
5.1443E+04 1.1642E-03
5.1469E+04 1.1525E-03
5.1494E+04 1.1405E-03
5.1520E+04 1.1652E-03
5.1545E+04 1.2324E-03
5.1571E+04 1.2945E-03
5.1597E+04 1.3125E-03
5.1622E+04 1.2793E-03
5.1648E+04 1.2334E-03
5.1674E+04 1.2206E-03
5.1699E+04 1.2336E-03
5.1725E+04 1.2452E-03
5.1751E+04 1.2473E-03
5.1777E+04 1.2534E-03
5.1803E+04 1.2728E-03
5.1829E+04 1.2805E-03
5.1855E+04 1.2503E-03
5.1881E+04 1.2148E-03
5.1906E+04 1.2169E-03
5.1932E+04 1.2312E-03
5.1959E+04 1.2339E-03
5.1985E+04 1.2459E-03
5.2011E+04 1.2760E-03
5.2037E+04 1.3164E-03
5.2063E+04 1.3448E-03
5.2089E+04 1.3415E-03
5.2115E+04 1.3338E-03
5.2141E+04 1.3421E-03
5.2168E+04 1.3471E-03
5.2194E+04 1.3435E-03
5.2220E+04 1.3507E-03
5.2246E+04 1.3892E-03
5.2273E+04 1.4242E-03
5.2299E+04 1.4102E-03
5.2326E+04 1.3896E-03
5.2352E+04 1.3983E-03
5.2378E+04 1.4010E-03
5.2405E+04 1.3895E-03
5.2431E+04 1.3927E-03
5.2458E+04 1.4085E-03
5.2484E+04 1.4227E-03
5.2511E+04 1.4319E-03
5.2538E+04 1.4246E-03
5.2564E+04 1.4196E-03
5.2591E+04 1.4540E-03
5.2618E+04 1.4973E-03
5.2644E+04 1.5007E-03
5.2671E+04 1.4757E-03
5.2698E+04 1.4593E-03
5.2725E+04 1.4568E-03
5.2751E+04 1.4555E-03
5.2778E+04 1.4484E-03
5.2805E+04 1.4386E-03
5.2832E+04 1.4234E-03
5.2859E+04 1.3985E-03
5.2886E+04 1.4111E-03
5.2913E+04 1.4730E-03
5.2940E+04 1.5132E-03
5.2967E+04 1.5167E-03
5.2994E+04 1.5065E-03
5.3021E+04 1.5050E-03
5.3048E+04 1.5411E-03
5.3075E+04 1.5651E-03
5.3102E+04 1.5338E-03
5.3130E+04 1.4994E-03
5.3157E+04 1.5012E-03
5.3184E+04 1.5205E-03
5.3211E+04 1.5305E-03
5.3239E+04 1.5211E-03
5.3266E+04 1.5180E-03
5.3294E+04 1.5597E-03
5.3321E+04 1.6142E-03
5.3348E+04 1.6065E-03
5.3376E+04 1.5515E-03
5.3403E+04 1.5416E-03
5.3431E+04 1.5770E-03
5.3458E+04 1.5766E-03
5.3486E+04 1.5539E-03
5.3514E+04 1.5737E-03
5.3541E+04 1.6096E-03
5.3569E+04 1.6134E-03
5.3596E+04 1.5983E-03
5.3624E+04 1.6042E-03
5.3652E+04 1.6430E-03
5.3680E+04 1.6767E-03
5.3707E+04 1.6662E-03
5.3735E+04 1.6240E-03
5.3763E+04 1.6147E-03
5.3791E+04 1.6513E-03
5.3819E+04 1.6573E-03
5.3847E+04 1.6358E-03
5.3875E+04 1.6708E-03
5.3903E+04 1.7265E-03
5.3931E+04 1.7108E-03
5.3959E+04 1.6594E-03
5.3987E+04 1.6580E-03
5.4015E+04 1.6967E-03
5.4043E+04 1.7179E-03
5.4072E+04 1.7182E-03
5.4100E+04 1.7191E-03
5.4128E+04 1.7190E-03
5.4156E+04 1.7210E-03
5.4185E+04 1.7361E-03
5.4213E+04 1.7473E-03
5.4241E+04 1.7350E-03
5.4270E+04 1.7252E-03
5.4298E+04 1.7106E-03
5.4326E+04 1.6687E-03
5.4355E+04 1.6427E-03
5.4383E+04 1.6687E-03
5.4412E+04 1.7180E-03
5.4441E+04 1.7444E-03
5.4469E+04 1.7453E-03
5.4498E+04 1.7477E-03
5.4526E+04 1.7601E-03
5.4555E+04 1.7538E-03
5.4584E+04 1.7112E-03
5.4613E+04 1.6984E-03
5.4641E+04 1.7566E-03
5.4670E+04 1.8196E-03
5.4699E+04 1.8165E-03
5.4728E+04 1.7482E-03
5.4757E+04 1.7083E-03
5.4786E+04 1.7208E-03
5.4815E+04 1.7310E-03
5.4844E+04 1.7755E-03
5.4873E+04 1.8490E-03
5.4902E+04 1.8702E-03
5.4931E+04 1.8431E-03
5.4960E+04 1.8106E-03
5.4989E+04 1.7994E-03
5.5018E+04 1.8104E-03
5.5047E+04 1.8186E-03
5.5077E+04 1.8063E-03
5.5106E+04 1.7844E-03
5.5135E+04 1.7818E-03
5.5164E+04 1.7936E-03
5.5194E+04 1.8137E-03
5.5223E+04 1.8451E-03
5.5253E+04 1.8500E-03
5.5282E+04 1.8138E-03
5.5312E+04 1.7660E-03
5.5341E+04 1.7117E-03
5.5371E+04 1.6815E-03
5.5400E+04 1.7104E-03
5.5430E+04 1.7485E-03
5.5459E+04 1.7479E-03
5.5489E+04 1.7390E-03
5.5519E+04 1.7672E-03
5.5549E+04 1.8277E-03
5.5578E+04 1.8408E-03
5.5608E+04 1.7862E-03
5.5638E+04 1.7646E-03
5.5668E+04 1.8173E-03
5.5698E+04 1.8515E-03
5.5728E+04 1.8261E-03
5.5758E+04 1.8306E-03
5.5788E+04 1.8825E-03
5.5818E+04 1.8883E-03
5.5848E+04 1.8168E-03
5.5878E+04 1.7314E-03
5.5908E+04 1.7117E-03
5.5938E+04 1.7569E-03
5.5968E+04 1.7966E-03
5.5998E+04 1.7871E-03
5.6029E+04 1.7495E-03
5.6059E+04 1.7173E-03
5.6089E+04 1.6878E-03
5.6120E+04 1.6748E-03
5.6150E+04 1.6980E-03
5.6180E+04 1.7273E-03
5.6211E+04 1.7429E-03
5.6241E+04 1.7204E-03
5.6272E+04 1.6742E-03
5.6302E+04 1.6725E-03
5.6333E+04 1.6673E-03
5.6364E+04 1.6249E-03
5.6394E+04 1.6284E-03
5.6425E+04 1.6976E-03
5.6456E+04 1.7735E-03
5.6486E+04 1.7756E-03
5.6517E+04 1.6929E-03
5.6548E+04 1.6207E-03
5.6579E+04 1.6076E-03
5.6610E+04 1.6321E-03
5.6641E+04 1.6529E-03
5.6672E+04 1.6406E-03
5.6703E+04 1.6265E-03
5.6734E+04 1.6738E-03
5.6765E+04 1.7377E-03
5.6796E+04 1.7268E-03
5.6827E+04 1.7154E-03
5.6858E+04 1.7439E-03
5.6889E+04 1.7162E-03
5.6921E+04 1.6332E-03
5.6952E+04 1.5735E-03
5.6983E+04 1.5898E-03
5.7014E+04 1.6370E-03
5.7046E+04 1.6402E-03
5.7077E+04 1.6222E-03
5.7109E+04 1.6197E-03
5.7140E+04 1.6516E-03
5.7172E+04 1.7172E-03
5.7203E+04 1.7841E-03
5.7235E+04 1.8426E-03
5.7266E+04 1.8784E-03
5.7298E+04 1.9022E-03
5.7330E+04 1.9663E-03
5.7361E+04 2.0546E-03
5.7393E+04 2.1300E-03
5.7425E+04 2.1976E-03
5.7457E+04 2.2637E-03
5.7488E+04 2.2953E-03
5.7520E+04 2.3544E-03
5.7552E+04 2.5052E-03
5.7584E+04 2.6561E-03
5.7616E+04 2.8135E-03
5.7648E+04 3.0085E-03
5.7680E+04 3.1287E-03
5.7712E+04 3.2078E-03
5.7745E+04 3.3273E-03
5.7777E+04 3.4595E-03
5.7809E+04 3.5763E-03
5.7841E+04 3.7028E-03
5.7873E+04 3.8916E-03
5.7906E+04 4.1214E-03
5.7938E+04 4.3557E-03
5.7970E+04 4.5956E-03
5.8003E+04 4.8042E-03
5.8035E+04 4.9990E-03
5.8068E+04 5.2464E-03
5.8100E+04 5.5570E-03
5.8133E+04 5.8798E-03
5.8166E+04 6.2121E-03
5.8198E+04 6.5600E-03
5.8231E+04 6.8734E-03
5.8264E+04 7.1741E-03
5.8296E+04 7.5273E-03
5.8329E+04 7.9341E-03
5.8362E+04 8.4027E-03
5.8395E+04 8.9478E-03
5.8428E+04 9.5011E-03
5.8461E+04 1.0006E-02
5.8494E+04 1.0444E-02
5.8527E+04 1.0851E-02
5.8560E+04 1.1387E-02
5.8593E+04 1.2050E-02
5.8626E+04 1.2694E-02
5.8659E+04 1.3376E-02
5.8692E+04 1.4144E-02
5.8725E+04 1.4851E-02
5.8759E+04 1.5699E-02
5.8792E+04 1.6825E-02
5.8825E+04 1.7695E-02
5.8859E+04 1.8417E-02
5.8892E+04 1.9366E-02
5.8926E+04 2.0400E-02
5.8959E+04 2.1647E-02
5.8993E+04 2.2815E-02
5.9026E+04 2.3854E-02
5.9060E+04 2.5208E-02
5.9094E+04 2.6595E-02
5.9127E+04 2.8079E-02
5.9161E+04 2.9791E-02
5.9195E+04 3.1455E-02
5.9229E+04 3.3276E-02
5.9262E+04 3.5081E-02
5.9296E+04 3.6890E-02
5.9330E+04 3.9213E-02
5.9364E+04 4.1699E-02
5.9398E+04 4.4071E-02
5.9432E+04 4.6407E-02
5.9466E+04 4.8962E-02
5.9500E+04 5.2068E-02
5.9535E+04 5.5033E-02
5.9569E+04 5.7977E-02
5.9603E+04 6.1312E-02
5.9637E+04 6.4786E-02
5.9672E+04 6.9110E-02
5.9706E+04 7.3341E-02
5.9740E+04 7.6702E-02
5.9775E+04 8.1202E-02
5.9809E+04 8.6446E-02
5.9844E+04 9.0881E-02
5.9878E+04 9.6031E-02
5.9913E+04 1.0185E-01
5.9948E+04 1.0674E-01
5.9982E+04 1.1215E-01
6.0017E+04 1.1864E-01
6.0052E+04 1.2494E-01
6.0086E+04 1.3174E-01
6.0121E+04 1.3951E-01
6.0156E+04 1.4654E-01
6.0191E+04 1.5289E-01
6.0226E+04 1.6028E-01
6.0261E+04 1.6778E-01
6.0296E+04 1.7532E-01
6.0331E+04 1.8327E-01
6.0366E+04 1.9082E-01
6.0401E+04 1.9843E-01
6.0437E+04 2.0619E-01
6.0472E+04 2.1509E-01
6.0507E+04 2.2299E-01
6.0542E+04 2.2821E-01
6.0578E+04 2.3435E-01
6.0613E+04 2.4096E-01
6.0649E+04 2.4758E-01
6.0684E+04 2.5382E-01
6.0720E+04 2.5892E-01
6.0755E+04 2.6462E-01
6.0791E+04 2.6862E-01
6.0827E+04 2.7228E-01
6.0862E+04 2.7706E-01
6.0898E+04 2.7988E-01
6.0934E+04 2.8290E-01
6.0970E+04 2.8536E-01
6.1005E+04 2.8709E-01
6.1041E+04 2.9070E-01
6.1077E+04 2.9171E-01
6.1113E+04 2.9301E-01
6.1149E+04 2.9629E-01
6.1185E+04 2.9494E-01
6.1221E+04 2.9373E-01
6.1258E+04 2.9472E-01
6.1294E+04 2.9528E-01
6.1330E+04 2.9598E-01
6.1366E+04 2.9561E-01
6.1403E+04 2.9628E-01
6.1439E+04 2.9672E-01
6.1476E+04 2.9519E-01
6.1512E+04 2.9392E-01
6.1548E+04 2.9380E-01
6.1585E+04 2.9469E-01
6.1622E+04 2.9387E-01
6.1658E+04 2.9229E-01
6.1695E+04 2.9176E-01
6.1732E+04 2.9158E-01
6.1768E+04 2.9082E-01
6.1805E+04 2.9045E-01
6.1842E+04 2.9167E-01
6.1879E+04 2.9029E-01
6.1916E+04 2.8837E-01
6.1953E+04 2.8879E-01
6.1990E+04 2.8825E-01
6.2027E+04 2.8781E-01
6.2064E+04 2.8757E-01
6.2101E+04 2.8722E-01
6.2139E+04 2.8690E-01
6.2176E+04 2.8582E-01
6.2213E+04 2.8550E-01
6.2250E+04 2.8533E-01
6.2288E+04 2.8483E-01
6.2325E+04 2.8475E-01
6.2363E+04 2.8448E-01
6.2400E+04 2.8434E-01
6.2438E+04 2.8462E-01
6.2475E+04 2.8433E-01
6.2513E+04 2.8398E-01
6.2551E+04 2.8405E-01
6.2589E+04 2.8355E-01
6.2626E+04 2.8288E-01
6.2664E+04 2.8296E-01
6.2702E+04 2.8327E-01
6.2740E+04 2.8296E-01
6.2778E+04 2.8301E-01
6.2816E+04 2.8339E-01
6.2854E+04 2.8350E-01
6.2892E+04 2.8389E-01
6.2930E+04 2.8397E-01
6.2969E+04 2.8385E-01
6.3007E+04 2.8382E-01
6.3045E+04 2.8410E-01
6.3083E+04 2.8418E-01
6.3122E+04 2.8420E-01
6.3160E+04 2.8490E-01
6.3199E+04 2.8536E-01
6.3237E+04 2.8581E-01
6.3276E+04 2.8643E-01
6.3315E+04 2.8712E-01
6.3353E+04 2.8719E-01
6.3392E+04 2.8780E-01
6.3431E+04 2.9006E-01
6.3470E+04 2.8989E-01
6.3508E+04 2.8885E-01
6.3547E+04 2.9050E-01
6.3586E+04 2.9203E-01
6.3625E+04 2.9189E-01
6.3664E+04 2.9324E-01
6.3703E+04 2.9565E-01
6.3743E+04 2.9542E-01
6.3782E+04 2.9518E-01
6.3821E+04 2.9586E-01
6.3860E+04 2.9699E-01
6.3900E+04 2.9861E-01
6.3939E+04 2.9885E-01
6.3979E+04 2.9939E-01
6.4018E+04 2.9938E-01
6.4058E+04 3.0103E-01
6.4097E+04 3.0404E-01
6.4137E+04 3.0367E-01
6.4176E+04 3.0586E-01
6.4216E+04 3.0714E-01
6.4256E+04 3.0423E-01
6.4296E+04 3.0658E-01
6.4336E+04 3.0956E-01
6.4376E+04 3.0873E-01
6.4416E+04 3.0918E-01
6.4456E+04 3.1090E-01
6.4496E+04 3.1298E-01
6.4536E+04 3.1342E-01
6.4576E+04 3.1347E-01
6.4616E+04 3.1466E-01
6.4657E+04 3.1524E-01
6.4697E+04 3.1757E-01
6.4737E+04 3.1816E-01
6.4778E+04 3.1554E-01
6.4818E+04 3.1570E-01
6.4859E+04 3.1393E-01
6.4899E+04 3.0906E-01
6.4940E+04 3.0920E-01
6.4981E+04 3.1207E-01
6.5021E+04 3.1462E-01
6.5062E+04 3.1973E-01
6.5103E+04 3.2452E-01
6.5144E+04 3.2789E-01
6.5185E+04 3.3217E-01
6.5226E+04 3.3389E-01
6.5267E+04 3.3427E-01
6.5308E+04 3.3649E-01
6.5349E+04 3.3717E-01
6.5390E+04 3.3876E-01
6.5432E+04 3.4165E-01
6.5473E+04 3.4178E-01
6.5514E+04 3.4319E-01
6.5556E+04 3.4554E-01
6.5597E+04 3.4544E-01
6.5639E+04 3.4643E-01
6.5680E+04 3.4894E-01
6.5722E+04 3.5134E-01
6.5764E+04 3.5285E-01
6.5805E+04 3.5087E-01
6.5847E+04 3.5078E-01
6.5889E+04 3.5535E-01
6.5931E+04 3.5614E-01
6.5973E+04 3.5579E-01
6.6015E+04 3.5714E-01
6.6057E+04 3.5646E-01
6.6099E+04 3.5872E-01
6.6141E+04 3.6031E-01
6.6183E+04 3.5937E-01
6.6226E+04 3.6191E-01
6.6268E+04 3.6302E-01
6.6310E+04 3.6279E-01
6.6353E+04 3.6481E-01
6.6395E+04 3.6541E-01
6.6438E+04 3.6449E-01
6.6480E+04 3.6428E-01
6.6523E+04 3.6499E-01
6.6566E+04 3.6684E-01
6.6608E+04 3.6676E-01
6.6651E+04 3.6590E-01
6.6694E+04 3.6938E-01
6.6737E+04 3.6996E-01
6.6780E+04 3.6865E-01
6.6823E+04 3.7219E-01
6.6866E+04 3.7238E-01
6.6909E+04 3.7112E-01
6.6952E+04 3.7311E-01
6.6996E+04 3.7337E-01
6.7039E+04 3.7359E-01
6.7082E+04 3.7633E-01
6.7126E+04 3.7749E-01
6.7169E+04 3.7663E-01
6.7213E+04 3.7824E-01
6.7256E+04 3.7942E-01
6.7300E+04 3.7834E-01
6.7344E+04 3.7926E-01
6.7387E+04 3.8038E-01
6.7431E+04 3.8045E-01
6.7475E+04 3.8174E-01
6.7519E+04 3.8248E-01
6.7563E+04 3.8263E-01
6.7607E+04 3.8334E-01
6.7651E+04 3.8306E-01
6.7695E+04 3.8490E-01
6.7740E+04 3.8660E-01
6.7784E+04 3.8428E-01
6.7828E+04 3.8480E-01
6.7873E+04 3.8690E-01
6.7917E+04 3.8703E-01
6.7961E+04 3.8750E-01
6.8006E+04 3.8647E-01
6.8051E+04 3.8561E-01
6.8095E+04 3.8630E-01
6.8140E+04 3.8630E-01
6.8185E+04 3.8543E-01
6.8230E+04 3.8672E-01
6.8275E+04 3.8852E-01
6.8320E+04 3.8642E-01
6.8365E+04 3.8620E-01
6.8410E+04 3.8741E-01
6.8455E+04 3.8686E-01
6.8500E+04 3.8846E-01
6.8545E+04 3.8847E-01
6.8591E+04 3.8885E-01
6.8636E+04 3.9148E-01
6.8682E+04 3.8950E-01
6.8727E+04 3.8741E-01
6.8773E+04 3.8767E-01
6.8818E+04 3.8693E-01
6.8864E+04 3.8719E-01
6.8910E+04 3.8752E-01
6.8956E+04 3.8651E-01
6.9001E+04 3.8640E-01
6.9047E+04 3.8680E-01
6.9093E+04 3.8580E-01
6.9139E+04 3.8465E-01
6.9186E+04 3.8458E-01
6.9232E+04 3.8399E-01
6.9278E+04 3.8295E-01
6.9324E+04 3.8263E-01
6.9371E+04 3.8159E-01
6.9417E+04 3.8085E-01
6.9464E+04 3.8098E-01
6.9510E+04 3.7929E-01
6.9557E+04 3.8050E-01
6.9603E+04 3.8329E-01
6.9650E+04 3.7984E-01
6.9697E+04 3.7763E-01
6.9744E+04 3.7863E-01
6.9791E+04 3.7797E-01
6.9838E+04 3.7763E-01
6.9885E+04 3.7770E-01
6.9932E+04 3.7843E-01
6.9979E+04 3.7779E-01
7.0026E+04 3.7674E-01
7.0074E+04 3.7776E-01
7.0121E+04 3.7757E-01
7.0169E+04 3.7860E-01
7.0216E+04 3.7996E-01
7.0264E+04 3.7940E-01
7.0311E+04 3.7980E-01
7.0359E+04 3.7894E-01
7.0407E+04 3.8117E-01
7.0455E+04 3.8516E-01
7.0503E+04 3.8289E-01
7.0550E+04 3.8261E-01
7.0598E+04 3.8462E-01
7.0647E+04 3.8450E-01
7.0695E+04 3.8630E-01
7.0743E+04 3.8821E-01
7.0791E+04 3.8955E-01
7.0840E+04 3.9094E-01
7.0888E+04 3.9276E-01
7.0937E+04 3.9516E-01
7.0985E+04 3.9677E-01
7.1034E+04 3.9887E-01
7.1082E+04 4.0043E-01
7.1131E+04 4.0241E-01
7.1180E+04 4.0566E-01
7.1229E+04 4.0715E-01
7.1278E+04 4.0907E-01
7.1327E+04 4.1169E-01
7.1376E+04 4.1330E-01
7.1425E+04 4.1690E-01
7.1474E+04 4.2029E-01
7.1524E+04 4.2110E-01
7.1573E+04 4.2284E-01
7.1622E+04 4.2524E-01
7.1672E+04 4.2840E-01
7.1721E+04 4.3178E-01
7.1771E+04 4.3372E-01
7.1821E+04 4.3704E-01
7.1871E+04 4.4217E-01
7.1920E+04 4.4625E-01
7.1970E+04 4.4845E-01
7.2020E+04 4.5329E-01
7.2070E+04 4.5913E-01
7.2120E+04 4.6002E-01
7.2171E+04 4.6241E-01
7.2221E+04 4.6734E-01
7.2271E+04 4.7061E-01
7.2322E+04 4.7403E-01
7.2372E+04 4.7712E-01
7.2423E+04 4.8038E-01
7.2473E+04 4.8413E-01
7.2524E+04 4.8777E-01
7.2575E+04 4.9141E-01
7.2625E+04 4.9471E-01
7.2676E+04 4.9843E-01
7.2727E+04 5.0232E-01
7.2778E+04 5.0603E-01
7.2829E+04 5.0935E-01
7.2881E+04 5.1315E-01
7.2932E+04 5.1723E-01
7.2983E+04 5.1993E-01
7.3035E+04 5.2413E-01
7.3086E+04 5.2828E-01
7.3138E+04 5.3040E-01
7.3189E+04 5.3430E-01
7.3241E+04 5.3698E-01
7.3293E+04 5.3964E-01
7.3345E+04 5.4459E-01
7.3396E+04 5.4742E-01
7.3448E+04 5.5089E-01
7.3500E+04 5.5481E-01
7.3553E+04 5.5741E-01
7.3605E+04 5.6106E-01
7.3657E+04 5.6376E-01
7.3709E+04 5.6639E-01
7.3762E+04 5.7036E-01
7.3814E+04 5.7395E-01
7.3867E+04 5.7699E-01
7.3920E+04 5.8002E-01
7.3972E+04 5.8282E-01
7.4025E+04 5.8561E-01
7.4078E+04 5.8914E-01
7.4131E+04 5.9180E-01
7.4184E+04 5.9378E-01
7.4237E+04 5.9659E-01
7.4290E+04 5.9980E-01
7.4344E+04 6.0250E-01
7.4397E+04 6.0424E-01
7.4450E+04 6.0637E-01
7.4504E+04 6.0898E-01
7.4557E+04 6.1111E-01
7.4611E+04 6.1364E-01
7.4665E+04 6.1594E-01
7.4718E+04 6.1751E-01
7.4772E+04 6.1949E-01
7.4826E+04 6.2120E-01
7.4880E+04 6.2243E-01
7.4934E+04 6.2377E-01
7.4989E+04 6.2529E-01
7.5043E+04 6.2736E-01
7.5097E+04 6.2838E-01
7.5152E+04 6.2931E-01
7.5206E+04 6.3113E-01
7.5261E+04 6.3194E-01
7.5315E+04 6.3299E-01
7.5370E+04 6.3397E-01
7.5425E+04 6.3432E-01
7.5480E+04 6.3496E-01
7.5535E+04 6.3516E-01
7.5590E+04 6.3559E-01
7.5645E+04 6.3602E-01
7.5700E+04 6.3692E-01
7.5755E+04 6.3856E-01
7.5811E+04 6.3834E-01
7.5866E+04 6.3806E-01
7.5922E+04 6.3887E-01
7.5977E+04 6.3882E-01
7.6033E+04 6.3930E-01
7.6089E+04 6.4022E-01
7.6145E+04 6.4084E-01
7.6201E+04 6.4126E-01
7.6257E+04 6.4132E-01
7.6313E+04 6.4207E-01
7.6369E+04 6.4288E-01
7.6425E+04 6.4348E-01
7.6482E+04 6.4397E-01
7.6538E+04 6.4378E-01
7.6595E+04 6.4390E-01
7.6651E+04 6.4444E-01
7.6708E+04 6.4509E-01
7.6765E+04 6.4516E-01
7.6822E+04 6.4534E-01
7.6879E+04 6.4637E-01
7.6936E+04 6.4654E-01
7.6993E+04 6.4701E-01
7.7050E+04 6.4747E-01
7.7107E+04 6.4713E-01
7.7165E+04 6.4774E-01
7.7222E+04 6.4835E-01
7.7280E+04 6.4859E-01
7.7337E+04 6.4870E-01
7.7395E+04 6.4905E-01
7.7453E+04 6.5042E-01
7.7511E+04 6.5086E-01
7.7569E+04 6.5177E-01
7.7627E+04 6.5379E-01
7.7685E+04 6.5450E-01
7.7743E+04 6.5551E-01
7.7801E+04 6.5666E-01
7.7860E+04 6.5730E-01
7.7918E+04 6.5879E-01
7.7977E+04 6.6097E-01
7.8035E+04 6.6327E-01
7.8094E+04 6.6451E-01
7.8153E+04 6.6647E-01
7.8212E+04 6.6915E-01
7.8271E+04 6.6978E-01
7.8330E+04 6.7155E-01
7.8389E+04 6.7469E-01
7.8449E+04 6.7687E-01
7.8508E+04 6.7887E-01
7.8568E+04 6.8127E-01
7.8627E+04 6.8451E-01
7.8687E+04 6.8687E-01
7.8747E+04 6.8894E-01
7.8806E+04 6.9255E-01
7.8866E+04 6.9533E-01
7.8926E+04 6.9774E-01
7.8986E+04 7.0057E-01
7.9047E+04 7.0264E-01
7.9107E+04 7.0549E-01
7.9167E+04 7.0921E-01
7.9228E+04 7.1214E-01
7.9288E+04 7.1465E-01
7.9349E+04 7.1789E-01
7.9410E+04 7.2099E-01
7.9471E+04 7.2352E-01
7.9532E+04 7.2680E-01
7.9593E+04 7.2980E-01
7.9654E+04 7.3296E-01
7.9715E+04 7.3703E-01
7.9776E+04 7.4013E-01
7.9838E+04 7.4377E-01
7.9899E+04 7.4794E-01
7.9961E+04 7.5097E-01
8.0023E+04 7.5455E-01
8.0084E+04 7.5637E-01
8.0146E+04 7.5684E-01
8.0208E+04 7.5959E-01
8.0270E+04 7.6196E-01
8.0332E+04 7.6281E-01
8.0395E+04 7.6436E-01
8.0457E+04 7.6642E-01
8.0520E+04 7.6822E-01
8.0582E+04 7.6903E-01
8.0645E+04 7.7045E-01
8.0708E+04 7.7197E-01
8.0770E+04 7.7257E-01
8.0833E+04 7.7378E-01
8.0896E+04 7.7480E-01
8.0960E+04 7.7570E-01
8.1023E+04 7.7714E-01
8.1086E+04 7.7833E-01
8.1150E+04 7.7877E-01
8.1213E+04 7.7911E-01
8.1277E+04 7.8040E-01
8.1341E+04 7.8101E-01
8.1404E+04 7.8165E-01
8.1468E+04 7.8306E-01
8.1532E+04 7.8341E-01
8.1597E+04 7.8437E-01
8.1661E+04 7.8643E-01
8.1725E+04 7.8739E-01
8.1790E+04 7.8811E-01
8.1854E+04 7.8879E-01
8.1919E+04 7.8927E-01
8.1984E+04 7.9023E-01
8.2048E+04 7.9062E-01
8.2113E+04 7.9131E-01
8.2178E+04 7.9275E-01
8.2244E+04 7.9312E-01
8.2309E+04 7.9317E-01
8.2374E+04 7.9466E-01
8.2440E+04 7.9686E-01
8.2505E+04 7.9771E-01
8.2571E+04 7.9813E-01
8.2637E+04 7.9880E-01
8.2703E+04 7.9948E-01
8.2769E+04 8.0079E-01
8.2835E+04 8.0148E-01
8.2901E+04 8.0260E-01
8.2967E+04 8.0473E-01
8.3034E+04 8.0584E-01
8.3100E+04 8.0698E-01
8.3167E+04 8.0848E-01
8.3234E+04 8.0989E-01
8.3301E+04 8.1095E-01
8.3368E+04 8.1135E-01
8.3435E+04 8.1287E-01
8.3502E+04 8.1410E-01
8.3569E+04 8.1474E-01
8.3636E+04 8.1648E-01
8.3704E+04 8.1743E-01
8.3772E+04 8.1784E-01
8.3839E+04 8.1994E-01
8.3907E+04 8.2208E-01
8.3975E+04 8.2234E-01
8.4043E+04 8.2308E-01
8.4111E+04 8.2478E-01
8.4180E+04 8.2508E-01
8.4248E+04 8.2580E-01
8.4316E+04 8.2770E-01
8.4385E+04 8.2879E-01
8.4454E+04 8.2971E-01
8.4523E+04 8.3045E-01
8.4592E+04 8.3087E-01
8.4661E+04 8.3171E-01
8.4730E+04 8.3238E-01
8.4799E+04 8.3297E-01
8.4868E+04 8.3368E-01
8.4938E+04 8.3384E-01
8.5008E+04 8.3445E-01
8.5077E+04 8.3612E-01
8.5147E+04 8.3689E-01
8.5217E+04 8.3805E-01
8.5287E+04 8.3907E-01
8.5357E+04 8.3866E-01
8.5428E+04 8.3951E-01
8.5498E+04 8.4172E-01
8.5569E+04 8.4215E-01
8.5639E+04 8.4247E-01
8.5710E+04 8.4422E-01
8.5781E+04 8.4509E-01
8.5852E+04 8.4513E-01
8.5923E+04 8.4605E-01
8.5994E+04 8.4698E-01
8.6066E+04 8.4656E-01
8.6137E+04 8.4722E-01
8.6209E+04 8.4907E-01
8.6281E+04 8.4867E-01
8.6352E+04 8.4848E-01
8.6424E+04 8.5068E-01
8.6496E+04 8.5134E-01
8.6569E+04 8.5106E-01
8.6641E+04 8.5262E-01
8.6713E+04 8.5366E-01
8.6786E+04 8.5337E-01
8.6859E+04 8.5437E-01
8.6931E+04 8.5591E-01
8.7004E+04 8.5642E-01
8.7077E+04 8.5804E-01
8.7151E+04 8.5995E-01
8.7224E+04 8.6059E-01
8.7297E+04 8.6246E-01
8.7371E+04 8.6444E-01
8.7444E+04 8.6566E-01
8.7518E+04 8.6769E-01
8.7592E+04 8.6914E-01
8.7666E+04 8.7061E-01
8.7740E+04 8.7321E-01
8.7815E+04 8.7569E-01
8.7889E+04 8.7836E-01
8.7964E+04 8.8041E-01
8.8038E+04 8.8202E-01
8.8113E+04 8.8469E-01
8.8188E+04 8.8702E-01
8.8263E+04 8.8867E-01
8.8338E+04 8.9087E-01
8.8414E+04 8.9279E-01
8.8489E+04 8.9454E-01
8.8565E+04 8.9667E-01
8.8640E+04 8.9905E-01
8.8716E+04 9.0111E-01
8.8792E+04 9.0314E-01
8.8868E+04 9.0561E-01
8.8944E+04 9.0735E-01
8.9021E+04 9.0971E-01
8.9097E+04 9.1379E-01
8.9174E+04 9.1756E-01
8.9251E+04 9.1976E-01
8.9327E+04 9.2190E-01
8.9404E+04 9.2463E-01
8.9482E+04 9.2717E-01
8.9559E+04 9.3060E-01
8.9636E+04 9.3322E-01
8.9714E+04 9.3516E-01
8.9791E+04 9.3865E-01
8.9869E+04 9.4153E-01
8.9947E+04 9.4525E-01
9.0025E+04 9.4944E-01
9.0104E+04 9.5201E-01
9.0182E+04 9.5504E-01
9.0260E+04 9.5664E-01
9.0339E+04 9.5844E-01
9.0418E+04 9.6144E-01
9.0497E+04 9.6247E-01
9.0576E+04 9.6294E-01
9.0655E+04 9.6449E-01
9.0734E+04 9.6601E-01
9.0814E+04 9.6613E-01
9.0893E+04 9.6679E-01
9.0973E+04 9.6773E-01
9.1053E+04 9.6694E-01
9.1133E+04 9.6708E-01
9.1213E+04 9.6769E-01
9.1293E+04 9.6676E-01
9.1374E+04 9.6600E-01
9.1454E+04 9.6722E-01
9.1535E+04 9.6851E-01
9.1616E+04 9.6757E-01
9.1697E+04 9.6740E-01
9.1778E+04 9.6740E-01
9.1859E+04 9.6589E-01
9.1941E+04 9.6551E-01
9.2022E+04 9.6521E-01
9.2104E+04 9.6331E-01
9.2186E+04 9.6125E-01
9.2268E+04 9.6021E-01
9.2350E+04 9.6006E-01
9.2432E+04 9.5879E-01
9.2515E+04 9.5684E-01
9.2597E+04 9.5716E-01
9.2680E+04 9.5692E-01
9.2763E+04 9.5411E-01
9.2846E+04 9.5348E-01
9.2929E+04 9.5407E-01
9.3013E+04 9.5183E-01
9.3096E+04 9.4965E-01
9.3180E+04 9.4893E-01
9.3264E+04 9.4775E-01
9.3348E+04 9.4745E-01
9.3432E+04 9.4823E-01
9.3516E+04 9.4743E-01
9.3600E+04 9.4527E-01
9.3685E+04 9.4489E-01
9.3770E+04 9.4530E-01
9.3854E+04 9.4438E-01
9.3939E+04 9.4417E-01
9.4025E+04 9.4382E-01
9.4110E+04 9.4278E-01
9.4195E+04 9.4359E-01
9.4281E+04 9.4416E-01
9.4367E+04 9.4372E-01
9.4453E+04 9.4237E-01
9.4539E+04 9.4192E-01
9.4625E+04 9.4320E-01
9.4712E+04 9.4246E-01
9.4798E+04 9.4291E-01
9.4885E+04 9.4453E-01
9.4972E+04 9.4329E-01
9.5059E+04 9.4338E-01
9.5146E+04 9.4539E-01
9.5233E+04 9.4695E-01
9.5321E+04 9.4810E-01
9.5409E+04 9.4958E-01
9.5496E+04 9.5155E-01
9.5584E+04 9.5354E-01
9.5673E+04 9.5620E-01
9.5761E+04 9.5847E-01
9.5850E+04 9.6002E-01
9.5938E+04 9.6267E-01
9.6027E+04 9.6530E-01
9.6116E+04 9.6654E-01
9.6205E+04 9.6769E-01
9.6294E+04 9.7004E-01
9.6384E+04 9.7159E-01
9.6474E+04 9.7184E-01
9.6563E+04 9.7381E-01
9.6653E+04 9.7660E-01
9.6744E+04 9.7790E-01
9.6834E+04 9.7884E-01
9.6924E+04 9.7990E-01
9.7015E+04 9.8073E-01
9.7106E+04 9.8173E-01
9.7197E+04 9.8296E-01
9.7288E+04 9.8336E-01
9.7380E+04 9.8341E-01
9.7471E+04 9.8486E-01
9.7563E+04 9.8548E-01
9.7655E+04 9.8482E-01
9.7747E+04 9.8614E-01
9.7839E+04 9.8719E-01
9.7931E+04 9.8678E-01
9.8024E+04 9.8761E-01
9.8117E+04 9.8835E-01
9.8209E+04 9.8726E-01
9.8303E+04 9.8582E-01
9.8396E+04 9.8674E-01
9.8489E+04 9.8881E-01
9.8583E+04 9.8880E-01
9.8677E+04 9.8961E-01
9.8771E+04 9.9124E-01
9.8865E+04 9.9108E-01
9.8959E+04 9.9201E-01
9.9054E+04 9.9382E-01
9.9148E+04 9.9457E-01
9.9243E+04 9.9531E-01
9.9338E+04 9.9619E-01
9.9434E+04 9.9592E-01
9.9529E+04 9.9584E-01
9.9625E+04 9.9793E-01
9.9720E+04 9.9952E-01
9.9816E+04 9.9971E-01
9.9913E+04 1.0000E+00
1.0001E+05 9.9923E-01
1.0011E+05 9.9619E-01
1.0020E+05 9.9384E-01
1.0030E+05 9.9146E-01
1.0040E+05 9.8923E-01
1.0049E+05 9.8590E-01
1.0059E+05 9.8351E-01
1.0069E+05 9.8220E-01
1.0079E+05 9.7820E-01
1.0088E+05 9.7466E-01
1.0098E+05 9.7344E-01
1.0108E+05 9.7146E-01
1.0118E+05 9.6935E-01
1.0128E+05 9.6754E-01
1.0138E+05 9.6519E-01
1.0148E+05 9.6273E-01
1.0158E+05 9.6156E-01
1.0168E+05 9.6078E-01
1.0178E+05 9.5777E-01
1.0188E+05 9.5489E-01
1.0198E+05 9.5384E-01
1.0208E+05 9.5156E-01
1.0218E+05 9.4866E-01
1.0228E+05 9.4793E-01
1.0238E+05 9.4642E-01
1.0248E+05 9.4329E-01
1.0258E+05 9.4096E-01
1.0268E+05 9.3778E-01
1.0278E+05 9.3451E-01
1.0289E+05 9.3234E-01
1.0299E+05 9.2955E-01
1.0309E+05 9.2677E-01
1.0319E+05 9.2422E-01
1.0330E+05 9.2169E-01
1.0340E+05 9.1887E-01
1.0350E+05 9.1496E-01
1.0361E+05 9.1170E-01
1.0371E+05 9.0949E-01
1.0381E+05 9.0514E-01
1.0392E+05 8.9988E-01
1.0402E+05 8.9619E-01
1.0413E+05 8.9191E-01
1.0423E+05 8.8760E-01
1.0434E+05 8.8450E-01
1.0444E+05 8.8036E-01
1.0455E+05 8.7521E-01
1.0465E+05 8.7139E-01
1.0476E+05 8.6754E-01
1.0486E+05 8.6154E-01
1.0497E+05 8.5654E-01
1.0508E+05 8.5504E-01
1.0518E+05 8.5252E-01
1.0529E+05 8.5194E-01
1.0540E+05 8.5296E-01
1.0550E+05 8.5200E-01
1.0561E+05 8.5072E-01
1.0572E+05 8.5031E-01
1.0583E+05 8.5011E-01
1.0593E+05 8.4923E-01
1.0604E+05 8.4890E-01
1.0615E+05 8.4931E-01
1.0626E+05 8.4793E-01
1.0637E+05 8.4693E-01
1.0648E+05 8.4743E-01
1.0659E+05 8.4715E-01
1.0670E+05 8.4699E-01
1.0681E+05 8.4687E-01
1.0692E+05 8.4618E-01
1.0703E+05 8.4712E-01
1.0714E+05 8.4824E-01
1.0725E+05 8.4786E-01
1.0736E+05 8.4857E-01
1.0747E+05 8.4999E-01
1.0758E+05 8.5143E-01
1.0769E+05 8.5334E-01
1.0781E+05 8.5399E-01
1.0792E+05 8.5469E-01
1.0803E+05 8.5633E-01
1.0814E+05 8.5643E-01
1.0826E+05 8.5705E-01
1.0837E+05 8.5929E-01
1.0848E+05 8.5929E-01
1.0860E+05 8.5882E-01
1.0871E+05 8.6036E-01
1.0882E+05 8.6121E-01
1.0894E+05 8.6261E-01
1.0905E+05 8.6444E-01
1.0917E+05 8.6404E-01
1.0928E+05 8.6363E-01
1.0940E+05 8.6330E-01
1.0951E+05 8.6270E-01
1.0963E+05 8.6254E-01
1.0975E+05 8.6299E-01
1.0986E+05 8.6360E-01
1.0998E+05 8.6179E-01
1.1010E+05 8.5871E-01
1.1021E+05 8.5748E-01
1.1033E+05 8.5480E-01
1.1045E+05 8.5162E-01
1.1056E+05 8.4967E-01
1.1068E+05 8.4728E-01
1.1080E+05 8.4450E-01
1.1092E+05 8.4138E-01
1.1104E+05 8.3771E-01
1.1116E+05 8.3590E-01
1.1128E+05 8.3420E-01
1.1140E+05 8.2999E-01
1.1152E+05 8.2665E-01
1.1164E+05 8.2378E-01
1.1176E+05 8.1989E-01
1.1188E+05 8.1760E-01
1.1200E+05 8.1411E-01
1.1212E+05 8.0860E-01
1.1224E+05 8.0517E-01
1.1236E+05 8.0086E-01
1.1248E+05 7.9460E-01
1.1261E+05 7.8947E-01
1.1273E+05 7.8424E-01
1.1285E+05 7.7751E-01
1.1297E+05 7.7009E-01
1.1310E+05 7.6286E-01
1.1322E+05 7.5460E-01
1.1334E+05 7.4468E-01
1.1347E+05 7.3516E-01
1.1359E+05 7.2474E-01
1.1372E+05 7.1275E-01
1.1384E+05 7.0073E-01
1.1397E+05 6.8751E-01
1.1409E+05 6.7233E-01
1.1422E+05 6.5579E-01
1.1434E+05 6.3810E-01
1.1447E+05 6.1902E-01
1.1460E+05 5.9962E-01
1.1472E+05 5.7982E-01
1.1485E+05 5.5955E-01
1.1498E+05 5.3960E-01
1.1511E+05 5.1859E-01
1.1523E+05 4.9750E-01
1.1536E+05 4.7667E-01
1.1549E+05 4.5562E-01
1.1562E+05 4.3441E-01
1.1575E+05 4.1264E-01
1.1588E+05 3.9073E-01
1.1601E+05 3.6893E-01
1.1614E+05 3.4785E-01
1.1627E+05 3.2753E-01
1.1640E+05 3.0714E-01
1.1653E+05 2.8687E-01
1.1666E+05 2.6718E-01
1.1679E+05 2.4844E-01
1.1692E+05 2.3039E-01
1.1705E+05 2.1269E-01
1.1719E+05 1.9597E-01
1.1732E+05 1.8057E-01
1.1745E+05 1.6604E-01
1.1758E+05 1.5272E-01
1.1772E+05 1.4049E-01
1.1785E+05 1.2862E-01
1.1799E+05 1.1764E-01
1.1812E+05 1.0756E-01
1.1825E+05 9.8194E-02
1.1839E+05 8.9849E-02
1.1853E+05 8.1989E-02
1.1866E+05 7.4745E-02
1.1880E+05 6.8350E-02
1.1893E+05 6.2323E-02
1.1907E+05 5.6960E-02
1.1921E+05 5.2097E-02
1.1934E+05 4.7250E-02
1.1948E+05 4.2922E-02
1.1962E+05 3.9342E-02
1.1976E+05 3.6202E-02
1.1990E+05 3.3261E-02
1.2003E+05 3.0414E-02
1.2017E+05 2.7821E-02
1.2031E+05 2.5494E-02
1.2045E+05 2.3206E-02
1.2059E+05 2.1101E-02
1.2073E+05 1.9577E-02
1.2087E+05 1.8491E-02
1.2101E+05 1.7245E-02
1.2116E+05 1.5609E-02
1.2130E+05 1.4081E-02
1.2144E+05 1.2930E-02
1.2158E+05 1.1850E-02
1.2172E+05 1.0838E-02
1.2187E+05 1.0059E-02
1.2201E+05 9.3961E-03
1.2216E+05 8.6539E-03
1.2230E+05 7.8096E-03
1.2244E+05 7.0576E-03
1.2259E+05 6.4837E-03
1.2273E+05 6.0255E-03
1.2288E+05 5.6665E-03
1.2302E+05 5.2398E-03
1.2317E+05 4.6884E-03
1.2332E+05 4.4067E-03
1.2346E+05 4.4298E-03
1.2361E+05 4.1112E-03
1.2376E+05 3.3056E-03
1.2391E+05 2.6640E-03
1.2405E+05 2.5158E-03
1.2420E+05 2.5041E-03
1.2435E+05 2.4099E-03
1.2450E+05 2.3594E-03
1.2465E+05 2.3930E-03
1.2480E+05 2.3252E-03
1.2495E+05 1.8846E-03
1.2510E+05 1.2533E-03
1.2525E+05 1.0302E-03
1.2540E+05 1.3007E-03
1.2556E+05 1.6035E-03
1.2571E+05 1.5757E-03
1.2586E+05 1.1707E-03
1.2601E+05 7.4220E-04
1.2617E+05 6.9602E-04
1.2632E+05 9.6412E-04
1.2648E+05 1.2294E-03
1.2663E+05 1.3354E-03
1.2678E+05 1.3594E-03
1.2694E+05 1.3910E-03
1.2710E+05 1.2603E-03
1.2725E+05 8.3599E-04
1.2741E+05 4.6254E-04
1.2756E+05 3.8777E-04
1.2772E+05 3.0852E-04
1.2788E+05 2.2547E-04
1.2804E+05 4.9925E-04
1.2819E+05 8.5722E-04
1.2835E+05 8.6436E-04
1.2851E+05 7.1308E-04
1.2867E+05 5.9100E-04
1.2883E+05 3.5658E-04
1.2899E+05 1.0140E-04
1.2915E+05 7.2773E-05
1.2931E+05 2.2794E-04
1.2948E+05 4.1864E-04
1.2964E+05 5.3008E-04
1.2980E+05 3.9927E-04
1.2996E+05 1.0347E-04
1.3012E+05 0.0000E+00
