1216 41.817 41.817 41.830 41.892 41.234 41.232 41.233 41.273 40.315 40.313 40.320 40.379
1263 38.575 38.576 38.584 38.600 38.575 38.575 38.581 38.597 38.458 38.458 38.458 38.458
1308 38.481 38.483 38.490 38.502 38.472 38.473 38.480 38.493 38.172 38.170 38.162 38.146
1335 39.464 39.467 39.473 39.484 39.381 39.379 39.383 39.393 39.233 39.233 39.233 39.236
1397 37.961 37.978 38.018 38.084 38.673 38.674 38.684 38.704 38.761 38.761 38.763 38.777
1486 34.658 34.751 34.962 35.328 35.679 35.737 35.992 36.530 36.885 36.913 37.050 37.369
1531 38.332 38.336 38.344 38.361 38.322 38.323 38.332 38.347 38.077 38.075 38.070 38.060
1549 38.418 38.425 38.442 38.473 38.720 38.722 38.734 38.770 38.838 38.840 38.854 38.909
1640 39.007 39.006 39.004 38.998 39.041 39.040 39.036 39.026 39.036 39.035 39.031 39.022
1665 37.302 37.389 37.572 37.875 37.626 37.683 37.885 38.309 37.882 37.924 38.079 38.375
1671 38.347 38.350 38.359 38.375 38.354 38.356 38.365 38.382 38.091 38.089 38.084 38.074
1750 37.411 37.496 37.676 37.975 37.617 37.676 37.884 38.305 37.767 37.816 37.985 38.288
1786 38.239 38.245 38.261 38.288 38.170 38.170 38.176 38.186 37.640 37.629 37.607 37.570
1814 38.051 38.081 38.143 38.234 38.011 38.018 38.033 38.063 37.504 37.502 37.498 37.510
1860 38.206 38.214 38.231 38.257 38.526 38.528 38.540 38.564 38.489 38.490 38.496 38.505
1888 37.846 37.935 38.108 38.372 38.018 38.068 38.226 38.541 37.902 37.937 38.057 38.273
1909 39.094 39.169 39.319 39.558 39.079 39.134 39.322 39.698 39.159 39.206 39.365 39.644
2141 38.445 38.505 38.614 38.765 38.031 38.074 38.164 38.301 37.285 37.307 37.372 37.483
2326 39.713 39.767 39.866 39.996 39.309 39.348 39.434 39.559 38.504 38.522 38.584 38.673
2335 38.215 38.264 38.353 38.472 37.715 37.749 37.827 37.961 37.145 37.162 37.215 37.328
2400 39.106 39.139 39.198 39.266 38.478 38.495 38.532 38.582 37.803 37.807 37.816 37.860
2471 38.765 38.823 38.966 39.325 38.330 38.372 38.501 38.856 37.542 37.566 37.671 37.993
2567 36.475 36.574 36.809 37.129 36.945 37.027 37.304 37.727 37.038 37.120 37.362 37.690
2665 37.951 37.999 38.091 38.220 37.514 37.549 37.637 37.791 36.835 36.851 36.910 37.014
2798 39.349 39.390 39.464 39.562 38.803 38.827 38.885 38.988 38.392 38.400 38.425 38.476
2836 37.121 37.197 37.394 37.675 37.597 37.657 37.894 38.275 37.674 37.735 37.939 38.229
2829 36.891 36.982 37.187 37.427 37.368 37.444 37.689 38.027 37.442 37.519 37.731 37.979
2829 38.600 38.600 38.600 38.597 38.566 38.565 38.557 38.528 38.297 38.290 38.261 38.147
2836 37.121 37.197 37.394 37.675 37.597 37.657 37.894 38.275 37.674 37.735 37.939 38.229
2853 37.938 37.949 37.970 37.997 37.736 37.740 37.754 37.777 37.163 37.161 37.166 37.181
2945 38.857 38.857 38.856 38.849 38.822 38.820 38.807 38.747 38.554 38.543 38.491 38.287
3096 37.369 37.379 37.266 36.862 37.860 37.853 37.776 37.460 37.904 37.902 37.797 37.401
3188 39.177 39.177 39.175 39.163 39.143 39.139 39.117 39.005 38.873 38.857 38.770 38.451
3203 37.777 37.776 37.776 37.778 37.811 37.810 37.808 37.806 37.810 37.809 37.806 37.803
3671 38.171 38.170 38.169 38.200 38.122 38.121 38.118 38.144 37.833 37.829 37.821 37.840
3674 38.224 38.223 38.223 38.248 38.176 38.175 38.171 38.192 37.886 37.883 37.874 37.888
3676 38.281 38.280 38.279 38.299 38.232 38.231 38.227 38.243 37.943 37.939 37.930 37.939
3679 38.340 38.339 38.338 38.353 38.291 38.290 38.286 38.297 38.002 37.998 37.989 37.993
3683 38.402 38.401 38.400 38.412 38.353 38.352 38.349 38.355 38.064 38.060 38.052 38.051
3687 38.468 38.467 38.466 38.474 38.419 38.418 38.414 38.417 38.130 38.126 38.117 38.114
3692 38.538 38.537 38.536 38.541 38.488 38.487 38.484 38.484 38.199 38.196 38.187 38.181
3697 38.611 38.610 38.609 38.613 38.562 38.561 38.557 38.556 38.273 38.269 38.261 38.252
3704 38.690 38.689 38.688 38.689 38.640 38.639 38.635 38.632 38.351 38.348 38.339 38.329
3712 38.773 38.772 38.771 38.772 38.724 38.723 38.719 38.715 38.435 38.431 38.422 38.411
3722 38.863 38.862 38.861 38.861 38.813 38.812 38.808 38.803 38.524 38.521 38.512 38.500
3722 38.278 38.317 38.396 38.520 38.183 38.212 38.314 38.504 37.824 37.855 37.946 38.089
3727 40.935 40.971 41.031 41.059 40.439 40.462 40.516 40.542 39.579 39.591 39.626 39.622
3734 38.959 38.958 38.957 38.956 38.909 38.908 38.905 38.899 38.620 38.617 38.608 38.595
3750 39.063 39.063 39.062 39.060 39.013 39.013 39.009 39.003 38.725 38.721 38.712 38.699
3771 39.177 39.176 39.175 39.174 39.127 39.126 39.123 39.117 38.838 38.835 38.826 38.813
3798 39.320 39.319 39.320 39.324 39.272 39.272 39.270 39.270 39.001 38.998 38.992 38.985
3820 38.670 38.669 38.667 38.666 38.644 38.644 38.640 38.637 38.373 38.369 38.360 38.350
3835 39.453 39.453 39.453 39.454 39.406 39.405 39.403 39.400 39.133 39.130 39.123 39.113
3869 39.321 39.359 39.436 39.559 39.445 39.475 39.588 39.801 39.383 39.417 39.516 39.675
3889 39.578 39.577 39.575 39.564 39.545 39.541 39.512 39.329 39.274 39.255 39.116 38.700
3889 39.605 39.604 39.604 39.604 39.557 39.556 39.553 39.549 39.281 39.278 39.270 39.259
3965 38.576 38.576 38.577 38.580 38.547 38.547 38.547 38.550 38.284 38.282 38.276 38.268
3968 38.800 38.838 38.915 39.038 38.924 38.954 39.067 39.280 38.862 38.896 38.995 39.154
3970 39.783 39.783 39.782 39.782 39.735 39.734 39.731 39.726 39.458 39.455 39.447 39.436
4026 38.931 38.929 38.928 38.927 38.906 38.905 38.902 38.900 38.634 38.631 38.624 38.620
4070 38.982 39.014 39.095 39.314 38.211 38.236 38.315 38.543 37.387 37.402 37.458 37.662
4074 39.107 39.140 39.220 39.438 38.336 38.362 38.440 38.667 37.512 37.527 37.583 37.786
4078 38.507 38.539 38.618 38.833 37.736 37.761 37.837 38.061 36.911 36.926 36.981 37.180
4102 39.994 39.993 39.993 39.992 39.945 39.944 39.941 39.936 39.668 39.665 39.657 39.646
4300 39.115 39.130 39.158 39.188 38.295 38.304 38.322 38.339 37.440 37.444 37.452 37.491
4340 40.249 40.249 40.248 40.247 40.200 40.199 40.196 40.190 39.918 39.915 39.907 39.895
4363 37.718 37.782 37.919 38.146 37.994 38.041 38.219 38.565 38.070 38.117 38.267 38.522
4471 39.264 39.262 39.260 39.259 39.242 39.241 39.236 39.237 38.969 38.965 38.960 38.963
4659 38.697 38.733 38.799 38.880 38.320 38.339 38.394 38.470 37.496 37.505 37.539 37.570
4686 38.249 38.247 38.242 38.224 38.284 38.282 38.274 38.248 38.254 38.252 38.246 38.225
4702 38.159 38.196 38.266 38.372 37.783 37.802 37.861 37.962 36.961 36.970 37.008 37.063
4755 37.959 37.995 38.061 38.142 37.582 37.601 37.656 37.732 36.758 36.767 36.801 36.832
4770 37.685 37.721 37.791 37.898 37.308 37.328 37.387 37.487 36.486 36.495 36.533 36.589
4861 40.581 40.580 40.578 40.577 40.532 40.531 40.527 40.520 40.246 40.242 40.233 40.219
4881 37.889 37.926 38.020 38.271 37.508 37.529 37.612 37.855 36.675 36.687 36.748 36.943
4922 38.701 38.699 38.696 38.694 38.679 38.678 38.672 38.665 38.406 38.402 38.391 38.378
4959 39.968 40.000 40.070 40.186 40.304 40.329 40.430 40.616 40.224 40.255 40.340 40.474
5007 40.447 40.479 40.549 40.665 40.783 40.808 40.909 41.095 40.703 40.733 40.819 40.953
5012 37.759 37.795 37.865 37.983 37.380 37.399 37.458 37.569 36.551 36.560 36.598 36.664
5016 38.972 38.972 38.972 38.977 38.943 38.943 38.942 38.946 38.672 38.669 38.663 38.656
5199 38.825 38.843 38.853 38.665 38.020 38.018 37.914 37.479 37.495 37.434 37.118 36.459
5271 38.469 38.502 38.565 38.648 38.087 38.103 38.155 38.231 37.248 37.255 37.287 37.319
5755 38.581 38.624 38.704 38.829 38.108 38.136 38.203 38.311 37.315 37.328 37.370 37.442
5828 37.406 37.433 37.486 37.561 37.049 37.065 37.117 37.203 36.256 36.265 36.297 36.338
5876 39.737 39.735 39.731 39.730 39.721 39.719 39.713 39.713 39.446 39.441 39.436 39.441
6300 39.180 39.202 39.246 39.289 38.320 38.338 38.373 38.412 37.716 37.725 37.742 37.821
6312 38.507 38.546 38.626 38.749 38.412 38.441 38.543 38.734 38.053 38.084 38.176 38.318
6363 38.684 38.706 38.750 38.793 37.823 37.842 37.876 37.916 37.219 37.229 37.246 37.325
6548 40.277 40.297 40.337 40.390 39.695 39.708 39.744 39.783 38.701 38.710 38.737 38.755
6563 41.056 41.055 41.052 41.045 41.012 41.010 41.003 40.989 40.723 40.718 40.706 40.686
6584 40.746 40.767 40.807 40.860 40.165 40.178 40.213 40.253 39.171 39.180 39.207 39.225
6678 39.194 39.192 39.187 39.181 39.178 39.176 39.167 39.155 38.903 38.897 38.884 38.869
6716 40.195 40.209 40.207 40.048 39.402 39.411 39.409 39.250 38.492 38.496 38.483 38.332
6720 40.423 40.439 40.458 40.404 39.630 39.642 39.659 39.608 38.721 38.727 38.733 38.681
6731 40.034 40.053 40.099 40.152 39.241 39.256 39.301 39.357 38.333 38.343 38.373 38.423
7065 38.863 38.867 38.895 39.035 38.828 38.847 38.951 39.269 38.570 38.630 38.891 39.159
7135 39.683 39.703 39.745 39.811 39.556 39.573 39.637 39.755 39.201 39.220 39.273 39.351
7325 38.887 38.943 39.081 39.433 38.533 38.567 38.675 38.992 37.946 37.958 38.015 38.226
7751 39.065 39.086 39.128 39.194 38.939 38.956 39.020 39.138 38.584 38.603 38.655 38.734
8334 37.721 37.719 37.717 37.732 37.676 37.675 37.669 37.677 37.386 37.381 37.370 37.371
8346 37.776 37.774 37.771 37.782 37.731 37.729 37.723 37.727 37.440 37.435 37.424 37.421
8359 37.833 37.831 37.828 37.835 37.787 37.786 37.780 37.780 37.497 37.492 37.481 37.475
8374 37.892 37.891 37.888 37.892 37.847 37.846 37.839 37.837 37.557 37.552 37.541 37.532
8392 37.955 37.954 37.951 37.953 37.910 37.908 37.902 37.897 37.619 37.615 37.604 37.592
8413 38.021 38.020 38.017 38.017 37.976 37.975 37.968 37.961 37.686 37.681 37.670 37.656
8438 38.091 38.090 38.087 38.086 38.046 38.044 38.038 38.030 37.756 37.751 37.740 37.725
8467 38.165 38.164 38.161 38.159 38.120 38.118 38.112 38.103 37.830 37.825 37.814 37.798
8502 38.244 38.242 38.240 38.236 38.198 38.197 38.191 38.181 37.908 37.904 37.892 37.876
8545 38.328 38.326 38.324 38.320 38.282 38.281 38.275 38.264 37.992 37.988 37.976 37.959
8598 38.418 38.416 38.413 38.409 38.372 38.371 38.364 38.353 38.082 38.077 38.066 38.048
8617 38.332 38.339 38.369 38.435 37.456 37.458 37.481 37.535 36.512 36.515 36.534 36.609
8665 38.515 38.513 38.510 38.506 38.469 38.467 38.461 38.450 38.179 38.174 38.163 38.145
8750 38.619 38.618 38.615 38.610 38.574 38.572 38.566 38.554 38.283 38.279 38.268 38.249
8863 38.734 38.732 38.729 38.725 38.688 38.687 38.680 38.669 38.398 38.393 38.382 38.364
9015 38.864 38.863 38.861 38.862 38.820 38.818 38.813 38.808 38.537 38.533 38.523 38.511
9069 40.000 40.017 40.054 40.110 39.959 39.972 40.020 40.105 39.522 39.536 39.576 39.629
9229 39.002 39.000 38.998 38.997 38.958 38.956 38.951 38.942 38.674 38.670 38.659 38.644
9532 40.395 40.412 40.448 40.504 40.353 40.366 40.415 40.500 39.916 39.931 39.970 40.023
9546 39.158 39.157 39.154 39.151 39.114 39.112 39.106 39.096 38.829 38.824 38.813 38.797
