Dust emission from Draine & Li (2007): ApJ 657, 810-837
================================================================
         6 = grain model
 4.000E-08 4.000E-01 3.750E-05 = a_01 (cm) , sigma_1 , b_C1/0.92
 2.500E-07 4.000E-01 1.250E-05 = a_02 (cm) , sigma_2 , b_C2/0.92
 1.000E+01 1.000E+03 2.000E+00 = Umin , Umax, beta (dN/dU propto U^{-beta})
 4.652E+01 = <U> 
     mmp83 = radfield
 2.098E-22 = power/H (erg s-1)
 band   nu*P_nu(band) j_nu(band)
 (um)   (erg s-1 H-1)(Jy cm2 sr-1 H-1)
1.270E+00  7.079E-25  2.385E-17 COBE-DIRBE
2.220E+00  9.022E-25  5.313E-17 COBE-DIRBE
3.530E+00  5.910E-24  5.534E-16 COBE-DIRBE
4.880E+00  2.746E-24  3.554E-16 COBE-DIRBE
1.229E+01  2.519E-23  8.214E-15 COBE-DIRBE
2.079E+01  2.351E-23  1.296E-14 COBE-DIRBE
5.599E+01  1.253E-22  1.862E-13 COBE-DIRBE
9.770E+01  7.451E-23  1.931E-13 COBE-DIRBE
1.479E+02  3.142E-23  1.233E-13 COBE-DIRBE
2.479E+02  6.136E-24  4.035E-14 COBE-DIRBE
1.200E+01  2.633E-23  8.381E-15 IRAS
2.500E+01  2.722E-23  1.805E-14 IRAS
6.000E+01  1.214E-22  1.933E-13 IRAS
1.000E+02  7.127E-23  1.891E-13 IRAS
3.550E+00  6.874E-24  6.473E-16 SST-IRAC
4.493E+00  1.922E-24  2.291E-16 SST-IRAC
5.731E+00  1.630E-23  2.478E-15 SST-IRAC
7.872E+00  3.796E-23  7.926E-15 SST-IRAC
2.368E+01  2.290E-23  1.438E-14 SST-MIPS
7.142E+01  1.024E-22  1.940E-13 SST-MIPS
1.559E+02  2.478E-23  1.025E-13 SST-MIPS
1.600E+01  2.163E-23  9.182E-15 SST-IRSPU
2.200E+01  2.317E-23  1.352E-14 SST-IRSPU











lambda    nu*dP/dnu     j_nu
 (um)   (erg s-1 H-1)(Jy cm2 sr-1 H-1)
1.000E+04  9.456E-31  2.508E-19
9.908E+03  9.802E-31  2.576E-19
9.817E+03  1.016E-30  2.646E-19
9.727E+03  1.053E-30  2.718E-19
9.638E+03  1.092E-30  2.792E-19
9.550E+03  1.132E-30  2.868E-19
9.462E+03  1.174E-30  2.946E-19
9.376E+03  1.217E-30  3.026E-19
9.290E+03  1.261E-30  3.108E-19
9.204E+03  1.308E-30  3.192E-19
9.120E+03  1.355E-30  3.279E-19
9.036E+03  1.405E-30  3.368E-19
8.954E+03  1.457E-30  3.459E-19
8.872E+03  1.510E-30  3.553E-19
8.790E+03  1.565E-30  3.649E-19
8.710E+03  1.622E-30  3.747E-19
8.630E+03  1.681E-30  3.849E-19
8.551E+03  1.743E-30  3.953E-19
8.472E+03  1.806E-30  4.060E-19
8.395E+03  1.873E-30  4.170E-19
8.318E+03  1.941E-30  4.283E-19
8.241E+03  2.012E-30  4.399E-19
8.166E+03  2.086E-30  4.519E-19
8.091E+03  2.163E-30  4.642E-19
8.017E+03  2.242E-30  4.768E-19
7.943E+03  2.325E-30  4.898E-19
7.870E+03  2.410E-30  5.032E-19
7.798E+03  2.499E-30  5.169E-19
7.727E+03  2.591E-30  5.311E-19
7.656E+03  2.687E-30  5.456E-19
7.586E+03  2.786E-30  5.605E-19
7.516E+03  2.888E-30  5.759E-19
7.447E+03  2.995E-30  5.917E-19
7.379E+03  3.106E-30  6.079E-19
7.311E+03  3.221E-30  6.246E-19
7.244E+03  3.340E-30  6.418E-19
7.178E+03  3.463E-30  6.594E-19
7.112E+03  3.592E-30  6.776E-19
7.047E+03  3.725E-30  6.963E-19
6.982E+03  3.863E-30  7.155E-19
6.918E+03  4.006E-30  7.352E-19
6.855E+03  4.154E-30  7.554E-19
6.792E+03  4.309E-30  7.762E-19
6.730E+03  4.468E-30  7.977E-19
6.668E+03  4.634E-30  8.197E-19
6.607E+03  4.807E-30  8.424E-19
6.546E+03  4.985E-30  8.657E-19
6.486E+03  5.171E-30  8.897E-19
6.427E+03  5.364E-30  9.144E-19
6.368E+03  5.563E-30  9.398E-19
6.310E+03  5.771E-30  9.659E-19
6.252E+03  5.986E-30  9.927E-19
6.194E+03  6.210E-30  1.020E-18
6.138E+03  6.442E-30  1.049E-18
6.081E+03  6.683E-30  1.078E-18
6.026E+03  6.933E-30  1.108E-18
5.970E+03  7.193E-30  1.139E-18
5.916E+03  7.462E-30  1.171E-18
5.861E+03  7.742E-30  1.204E-18
5.808E+03  8.032E-30  1.237E-18
5.754E+03  8.334E-30  1.272E-18
5.702E+03  8.647E-30  1.308E-18
5.649E+03  8.972E-30  1.345E-18
5.598E+03  9.310E-30  1.382E-18
5.546E+03  9.660E-30  1.421E-18
5.495E+03  1.002E-29  1.461E-18
5.445E+03  1.040E-29  1.502E-18
5.395E+03  1.079E-29  1.545E-18
5.346E+03  1.120E-29  1.588E-18
5.297E+03  1.162E-29  1.633E-18
5.248E+03  1.206E-29  1.679E-18
5.200E+03  1.252E-29  1.727E-18
5.152E+03  1.299E-29  1.776E-18
5.105E+03  1.349E-29  1.826E-18
5.058E+03  1.400E-29  1.878E-18
5.012E+03  1.453E-29  1.931E-18
4.966E+03  1.508E-29  1.986E-18
4.920E+03  1.565E-29  2.043E-18
4.875E+03  1.624E-29  2.101E-18
4.831E+03  1.686E-29  2.160E-18
4.786E+03  1.750E-29  2.222E-18
4.742E+03  1.817E-29  2.285E-18
4.699E+03  1.886E-29  2.350E-18
4.656E+03  1.958E-29  2.418E-18
4.613E+03  2.032E-29  2.487E-18
4.571E+03  2.110E-29  2.558E-18
4.529E+03  2.190E-29  2.631E-18
4.487E+03  2.274E-29  2.707E-18
4.446E+03  2.361E-29  2.784E-18
4.406E+03  2.451E-29  2.864E-18
4.365E+03  2.545E-29  2.947E-18
4.325E+03  2.642E-29  3.032E-18
4.285E+03  2.744E-29  3.119E-18
4.246E+03  2.849E-29  3.209E-18
4.207E+03  2.958E-29  3.301E-18
4.169E+03  3.072E-29  3.397E-18
4.130E+03  3.190E-29  3.495E-18
4.093E+03  3.313E-29  3.596E-18
4.055E+03  3.440E-29  3.700E-18
4.018E+03  3.573E-29  3.808E-18
3.981E+03  3.710E-29  3.918E-18
3.945E+03  3.853E-29  4.031E-18
3.908E+03  4.001E-29  4.148E-18
3.873E+03  4.156E-29  4.269E-18
3.837E+03  4.316E-29  4.393E-18
3.802E+03  4.483E-29  4.521E-18
3.767E+03  4.656E-29  4.652E-18
3.733E+03  4.836E-29  4.788E-18
3.698E+03  5.023E-29  4.928E-18
3.664E+03  5.218E-29  5.072E-18
3.631E+03  5.420E-29  5.220E-18
3.597E+03  5.630E-29  5.373E-18
3.565E+03  5.849E-29  5.530E-18
3.532E+03  6.076E-29  5.693E-18
3.499E+03  6.313E-29  5.860E-18
3.467E+03  6.558E-29  6.032E-18
3.436E+03  6.814E-29  6.210E-18
3.404E+03  7.080E-29  6.393E-18
3.373E+03  7.356E-29  6.581E-18
3.342E+03  7.643E-29  6.775E-18
3.311E+03  7.942E-29  6.976E-18
3.281E+03  8.252E-29  7.182E-18
3.251E+03  8.575E-29  7.395E-18
3.221E+03  8.911E-29  7.614E-18
3.192E+03  9.260E-29  7.840E-18
3.162E+03  9.624E-29  8.072E-18
3.133E+03  1.000E-28  8.312E-18
3.105E+03  1.039E-28  8.560E-18
3.076E+03  1.080E-28  8.814E-18
3.048E+03  1.123E-28  9.077E-18
3.020E+03  1.167E-28  9.348E-18
2.992E+03  1.213E-28  9.627E-18
2.965E+03  1.260E-28  9.913E-18
2.938E+03  1.310E-28  1.021E-17
2.911E+03  1.362E-28  1.051E-17
2.884E+03  1.415E-28  1.083E-17
2.858E+03  1.471E-28  1.115E-17
2.831E+03  1.529E-28  1.148E-17
2.805E+03  1.589E-28  1.183E-17
2.780E+03  1.652E-28  1.218E-17
2.754E+03  1.717E-28  1.255E-17
2.729E+03  1.785E-28  1.292E-17
2.704E+03  1.856E-28  1.331E-17
2.679E+03  1.930E-28  1.371E-17
2.655E+03  2.006E-28  1.413E-17
2.630E+03  2.086E-28  1.455E-17
2.606E+03  2.168E-28  1.499E-17
2.582E+03  2.255E-28  1.544E-17
2.559E+03  2.344E-28  1.591E-17
2.535E+03  2.438E-28  1.639E-17
2.512E+03  2.535E-28  1.689E-17
2.489E+03  2.636E-28  1.740E-17
2.466E+03  2.741E-28  1.793E-17
2.443E+03  2.850E-28  1.847E-17
2.421E+03  2.964E-28  1.903E-17
2.399E+03  3.082E-28  1.961E-17
2.377E+03  3.205E-28  2.021E-17
2.355E+03  3.334E-28  2.082E-17
2.333E+03  3.467E-28  2.146E-17
2.312E+03  3.606E-28  2.211E-17
2.291E+03  3.750E-28  2.279E-17
2.270E+03  3.901E-28  2.349E-17
2.249E+03  4.057E-28  2.420E-17
2.228E+03  4.220E-28  2.495E-17
2.208E+03  4.390E-28  2.571E-17
2.188E+03  4.566E-28  2.650E-17
2.168E+03  4.750E-28  2.731E-17
2.148E+03  4.941E-28  2.815E-17
2.128E+03  5.140E-28  2.901E-17
2.109E+03  5.347E-28  2.990E-17
2.089E+03  5.562E-28  3.082E-17
2.070E+03  5.786E-28  3.177E-17
2.051E+03  6.019E-28  3.275E-17
2.032E+03  6.262E-28  3.376E-17
2.014E+03  6.515E-28  3.480E-17
1.995E+03  6.778E-28  3.587E-17
1.977E+03  7.052E-28  3.698E-17
1.959E+03  7.337E-28  3.812E-17
1.941E+03  7.633E-28  3.930E-17
1.923E+03  7.942E-28  4.051E-17
1.905E+03  8.263E-28  4.177E-17
1.888E+03  8.598E-28  4.306E-17
1.871E+03  8.946E-28  4.439E-17
1.854E+03  9.308E-28  4.577E-17
1.837E+03  9.686E-28  4.718E-17
1.820E+03  1.008E-27  4.865E-17
1.803E+03  1.049E-27  5.016E-17
1.786E+03  1.091E-27  5.171E-17
1.770E+03  1.136E-27  5.332E-17
1.754E+03  1.182E-27  5.498E-17
1.738E+03  1.230E-27  5.669E-17
1.722E+03  1.280E-27  5.845E-17
1.706E+03  1.332E-27  6.027E-17
1.690E+03  1.386E-27  6.214E-17
1.675E+03  1.442E-27  6.408E-17
1.660E+03  1.501E-27  6.607E-17
1.644E+03  1.562E-27  6.813E-17
1.629E+03  1.626E-27  7.026E-17
1.614E+03  1.692E-27  7.245E-17
1.600E+03  1.761E-27  7.471E-17
1.585E+03  1.832E-27  7.704E-17
1.570E+03  1.907E-27  7.944E-17
1.556E+03  1.985E-27  8.192E-17
1.542E+03  2.066E-27  8.448E-17
1.528E+03  2.150E-27  8.712E-17
1.514E+03  2.238E-27  8.984E-17
1.500E+03  2.329E-27  9.265E-17
1.486E+03  2.424E-27  9.555E-17
1.472E+03  2.523E-27  9.854E-17
1.459E+03  2.626E-27  1.016E-16
1.445E+03  2.733E-27  1.048E-16
1.432E+03  2.845E-27  1.081E-16
1.419E+03  2.961E-27  1.115E-16
1.406E+03  3.082E-27  1.150E-16
1.393E+03  3.208E-27  1.186E-16
1.380E+03  3.340E-27  1.223E-16
1.368E+03  3.476E-27  1.261E-16
1.355E+03  3.618E-27  1.301E-16
1.343E+03  3.766E-27  1.342E-16
1.330E+03  3.920E-27  1.384E-16
1.318E+03  4.081E-27  1.427E-16
1.306E+03  4.248E-27  1.472E-16
1.294E+03  4.422E-27  1.518E-16
1.282E+03  4.603E-27  1.566E-16
1.271E+03  4.791E-27  1.615E-16
1.259E+03  4.987E-27  1.665E-16
1.247E+03  5.191E-27  1.718E-16
1.236E+03  5.403E-27  1.771E-16
1.225E+03  5.624E-27  1.827E-16
1.213E+03  5.854E-27  1.884E-16
1.202E+03  6.094E-27  1.943E-16
1.191E+03  6.343E-27  2.004E-16
1.180E+03  6.602E-27  2.067E-16
1.169E+03  6.872E-27  2.132E-16
1.159E+03  7.153E-27  2.199E-16
1.148E+03  7.446E-27  2.268E-16
1.138E+03  7.750E-27  2.339E-16
1.127E+03  8.067E-27  2.412E-16
1.117E+03  8.396E-27  2.487E-16
1.107E+03  8.739E-27  2.565E-16
1.096E+03  9.096E-27  2.646E-16
1.086E+03  9.468E-27  2.728E-16
1.076E+03  9.854E-27  2.814E-16
1.067E+03  1.026E-26  2.902E-16
1.057E+03  1.068E-26  2.993E-16
1.047E+03  1.111E-26  3.086E-16
1.038E+03  1.156E-26  3.183E-16
1.028E+03  1.204E-26  3.282E-16
1.019E+03  1.253E-26  3.384E-16
1.009E+03  1.304E-26  3.490E-16
1.000E+03  1.357E-26  3.599E-16
9.908E+02  1.412E-26  3.711E-16
9.817E+02  1.470E-26  3.827E-16
9.727E+02  1.530E-26  3.947E-16
9.638E+02  1.592E-26  4.070E-16
9.550E+02  1.657E-26  4.197E-16
9.462E+02  1.724E-26  4.328E-16
9.376E+02  1.794E-26  4.463E-16
9.290E+02  1.867E-26  4.602E-16
9.204E+02  1.943E-26  4.745E-16
9.120E+02  2.022E-26  4.892E-16
9.036E+02  2.105E-26  5.045E-16
8.954E+02  2.190E-26  5.201E-16
8.872E+02  2.279E-26  5.363E-16
8.790E+02  2.371E-26  5.529E-16
8.710E+02  2.467E-26  5.700E-16
8.630E+02  2.567E-26  5.877E-16
8.551E+02  2.671E-26  6.059E-16
8.472E+02  2.779E-26  6.246E-16
8.395E+02  2.892E-26  6.439E-16
8.318E+02  3.008E-26  6.638E-16
8.241E+02  3.130E-26  6.842E-16
8.166E+02  3.256E-26  7.053E-16
8.091E+02  3.387E-26  7.270E-16
8.017E+02  3.524E-26  7.494E-16
7.943E+02  3.666E-26  7.724E-16
7.870E+02  3.813E-26  7.961E-16
7.798E+02  3.967E-26  8.205E-16
7.727E+02  4.126E-26  8.457E-16
7.656E+02  4.292E-26  8.716E-16
7.586E+02  4.464E-26  8.983E-16
7.516E+02  4.643E-26  9.257E-16
7.447E+02  4.830E-26  9.541E-16
7.379E+02  5.024E-26  9.833E-16
7.311E+02  5.226E-26  1.013E-15
7.244E+02  5.436E-26  1.045E-15
7.178E+02  5.654E-26  1.077E-15
7.112E+02  5.881E-26  1.110E-15
7.047E+02  6.118E-26  1.144E-15
6.982E+02  6.363E-26  1.179E-15
6.918E+02  6.619E-26  1.215E-15
6.855E+02  6.885E-26  1.252E-15
6.792E+02  7.161E-26  1.290E-15
6.730E+02  7.448E-26  1.330E-15
6.668E+02  7.746E-26  1.370E-15
6.607E+02  8.056E-26  1.412E-15
6.546E+02  8.380E-26  1.455E-15
6.486E+02  8.717E-26  1.500E-15
6.427E+02  9.067E-26  1.546E-15
6.368E+02  9.432E-26  1.593E-15
6.310E+02  9.811E-26  1.642E-15
6.252E+02  1.021E-25  1.692E-15
6.194E+02  1.062E-25  1.744E-15
6.138E+02  1.104E-25  1.798E-15
6.081E+02  1.149E-25  1.853E-15
6.026E+02  1.195E-25  1.910E-15
5.970E+02  1.243E-25  1.969E-15
5.916E+02  1.293E-25  2.029E-15
5.861E+02  1.345E-25  2.091E-15
5.808E+02  1.399E-25  2.155E-15
5.754E+02  1.455E-25  2.222E-15
5.702E+02  1.514E-25  2.290E-15
5.649E+02  1.575E-25  2.360E-15
5.598E+02  1.638E-25  2.433E-15
5.546E+02  1.704E-25  2.507E-15
5.495E+02  1.773E-25  2.584E-15
5.445E+02  1.844E-25  2.664E-15
5.395E+02  1.918E-25  2.745E-15
5.346E+02  1.996E-25  2.830E-15
5.297E+02  2.076E-25  2.917E-15
5.248E+02  2.160E-25  3.006E-15
5.200E+02  2.246E-25  3.099E-15
5.152E+02  2.337E-25  3.194E-15
5.105E+02  2.431E-25  3.292E-15
5.058E+02  2.529E-25  3.393E-15
5.012E+02  2.630E-25  3.497E-15
4.966E+02  2.736E-25  3.604E-15
4.920E+02  2.846E-25  3.715E-15
4.875E+02  2.961E-25  3.829E-15
4.831E+02  3.080E-25  3.946E-15
4.786E+02  3.204E-25  4.067E-15
4.742E+02  3.332E-25  4.192E-15
4.699E+02  3.466E-25  4.320E-15
4.656E+02  3.605E-25  4.453E-15
4.613E+02  3.750E-25  4.589E-15
4.571E+02  3.901E-25  4.729E-15
4.529E+02  4.057E-25  4.874E-15
4.487E+02  4.220E-25  5.023E-15
4.446E+02  4.389E-25  5.177E-15
4.406E+02  4.565E-25  5.335E-15
4.365E+02  4.748E-25  5.498E-15
4.325E+02  4.938E-25  5.665E-15
4.285E+02  5.136E-25  5.838E-15
4.246E+02  5.341E-25  6.016E-15
4.207E+02  5.555E-25  6.200E-15
4.169E+02  5.777E-25  6.388E-15
4.130E+02  6.008E-25  6.583E-15
4.093E+02  6.249E-25  6.783E-15
4.055E+02  6.498E-25  6.990E-15
4.018E+02  6.758E-25  7.202E-15
3.981E+02  7.028E-25  7.421E-15
3.945E+02  7.308E-25  7.647E-15
3.908E+02  7.600E-25  7.879E-15
3.873E+02  7.903E-25  8.119E-15
3.837E+02  8.219E-25  8.365E-15
3.802E+02  8.546E-25  8.619E-15
3.767E+02  8.886E-25  8.880E-15
3.733E+02  9.240E-25  9.149E-15
3.698E+02  9.608E-25  9.425E-15
3.664E+02  9.990E-25  9.710E-15
3.631E+02  1.039E-24  1.000E-14
3.597E+02  1.080E-24  1.031E-14
3.565E+02  1.123E-24  1.062E-14
3.532E+02  1.167E-24  1.094E-14
3.499E+02  1.214E-24  1.126E-14
3.467E+02  1.262E-24  1.160E-14
3.436E+02  1.311E-24  1.195E-14
3.404E+02  1.363E-24  1.231E-14
3.373E+02  1.417E-24  1.268E-14
3.342E+02  1.473E-24  1.306E-14
3.311E+02  1.531E-24  1.345E-14
3.281E+02  1.591E-24  1.385E-14
3.251E+02  1.654E-24  1.426E-14
3.221E+02  1.719E-24  1.469E-14
3.192E+02  1.786E-24  1.512E-14
3.162E+02  1.856E-24  1.557E-14
3.133E+02  1.929E-24  1.603E-14
3.105E+02  2.004E-24  1.651E-14
3.076E+02  2.083E-24  1.699E-14
3.048E+02  2.164E-24  1.750E-14
3.020E+02  2.248E-24  1.801E-14
2.992E+02  2.336E-24  1.854E-14
2.965E+02  2.427E-24  1.908E-14
2.938E+02  2.521E-24  1.964E-14
2.911E+02  2.619E-24  2.022E-14
2.884E+02  2.720E-24  2.081E-14
2.858E+02  2.825E-24  2.141E-14
2.831E+02  2.934E-24  2.204E-14
2.805E+02  3.047E-24  2.267E-14
2.780E+02  3.164E-24  2.333E-14
2.754E+02  3.286E-24  2.401E-14
2.729E+02  3.412E-24  2.470E-14
2.704E+02  3.543E-24  2.541E-14
2.679E+02  3.679E-24  2.615E-14
2.655E+02  3.820E-24  2.690E-14
2.630E+02  3.966E-24  2.767E-14
2.606E+02  4.118E-24  2.847E-14
2.582E+02  4.275E-24  2.928E-14
2.559E+02  4.437E-24  3.011E-14
2.535E+02  4.604E-24  3.096E-14
2.512E+02  4.777E-24  3.183E-14
2.489E+02  4.953E-24  3.270E-14
2.466E+02  5.132E-24  3.357E-14
2.443E+02  5.316E-24  3.445E-14
2.421E+02  5.505E-24  3.535E-14
2.399E+02  5.699E-24  3.626E-14
2.377E+02  5.897E-24  3.718E-14
2.355E+02  6.100E-24  3.811E-14
2.333E+02  6.310E-24  3.906E-14
2.312E+02  6.527E-24  4.003E-14
2.291E+02  6.750E-24  4.102E-14
2.270E+02  6.980E-24  4.203E-14
2.249E+02  7.217E-24  4.306E-14
2.228E+02  7.461E-24  4.410E-14
2.208E+02  7.713E-24  4.518E-14
2.188E+02  7.973E-24  4.627E-14
2.168E+02  8.240E-24  4.738E-14
2.148E+02  8.515E-24  4.851E-14
2.128E+02  8.798E-24  4.966E-14
2.109E+02  9.089E-24  5.084E-14
2.089E+02  9.389E-24  5.203E-14
2.070E+02  9.698E-24  5.325E-14
2.051E+02  1.001E-23  5.449E-14
2.032E+02  1.034E-23  5.575E-14
2.014E+02  1.068E-23  5.703E-14
1.995E+02  1.102E-23  5.834E-14
1.977E+02  1.138E-23  5.966E-14
1.959E+02  1.174E-23  6.101E-14
1.941E+02  1.212E-23  6.238E-14
1.923E+02  1.250E-23  6.377E-14
1.905E+02  1.290E-23  6.519E-14
1.888E+02  1.331E-23  6.663E-14
1.871E+02  1.372E-23  6.810E-14
1.854E+02  1.415E-23  6.959E-14
1.837E+02  1.460E-23  7.110E-14
1.820E+02  1.505E-23  7.264E-14
1.803E+02  1.551E-23  7.420E-14
1.786E+02  1.599E-23  7.579E-14
1.770E+02  1.649E-23  7.741E-14
1.754E+02  1.699E-23  7.905E-14
1.738E+02  1.751E-23  8.072E-14
1.722E+02  1.804E-23  8.242E-14
1.706E+02  1.859E-23  8.414E-14
1.690E+02  1.916E-23  8.590E-14
1.675E+02  1.974E-23  8.768E-14
1.660E+02  2.033E-23  8.951E-14
1.644E+02  2.095E-23  9.136E-14
1.629E+02  2.158E-23  9.325E-14
1.614E+02  2.223E-23  9.517E-14
1.600E+02  2.289E-23  9.713E-14
1.585E+02  2.358E-23  9.914E-14
1.570E+02  2.429E-23  1.012E-13
1.556E+02  2.502E-23  1.033E-13
1.542E+02  2.578E-23  1.054E-13
1.528E+02  2.656E-23  1.076E-13
1.514E+02  2.736E-23  1.099E-13
1.500E+02  2.819E-23  1.121E-13
1.486E+02  2.904E-23  1.145E-13
1.472E+02  2.992E-23  1.168E-13
1.459E+02  3.081E-23  1.192E-13
1.445E+02  3.172E-23  1.216E-13
1.432E+02  3.264E-23  1.240E-13
1.419E+02  3.354E-23  1.263E-13
1.406E+02  3.443E-23  1.284E-13
1.393E+02  3.530E-23  1.304E-13
1.380E+02  3.612E-23  1.323E-13
1.368E+02  3.692E-23  1.339E-13
1.355E+02  3.768E-23  1.355E-13
1.343E+02  3.843E-23  1.369E-13
1.330E+02  3.917E-23  1.382E-13
1.318E+02  3.992E-23  1.396E-13
1.306E+02  4.067E-23  1.409E-13
1.294E+02  4.144E-23  1.423E-13
1.282E+02  4.223E-23  1.436E-13
1.271E+02  4.303E-23  1.450E-13
1.259E+02  4.386E-23  1.465E-13
1.247E+02  4.470E-23  1.479E-13
1.236E+02  4.557E-23  1.494E-13
1.225E+02  4.646E-23  1.509E-13
1.213E+02  4.738E-23  1.525E-13
1.202E+02  4.831E-23  1.541E-13
1.191E+02  4.926E-23  1.557E-13
1.180E+02  5.023E-23  1.573E-13
1.169E+02  5.121E-23  1.589E-13
1.159E+02  5.221E-23  1.605E-13
1.148E+02  5.322E-23  1.621E-13
1.138E+02  5.425E-23  1.637E-13
1.127E+02  5.530E-23  1.653E-13
1.117E+02  5.636E-23  1.670E-13
1.107E+02  5.744E-23  1.686E-13
1.096E+02  5.854E-23  1.703E-13
1.086E+02  5.965E-23  1.719E-13
1.076E+02  6.077E-23  1.735E-13
1.067E+02  6.191E-23  1.751E-13
1.057E+02  6.305E-23  1.768E-13
1.047E+02  6.421E-23  1.784E-13
1.038E+02  6.538E-23  1.799E-13
1.028E+02  6.655E-23  1.815E-13
1.019E+02  6.773E-23  1.830E-13
1.009E+02  6.892E-23  1.845E-13
1.000E+02  7.012E-23  1.860E-13
9.908E+01  7.131E-23  1.874E-13
9.817E+01  7.252E-23  1.889E-13
9.727E+01  7.373E-23  1.902E-13
9.638E+01  7.494E-23  1.916E-13
9.550E+01  7.616E-23  1.929E-13
9.462E+01  7.738E-23  1.942E-13
9.376E+01  7.861E-23  1.955E-13
9.290E+01  7.983E-23  1.967E-13
9.204E+01  8.105E-23  1.979E-13
9.120E+01  8.227E-23  1.990E-13
9.036E+01  8.350E-23  2.001E-13
8.954E+01  8.472E-23  2.012E-13
8.872E+01  8.594E-23  2.022E-13
8.790E+01  8.716E-23  2.032E-13
8.710E+01  8.837E-23  2.042E-13
8.630E+01  8.959E-23  2.051E-13
8.551E+01  9.081E-23  2.060E-13
8.472E+01  9.199E-23  2.067E-13
8.395E+01  9.319E-23  2.075E-13
8.318E+01  9.439E-23  2.082E-13
8.241E+01  9.557E-23  2.089E-13
8.166E+01  9.675E-23  2.096E-13
8.091E+01  9.792E-23  2.102E-13
8.017E+01  9.909E-23  2.107E-13
7.943E+01  1.002E-22  2.112E-13
7.870E+01  1.014E-22  2.116E-13
7.798E+01  1.025E-22  2.120E-13
7.727E+01  1.036E-22  2.124E-13
7.656E+01  1.047E-22  2.127E-13
7.586E+01  1.058E-22  2.129E-13
7.516E+01  1.069E-22  2.131E-13
7.447E+01  1.079E-22  2.132E-13
7.379E+01  1.089E-22  2.132E-13
7.311E+01  1.099E-22  2.132E-13
7.244E+01  1.109E-22  2.131E-13
7.178E+01  1.119E-22  2.130E-13
7.112E+01  1.128E-22  2.129E-13
7.047E+01  1.138E-22  2.127E-13
6.982E+01  1.147E-22  2.124E-13
6.918E+01  1.156E-22  2.121E-13
6.855E+01  1.165E-22  2.118E-13
6.792E+01  1.173E-22  2.113E-13
6.730E+01  1.181E-22  2.109E-13
6.668E+01  1.189E-22  2.104E-13
6.607E+01  1.197E-22  2.098E-13
6.546E+01  1.205E-22  2.092E-13
6.486E+01  1.212E-22  2.085E-13
6.427E+01  1.219E-22  2.078E-13
6.368E+01  1.226E-22  2.070E-13
6.310E+01  1.232E-22  2.062E-13
6.252E+01  1.238E-22  2.054E-13
6.194E+01  1.245E-22  2.045E-13
6.138E+01  1.250E-22  2.036E-13
6.081E+01  1.256E-22  2.026E-13
6.026E+01  1.261E-22  2.016E-13
5.970E+01  1.266E-22  2.005E-13
5.916E+01  1.271E-22  1.994E-13
5.861E+01  1.275E-22  1.982E-13
5.808E+01  1.279E-22  1.970E-13
5.754E+01  1.283E-22  1.958E-13
5.702E+01  1.286E-22  1.945E-13
5.649E+01  1.290E-22  1.933E-13
5.598E+01  1.293E-22  1.919E-13
5.546E+01  1.295E-22  1.906E-13
5.495E+01  1.298E-22  1.892E-13
5.445E+01  1.300E-22  1.878E-13
5.395E+01  1.302E-22  1.864E-13
5.346E+01  1.304E-22  1.849E-13
5.297E+01  1.306E-22  1.834E-13
5.248E+01  1.307E-22  1.819E-13
5.200E+01  1.308E-22  1.804E-13
5.152E+01  1.309E-22  1.788E-13
5.105E+01  1.309E-22  1.772E-13
5.058E+01  1.309E-22  1.756E-13
5.012E+01  1.309E-22  1.740E-13
4.966E+01  1.309E-22  1.724E-13
4.920E+01  1.308E-22  1.707E-13
4.875E+01  1.307E-22  1.690E-13
4.831E+01  1.306E-22  1.673E-13
4.786E+01  1.305E-22  1.656E-13
4.742E+01  1.303E-22  1.639E-13
4.699E+01  1.301E-22  1.622E-13
4.656E+01  1.299E-22  1.605E-13
4.613E+01  1.297E-22  1.587E-13
4.571E+01  1.294E-22  1.569E-13
4.529E+01  1.291E-22  1.551E-13
4.487E+01  1.288E-22  1.533E-13
4.446E+01  1.285E-22  1.515E-13
4.406E+01  1.281E-22  1.497E-13
4.365E+01  1.277E-22  1.478E-13
4.325E+01  1.272E-22  1.460E-13
4.285E+01  1.268E-22  1.441E-13
4.246E+01  1.262E-22  1.422E-13
4.207E+01  1.257E-22  1.402E-13
4.169E+01  1.250E-22  1.383E-13
4.130E+01  1.244E-22  1.363E-13
4.093E+01  1.237E-22  1.342E-13
4.055E+01  1.229E-22  1.322E-13
4.018E+01  1.220E-22  1.301E-13
3.981E+01  1.211E-22  1.279E-13
3.945E+01  1.202E-22  1.258E-13
3.908E+01  1.191E-22  1.235E-13
3.873E+01  1.180E-22  1.213E-13
3.837E+01  1.168E-22  1.189E-13
3.802E+01  1.156E-22  1.166E-13
3.767E+01  1.142E-22  1.141E-13
3.733E+01  1.127E-22  1.116E-13
3.698E+01  1.112E-22  1.091E-13
3.664E+01  1.096E-22  1.065E-13
3.631E+01  1.078E-22  1.038E-13
3.597E+01  1.060E-22  1.011E-13
3.565E+01  1.040E-22  9.838E-14
3.532E+01  1.020E-22  9.558E-14
3.499E+01  9.991E-23  9.274E-14
3.467E+01  9.770E-23  8.986E-14
3.436E+01  9.541E-23  8.695E-14
3.404E+01  9.303E-23  8.400E-14
3.373E+01  9.058E-23  8.104E-14
3.342E+01  8.807E-23  7.807E-14
3.311E+01  8.550E-23  7.510E-14
3.281E+01  8.289E-23  7.214E-14
3.251E+01  8.023E-23  6.918E-14
3.221E+01  7.754E-23  6.625E-14
3.192E+01  7.484E-23  6.336E-14
3.162E+01  7.214E-23  6.051E-14
3.133E+01  6.945E-23  5.772E-14
3.105E+01  6.677E-23  5.498E-14
3.076E+01  6.413E-23  5.232E-14
3.048E+01  6.153E-23  4.975E-14
3.020E+01  5.898E-23  4.725E-14
2.992E+01  5.650E-23  4.485E-14
2.965E+01  5.409E-23  4.253E-14
2.938E+01  5.175E-23  4.032E-14
2.911E+01  4.950E-23  3.821E-14
2.884E+01  4.733E-23  3.621E-14
2.858E+01  4.526E-23  3.431E-14
2.831E+01  4.329E-23  3.251E-14
2.805E+01  4.141E-23  3.081E-14
2.780E+01  3.963E-23  2.922E-14
2.754E+01  3.795E-23  2.772E-14
2.729E+01  3.636E-23  2.632E-14
2.704E+01  3.487E-23  2.501E-14
2.679E+01  3.348E-23  2.379E-14
2.655E+01  3.217E-23  2.265E-14
2.630E+01  3.095E-23  2.159E-14
2.606E+01  2.981E-23  2.061E-14
2.582E+01  2.876E-23  1.970E-14
2.559E+01  2.778E-23  1.885E-14
2.535E+01  2.688E-23  1.807E-14
2.512E+01  2.604E-23  1.735E-14
2.489E+01  2.527E-23  1.668E-14
2.466E+01  2.456E-23  1.607E-14
2.443E+01  2.391E-23  1.550E-14
2.421E+01  2.332E-23  1.497E-14
2.399E+01  2.277E-23  1.449E-14
2.377E+01  2.227E-23  1.404E-14
2.355E+01  2.182E-23  1.363E-14
2.333E+01  2.141E-23  1.325E-14
2.312E+01  2.104E-23  1.291E-14
2.291E+01  2.071E-23  1.258E-14
2.270E+01  2.041E-23  1.229E-14
2.249E+01  2.016E-23  1.203E-14
2.228E+01  1.993E-23  1.178E-14
2.208E+01  1.973E-23  1.156E-14
2.188E+01  1.956E-23  1.135E-14
2.168E+01  1.940E-23  1.116E-14
2.148E+01  1.927E-23  1.098E-14
2.128E+01  1.917E-23  1.082E-14
2.109E+01  1.909E-23  1.068E-14
2.089E+01  1.902E-23  1.054E-14
2.070E+01  1.898E-23  1.042E-14
2.051E+01  1.895E-23  1.031E-14
2.032E+01  1.894E-23  1.021E-14
2.014E+01  1.896E-23  1.013E-14
1.995E+01  1.900E-23  1.005E-14
1.977E+01  1.905E-23  9.992E-15
1.959E+01  1.912E-23  9.937E-15
1.941E+01  1.922E-23  9.896E-15
1.923E+01  1.934E-23  9.868E-15
1.905E+01  1.950E-23  9.857E-15
1.888E+01  1.970E-23  9.867E-15
1.871E+01  1.997E-23  9.908E-15
1.854E+01  2.032E-23  9.992E-15
1.837E+01  2.083E-23  1.015E-14
1.820E+01  2.163E-23  1.044E-14
1.803E+01  2.321E-23  1.110E-14
1.786E+01  2.581E-23  1.223E-14
1.770E+01  2.586E-23  1.214E-14
1.754E+01  2.839E-23  1.321E-14
1.738E+01  3.532E-23  1.628E-14
1.722E+01  3.266E-23  1.492E-14
1.706E+01  3.245E-23  1.469E-14
1.690E+01  3.153E-23  1.414E-14
1.675E+01  3.006E-23  1.335E-14
1.660E+01  3.102E-23  1.365E-14
1.644E+01  3.762E-23  1.641E-14
1.629E+01  2.748E-23  1.188E-14
1.614E+01  2.411E-23  1.032E-14
1.600E+01  2.496E-23  1.059E-14
1.585E+01  2.493E-23  1.048E-14
1.570E+01  2.122E-23  8.838E-15
1.556E+01  1.946E-23  8.030E-15
1.542E+01  1.860E-23  7.608E-15
1.528E+01  1.809E-23  7.329E-15
1.514E+01  1.773E-23  7.118E-15
1.500E+01  1.747E-23  6.951E-15
1.486E+01  1.730E-23  6.818E-15
1.472E+01  1.722E-23  6.724E-15
1.459E+01  1.729E-23  6.691E-15
1.445E+01  1.769E-23  6.782E-15
1.432E+01  1.880E-23  7.142E-15
1.419E+01  2.003E-23  7.538E-15
1.406E+01  1.883E-23  7.023E-15
1.393E+01  1.792E-23  6.623E-15
1.380E+01  1.818E-23  6.656E-15
1.368E+01  1.996E-23  7.243E-15
1.355E+01  2.070E-23  7.442E-15
1.343E+01  1.915E-23  6.821E-15
1.330E+01  1.921E-23  6.778E-15
1.318E+01  2.036E-23  7.121E-15
1.306E+01  2.265E-23  7.846E-15
1.294E+01  2.659E-23  9.129E-15
1.282E+01  3.292E-23  1.120E-14
1.271E+01  4.078E-23  1.375E-14
1.259E+01  4.418E-23  1.475E-14
1.247E+01  3.966E-23  1.312E-14
1.236E+01  3.410E-23  1.118E-14
1.225E+01  3.179E-23  1.033E-14
1.213E+01  3.244E-23  1.044E-14
1.202E+01  3.363E-23  1.073E-14
1.191E+01  3.245E-23  1.025E-14
1.180E+01  2.986E-23  9.350E-15
1.169E+01  2.904E-23  9.008E-15
1.159E+01  3.231E-23  9.931E-15
1.148E+01  4.329E-23  1.318E-14
1.138E+01  6.643E-23  2.005E-14
1.127E+01  9.264E-23  2.770E-14
1.117E+01  6.321E-23  1.873E-14
1.107E+01  3.335E-23  9.789E-15
1.096E+01  2.272E-23  6.609E-15
1.086E+01  1.771E-23  5.104E-15
1.076E+01  1.496E-23  4.272E-15
1.067E+01  1.329E-23  3.761E-15
1.057E+01  1.221E-23  3.422E-15
1.047E+01  1.146E-23  3.184E-15
1.038E+01  1.093E-23  3.008E-15
1.028E+01  1.055E-23  2.876E-15
1.019E+01  1.026E-23  2.773E-15
1.009E+01  1.007E-23  2.695E-15
1.000E+01  9.942E-24  2.637E-15
9.908E+00  9.882E-24  2.597E-15
9.817E+00  9.883E-24  2.574E-15
9.727E+00  9.945E-24  2.566E-15
9.638E+00  1.007E-23  2.575E-15
9.550E+00  1.026E-23  2.600E-15
9.462E+00  1.054E-23  2.644E-15
9.376E+00  1.090E-23  2.712E-15
9.290E+00  1.140E-23  2.809E-15
9.204E+00  1.208E-23  2.949E-15
9.120E+00  1.302E-23  3.151E-15
9.036E+00  1.439E-23  3.450E-15
8.954E+00  1.646E-23  3.909E-15
8.872E+00  1.974E-23  4.645E-15
8.790E+00  2.512E-23  5.858E-15
8.710E+00  3.335E-23  7.706E-15
8.630E+00  4.105E-23  9.397E-15
8.551E+00  4.010E-23  9.094E-15
8.472E+00  3.474E-23  7.808E-15
8.395E+00  3.200E-23  7.125E-15
8.318E+00  3.181E-23  7.018E-15
8.241E+00  3.319E-23  7.256E-15
8.166E+00  3.671E-23  7.952E-15
8.091E+00  4.346E-23  9.327E-15
8.017E+00  5.426E-23  1.154E-14
7.943E+00  6.856E-23  1.445E-14
7.870E+00  8.162E-23  1.704E-14
7.798E+00  8.780E-23  1.816E-14
7.727E+00  9.141E-23  1.874E-14
7.656E+00  9.781E-23  1.986E-14
7.586E+00  9.665E-23  1.945E-14
7.516E+00  7.986E-23  1.592E-14
7.447E+00  6.055E-23  1.196E-14
7.379E+00  4.660E-23  9.122E-15
7.311E+00  3.733E-23  7.239E-15
7.244E+00  3.091E-23  5.940E-15
7.178E+00  2.626E-23  5.000E-15
7.112E+00  2.283E-23  4.307E-15
7.047E+00  2.034E-23  3.802E-15
6.982E+00  1.865E-23  3.454E-15
6.918E+00  1.768E-23  3.244E-15
6.855E+00  1.734E-23  3.153E-15
6.792E+00  1.746E-23  3.146E-15
6.730E+00  1.764E-23  3.149E-15
6.668E+00  1.743E-23  3.083E-15
6.607E+00  1.684E-23  2.951E-15
6.546E+00  1.647E-23  2.860E-15
6.486E+00  1.711E-23  2.944E-15
6.427E+00  1.975E-23  3.366E-15
6.368E+00  2.636E-23  4.452E-15
6.310E+00  4.145E-23  6.937E-15
6.252E+00  6.746E-23  1.119E-14
6.194E+00  6.874E-23  1.130E-14
6.138E+00  4.129E-23  6.722E-15
6.081E+00  2.420E-23  3.904E-15
6.026E+00  1.624E-23  2.596E-15
5.970E+00  1.244E-23  1.971E-15
5.916E+00  1.073E-23  1.683E-15
5.861E+00  1.039E-23  1.615E-15
5.808E+00  1.135E-23  1.748E-15
5.754E+00  1.346E-23  2.055E-15
5.702E+00  1.469E-23  2.222E-15
5.649E+00  1.253E-23  1.878E-15
5.598E+00  9.336E-24  1.386E-15
5.546E+00  7.125E-24  1.048E-15
5.495E+00  5.835E-24  8.506E-16
5.445E+00  5.139E-24  7.422E-16
5.395E+00  4.884E-24  6.989E-16
5.346E+00  5.124E-24  7.266E-16
5.297E+00  6.038E-24  8.483E-16
5.248E+00  6.708E-24  9.338E-16
5.200E+00  5.427E-24  7.486E-16
5.152E+00  4.095E-24  5.596E-16
5.105E+00  3.363E-24  4.554E-16
5.058E+00  2.955E-24  3.965E-16
5.012E+00  2.700E-24  3.589E-16
4.966E+00  2.523E-24  3.323E-16
4.920E+00  2.390E-24  3.120E-16
4.875E+00  2.286E-24  2.957E-16
4.831E+00  2.201E-24  2.820E-16
4.786E+00  2.129E-24  2.703E-16
4.742E+00  2.068E-24  2.601E-16
4.699E+00  2.014E-24  2.510E-16
4.656E+00  1.967E-24  2.429E-16
4.613E+00  1.924E-24  2.355E-16
4.571E+00  1.886E-24  2.287E-16
4.529E+00  1.852E-24  2.225E-16
4.487E+00  1.821E-24  2.168E-16
4.446E+00  1.793E-24  2.114E-16
4.406E+00  1.767E-24  2.065E-16
4.365E+00  1.743E-24  2.018E-16
4.325E+00  1.722E-24  1.975E-16
4.285E+00  1.702E-24  1.935E-16
4.246E+00  1.684E-24  1.896E-16
4.207E+00  1.667E-24  1.861E-16
4.169E+00  1.653E-24  1.827E-16
4.130E+00  1.639E-24  1.796E-16
4.093E+00  1.627E-24  1.767E-16
4.055E+00  1.617E-24  1.739E-16
4.018E+00  1.608E-24  1.714E-16
3.981E+00  1.601E-24  1.691E-16
3.945E+00  1.596E-24  1.670E-16
3.908E+00  1.593E-24  1.651E-16
3.873E+00  1.592E-24  1.635E-16
3.837E+00  1.594E-24  1.622E-16
3.802E+00  1.599E-24  1.613E-16
3.767E+00  1.609E-24  1.608E-16
3.733E+00  1.624E-24  1.608E-16
3.698E+00  1.646E-24  1.614E-16
3.664E+00  1.676E-24  1.629E-16
3.631E+00  1.720E-24  1.656E-16
3.597E+00  1.781E-24  1.699E-16
3.565E+00  1.868E-24  1.767E-16
3.532E+00  1.997E-24  1.871E-16
3.499E+00  2.194E-24  2.037E-16
3.467E+00  2.512E-24  2.311E-16
3.436E+00  3.070E-24  2.798E-16
3.404E+00  4.171E-24  3.766E-16
3.373E+00  6.799E-24  6.083E-16
3.342E+00  1.551E-23  1.375E-15
3.311E+00  5.869E-23  5.155E-15
3.281E+00  4.008E-23  3.488E-15
3.251E+00  1.144E-23  9.865E-16
3.221E+00  5.456E-24  4.662E-16
3.192E+00  3.477E-24  2.943E-16
3.162E+00  2.602E-24  2.183E-16
3.133E+00  2.142E-24  1.780E-16
3.105E+00  1.870E-24  1.540E-16
3.076E+00  1.695E-24  1.383E-16
3.048E+00  1.575E-24  1.273E-16
3.020E+00  1.489E-24  1.192E-16
2.992E+00  1.424E-24  1.130E-16
2.965E+00  1.373E-24  1.080E-16
2.938E+00  1.332E-24  1.038E-16
2.911E+00  1.298E-24  1.002E-16
2.884E+00  1.270E-24  9.714E-17
2.858E+00  1.245E-24  9.438E-17
2.831E+00  1.223E-24  9.189E-17
2.805E+00  1.204E-24  8.961E-17
2.780E+00  1.187E-24  8.749E-17
2.754E+00  1.170E-24  8.551E-17
2.729E+00  1.155E-24  8.364E-17
2.704E+00  1.141E-24  8.186E-17
2.679E+00  1.128E-24  8.017E-17
2.655E+00  1.115E-24  7.853E-17
2.630E+00  1.103E-24  7.696E-17
2.606E+00  1.091E-24  7.544E-17
2.582E+00  1.080E-24  7.396E-17
2.559E+00  1.069E-24  7.252E-17
2.535E+00  1.058E-24  7.111E-17
2.512E+00  1.047E-24  6.974E-17
2.489E+00  1.036E-24  6.840E-17
2.466E+00  1.025E-24  6.707E-17
2.443E+00  1.015E-24  6.576E-17
2.421E+00  1.004E-24  6.448E-17
2.399E+00  9.937E-25  6.323E-17
2.377E+00  9.835E-25  6.201E-17
2.355E+00  9.733E-25  6.080E-17
2.333E+00  9.631E-25  5.961E-17
2.312E+00  9.530E-25  5.845E-17
2.291E+00  9.428E-25  5.729E-17
2.270E+00  9.326E-25  5.615E-17
2.249E+00  9.224E-25  5.503E-17
2.228E+00  9.120E-25  5.391E-17
2.208E+00  9.015E-25  5.280E-17
2.188E+00  8.907E-25  5.169E-17
2.168E+00  8.797E-25  5.058E-17
2.148E+00  8.683E-25  4.947E-17
2.128E+00  8.565E-25  4.835E-17
2.109E+00  8.440E-25  4.720E-17
2.089E+00  8.307E-25  4.604E-17
2.070E+00  8.164E-25  4.483E-17
2.051E+00  8.008E-25  4.357E-17
2.032E+00  7.836E-25  4.224E-17
2.014E+00  7.644E-25  4.083E-17
1.995E+00  7.428E-25  3.932E-17
1.977E+00  7.189E-25  3.770E-17
1.959E+00  6.934E-25  3.603E-17
1.941E+00  6.687E-25  3.443E-17
1.923E+00  6.493E-25  3.312E-17
1.905E+00  6.398E-25  3.234E-17
1.888E+00  6.420E-25  3.215E-17
1.871E+00  6.523E-25  3.237E-17
1.854E+00  6.653E-25  3.271E-17
1.837E+00  6.768E-25  3.297E-17
1.820E+00  6.851E-25  3.307E-17
1.803E+00  6.901E-25  3.300E-17
1.786E+00  6.922E-25  3.280E-17
1.770E+00  6.923E-25  3.250E-17
1.754E+00  6.907E-25  3.213E-17
1.738E+00  6.879E-25  3.171E-17
1.722E+00  6.843E-25  3.126E-17
1.706E+00  6.802E-25  3.078E-17
1.690E+00  6.756E-25  3.030E-17
1.675E+00  6.709E-25  2.981E-17
1.660E+00  6.660E-25  2.932E-17
1.644E+00  6.610E-25  2.883E-17
1.629E+00  6.560E-25  2.835E-17
1.614E+00  6.512E-25  2.789E-17
1.600E+00  6.466E-25  2.743E-17
1.585E+00  6.422E-25  2.700E-17
1.570E+00  6.382E-25  2.658E-17
1.556E+00  6.346E-25  2.619E-17
1.542E+00  6.315E-25  2.582E-17
1.528E+00  6.290E-25  2.549E-17
1.514E+00  6.272E-25  2.518E-17
1.500E+00  6.262E-25  2.491E-17
1.486E+00  6.261E-25  2.468E-17
1.472E+00  6.272E-25  2.450E-17
1.459E+00  6.297E-25  2.437E-17
1.445E+00  6.338E-25  2.430E-17
1.432E+00  6.397E-25  2.430E-17
1.419E+00  6.479E-25  2.439E-17
1.406E+00  6.588E-25  2.457E-17
1.393E+00  6.730E-25  2.487E-17
1.380E+00  6.911E-25  2.531E-17
1.368E+00  7.139E-25  2.590E-17
1.355E+00  7.421E-25  2.668E-17
1.343E+00  7.764E-25  2.765E-17
1.330E+00  8.171E-25  2.884E-17
1.318E+00  8.636E-25  3.020E-17
1.306E+00  9.130E-25  3.163E-17
1.294E+00  9.596E-25  3.294E-17
1.282E+00  9.936E-25  3.380E-17
1.271E+00  1.004E-24  3.383E-17
1.259E+00  9.814E-25  3.277E-17
1.247E+00  9.276E-25  3.069E-17
1.236E+00  8.524E-25  2.795E-17
1.225E+00  7.701E-25  2.502E-17
1.213E+00  6.923E-25  2.228E-17
1.202E+00  6.250E-25  1.993E-17
1.191E+00  5.704E-25  1.802E-17
1.180E+00  5.281E-25  1.653E-17
1.169E+00  4.969E-25  1.541E-17
1.159E+00  4.755E-25  1.462E-17
1.148E+00  4.634E-25  1.411E-17
1.138E+00  4.604E-25  1.389E-17
1.127E+00  4.673E-25  1.397E-17
1.117E+00  4.863E-25  1.441E-17
1.107E+00  5.211E-25  1.530E-17
1.096E+00  5.779E-25  1.681E-17
1.086E+00  6.657E-25  1.918E-17
1.076E+00  7.933E-25  2.265E-17
1.067E+00  9.534E-25  2.697E-17
1.057E+00  1.081E-24  3.032E-17
1.047E+00  1.060E-24  2.944E-17
1.038E+00  8.786E-25  2.418E-17
1.028E+00  6.649E-25  1.813E-17
1.019E+00  4.991E-25  1.349E-17
1.009E+00  3.869E-25  1.036E-17
1.000E+00  3.125E-25  8.290E-18
