Dust emission from Draine & Li (2007): ApJ 657, 810-837
==========================================================
         6 = grain model
 4.000E-08 4.000E-01 3.750E-05 = a_01 (cm) , sigma_1 , b_C1/0.92
 2.000E-07 5.500E-01 1.250E-05 = a_02 (cm) , sigma_2 , b_C2/0.92
 1.000E+01 1.000E+06 2.000E+00 = Umin , Umax, beta (dN/dU propto U^{-beta})
 1.151E+02 = <U> 
     mmp83 = radfield
 5.168E-22 = power/H (erg s-1)
 band   nu*P_nu(band) j_nu(band)
 (um)   (erg s-1 H-1)(Jy cm2 sr-1 H-1)
1.270E+00  1.851E-24  6.236E-17 COBE-DIRBE
2.220E+00  2.490E-24  1.466E-16 COBE-DIRBE
3.530E+00  1.715E-23  1.605E-15 COBE-DIRBE
4.880E+00  1.080E-23  1.398E-15 COBE-DIRBE
1.229E+01  1.046E-22  3.411E-14 COBE-DIRBE
2.079E+01  1.572E-22  8.668E-14 COBE-DIRBE
5.599E+01  2.008E-22  2.983E-13 COBE-DIRBE
9.770E+01  8.587E-23  2.225E-13 COBE-DIRBE
1.479E+02  3.372E-23  1.323E-13 COBE-DIRBE
2.479E+02  6.384E-24  4.197E-14 COBE-DIRBE
1.200E+01  1.074E-22  3.418E-14 IRAS
2.500E+01  1.870E-22  1.240E-13 IRAS
6.000E+01  1.894E-22  3.015E-13 IRAS
1.000E+02  8.140E-23  2.159E-13 IRAS
3.550E+00  1.986E-23  1.871E-15 SST-IRAC
4.493E+00  7.616E-24  9.077E-16 SST-IRAC
5.731E+00  5.339E-23  8.116E-15 SST-IRAC
7.872E+00  1.351E-22  2.822E-14 SST-IRAC
2.368E+01  1.758E-22  1.104E-13 SST-MIPS
7.142E+01  1.326E-22  2.513E-13 SST-MIPS
1.559E+02  2.633E-23  1.089E-13 SST-MIPS
1.600E+01  1.117E-22  4.742E-14 SST-IRSPU
2.200E+01  1.739E-22  1.015E-13 SST-IRSPU
7.500E+01  1.150E-22  2.288E-13 Herschel-PACS
1.100E+02  5.760E-23  1.681E-13 Herschel-PACS
1.700E+02  2.006E-23  9.045E-14 Herschel-PACS
2.500E+02  5.196E-24  3.446E-14 Herschel-SPIRE
3.600E+02  1.168E-24  1.116E-14 Herschel-SPIRE
5.200E+02  2.500E-25  3.448E-15 Herschel-SPIRE
2.400E+00  2.857E-24  1.819E-16 Akari IRC NIR N2
3.200E+00  1.309E-23  1.111E-15 Akari IRC NIR N3
4.100E+00  7.943E-24  8.638E-16 Akari IRC NIR N4
7.000E+00  1.476E-22  2.740E-14 Akari IRC MIR-S S7
9.000E+00  1.159E-22  2.768E-14 Akari IRC MIR-S S9W
1.100E+01  9.965E-23  2.907E-14 Akari IRC MIR-S S11
1.500E+01  1.181E-22  4.700E-14 Akari IRC MIR-L L15
1.800E+01  1.428E-22  6.816E-14 Akari IRC MIR-L L18W
2.400E+01  1.741E-22  1.108E-13 Akari IRC MIR-L L24
6.500E+01  1.610E-22  2.776E-13 Akari FIS N60
8.000E+01  1.095E-22  2.324E-13 Akari FIS WIDE-S
1.400E+02  3.337E-23  1.239E-13 Akari FIS WIDE-L
1.600E+02  2.407E-23  1.022E-13 Akari FIS N160
 
 
 
 


lambda    nu*dP/dnu     j_nu
 (um)   (erg s-1 H-1)(Jy cm2 sr-1 H-1)
1.000E+04  9.582E-31  2.542E-19
9.908E+03  9.934E-31  2.611E-19
9.817E+03  1.030E-30  2.682E-19
9.727E+03  1.068E-30  2.755E-19
9.638E+03  1.107E-30  2.829E-19
9.550E+03  1.147E-30  2.906E-19
9.462E+03  1.189E-30  2.985E-19
9.376E+03  1.233E-30  3.066E-19
9.290E+03  1.278E-30  3.150E-19
9.204E+03  1.325E-30  3.235E-19
9.120E+03  1.374E-30  3.323E-19
9.036E+03  1.424E-30  3.414E-19
8.954E+03  1.476E-30  3.506E-19
8.872E+03  1.530E-30  3.601E-19
8.790E+03  1.586E-30  3.698E-19
8.710E+03  1.644E-30  3.798E-19
8.630E+03  1.704E-30  3.900E-19
8.551E+03  1.766E-30  4.006E-19
8.472E+03  1.831E-30  4.115E-19
8.395E+03  1.898E-30  4.226E-19
8.318E+03  1.967E-30  4.341E-19
8.241E+03  2.040E-30  4.459E-19
8.166E+03  2.115E-30  4.580E-19
8.091E+03  2.192E-30  4.705E-19
8.017E+03  2.273E-30  4.833E-19
7.943E+03  2.356E-30  4.965E-19
7.870E+03  2.443E-30  5.100E-19
7.798E+03  2.533E-30  5.240E-19
7.727E+03  2.626E-30  5.383E-19
7.656E+03  2.723E-30  5.530E-19
7.586E+03  2.824E-30  5.681E-19
7.516E+03  2.928E-30  5.837E-19
7.447E+03  3.036E-30  5.997E-19
7.379E+03  3.148E-30  6.162E-19
7.311E+03  3.265E-30  6.331E-19
7.244E+03  3.385E-30  6.505E-19
7.178E+03  3.511E-30  6.684E-19
7.112E+03  3.641E-30  6.868E-19
7.047E+03  3.776E-30  7.058E-19
6.982E+03  3.916E-30  7.252E-19
6.918E+03  4.061E-30  7.452E-19
6.855E+03  4.211E-30  7.657E-19
6.792E+03  4.368E-30  7.869E-19
6.730E+03  4.530E-30  8.086E-19
6.668E+03  4.698E-30  8.310E-19
6.607E+03  4.873E-30  8.539E-19
6.546E+03  5.054E-30  8.776E-19
6.486E+03  5.242E-30  9.019E-19
6.427E+03  5.437E-30  9.269E-19
6.368E+03  5.640E-30  9.527E-19
6.310E+03  5.850E-30  9.792E-19
6.252E+03  6.069E-30  1.006E-18
6.194E+03  6.296E-30  1.034E-18
6.138E+03  6.531E-30  1.063E-18
6.081E+03  6.775E-30  1.093E-18
6.026E+03  7.029E-30  1.123E-18
5.970E+03  7.292E-30  1.155E-18
5.916E+03  7.565E-30  1.187E-18
5.861E+03  7.849E-30  1.220E-18
5.808E+03  8.144E-30  1.255E-18
5.754E+03  8.450E-30  1.290E-18
5.702E+03  8.767E-30  1.326E-18
5.649E+03  9.097E-30  1.363E-18
5.598E+03  9.439E-30  1.402E-18
5.546E+03  9.795E-30  1.441E-18
5.495E+03  1.016E-29  1.482E-18
5.445E+03  1.055E-29  1.523E-18
5.395E+03  1.094E-29  1.566E-18
5.346E+03  1.136E-29  1.611E-18
5.297E+03  1.179E-29  1.656E-18
5.248E+03  1.223E-29  1.703E-18
5.200E+03  1.270E-29  1.751E-18
5.152E+03  1.318E-29  1.801E-18
5.105E+03  1.367E-29  1.852E-18
5.058E+03  1.419E-29  1.904E-18
5.012E+03  1.473E-29  1.958E-18
4.966E+03  1.529E-29  2.014E-18
4.920E+03  1.587E-29  2.071E-18
4.875E+03  1.647E-29  2.130E-18
4.831E+03  1.710E-29  2.191E-18
4.786E+03  1.775E-29  2.253E-18
4.742E+03  1.842E-29  2.317E-18
4.699E+03  1.912E-29  2.384E-18
4.656E+03  1.985E-29  2.452E-18
4.613E+03  2.061E-29  2.522E-18
4.571E+03  2.140E-29  2.594E-18
4.529E+03  2.221E-29  2.668E-18
4.487E+03  2.306E-29  2.745E-18
4.446E+03  2.394E-29  2.824E-18
4.406E+03  2.486E-29  2.905E-18
4.365E+03  2.581E-29  2.989E-18
4.325E+03  2.680E-29  3.075E-18
4.285E+03  2.783E-29  3.163E-18
4.246E+03  2.889E-29  3.254E-18
4.207E+03  3.000E-29  3.348E-18
4.169E+03  3.116E-29  3.445E-18
4.130E+03  3.235E-29  3.545E-18
4.093E+03  3.360E-29  3.647E-18
4.055E+03  3.489E-29  3.753E-18
4.018E+03  3.624E-29  3.862E-18
3.981E+03  3.763E-29  3.974E-18
3.945E+03  3.908E-29  4.089E-18
3.908E+03  4.059E-29  4.208E-18
3.873E+03  4.215E-29  4.330E-18
3.837E+03  4.378E-29  4.456E-18
3.802E+03  4.547E-29  4.586E-18
3.767E+03  4.723E-29  4.719E-18
3.733E+03  4.906E-29  4.857E-18
3.698E+03  5.096E-29  4.999E-18
3.664E+03  5.293E-29  5.145E-18
3.631E+03  5.498E-29  5.296E-18
3.597E+03  5.712E-29  5.451E-18
3.565E+03  5.934E-29  5.611E-18
3.532E+03  6.165E-29  5.775E-18
3.499E+03  6.404E-29  5.945E-18
3.467E+03  6.654E-29  6.120E-18
3.436E+03  6.913E-29  6.300E-18
3.404E+03  7.183E-29  6.486E-18
3.373E+03  7.463E-29  6.677E-18
3.342E+03  7.755E-29  6.874E-18
3.311E+03  8.058E-29  7.078E-18
3.281E+03  8.373E-29  7.287E-18
3.251E+03  8.701E-29  7.503E-18
3.221E+03  9.042E-29  7.725E-18
3.192E+03  9.396E-29  7.955E-18
3.162E+03  9.765E-29  8.191E-18
3.133E+03  1.015E-28  8.435E-18
3.105E+03  1.055E-28  8.686E-18
3.076E+03  1.096E-28  8.944E-18
3.048E+03  1.139E-28  9.211E-18
3.020E+03  1.184E-28  9.486E-18
2.992E+03  1.231E-28  9.769E-18
2.965E+03  1.279E-28  1.006E-17
2.938E+03  1.329E-28  1.036E-17
2.911E+03  1.382E-28  1.067E-17
2.884E+03  1.436E-28  1.099E-17
2.858E+03  1.493E-28  1.132E-17
2.831E+03  1.552E-28  1.165E-17
2.805E+03  1.613E-28  1.200E-17
2.780E+03  1.677E-28  1.236E-17
2.754E+03  1.743E-28  1.273E-17
2.729E+03  1.812E-28  1.312E-17
2.704E+03  1.884E-28  1.351E-17
2.679E+03  1.959E-28  1.392E-17
2.655E+03  2.036E-28  1.434E-17
2.630E+03  2.117E-28  1.477E-17
2.606E+03  2.201E-28  1.522E-17
2.582E+03  2.289E-28  1.568E-17
2.559E+03  2.380E-28  1.615E-17
2.535E+03  2.474E-28  1.664E-17
2.512E+03  2.573E-28  1.714E-17
2.489E+03  2.676E-28  1.766E-17
2.466E+03  2.782E-28  1.820E-17
2.443E+03  2.893E-28  1.875E-17
2.421E+03  3.009E-28  1.932E-17
2.399E+03  3.129E-28  1.991E-17
2.377E+03  3.254E-28  2.052E-17
2.355E+03  3.385E-28  2.114E-17
2.333E+03  3.520E-28  2.179E-17
2.312E+03  3.661E-28  2.245E-17
2.291E+03  3.808E-28  2.314E-17
2.270E+03  3.961E-28  2.385E-17
2.249E+03  4.120E-28  2.458E-17
2.228E+03  4.285E-28  2.533E-17
2.208E+03  4.457E-28  2.611E-17
2.188E+03  4.637E-28  2.691E-17
2.168E+03  4.823E-28  2.773E-17
2.148E+03  5.017E-28  2.858E-17
2.128E+03  5.219E-28  2.946E-17
2.109E+03  5.430E-28  3.037E-17
2.089E+03  5.648E-28  3.130E-17
2.070E+03  5.876E-28  3.227E-17
2.051E+03  6.113E-28  3.326E-17
2.032E+03  6.360E-28  3.429E-17
2.014E+03  6.617E-28  3.535E-17
1.995E+03  6.884E-28  3.644E-17
1.977E+03  7.163E-28  3.756E-17
1.959E+03  7.452E-28  3.872E-17
1.941E+03  7.754E-28  3.992E-17
1.923E+03  8.067E-28  4.115E-17
1.905E+03  8.394E-28  4.243E-17
1.888E+03  8.734E-28  4.374E-17
1.871E+03  9.088E-28  4.509E-17
1.854E+03  9.456E-28  4.649E-17
1.837E+03  9.840E-28  4.793E-17
1.820E+03  1.024E-27  4.942E-17
1.803E+03  1.065E-27  5.096E-17
1.786E+03  1.109E-27  5.254E-17
1.770E+03  1.154E-27  5.417E-17
1.754E+03  1.201E-27  5.586E-17
1.738E+03  1.249E-27  5.760E-17
1.722E+03  1.300E-27  5.939E-17
1.706E+03  1.353E-27  6.124E-17
1.690E+03  1.408E-27  6.315E-17
1.675E+03  1.466E-27  6.511E-17
1.660E+03  1.525E-27  6.714E-17
1.644E+03  1.587E-27  6.924E-17
1.629E+03  1.652E-27  7.140E-17
1.614E+03  1.719E-27  7.363E-17
1.600E+03  1.789E-27  7.593E-17
1.585E+03  1.862E-27  7.830E-17
1.570E+03  1.938E-27  8.074E-17
1.556E+03  2.017E-27  8.327E-17
1.542E+03  2.100E-27  8.587E-17
1.528E+03  2.185E-27  8.855E-17
1.514E+03  2.275E-27  9.132E-17
1.500E+03  2.367E-27  9.418E-17
1.486E+03  2.464E-27  9.713E-17
1.472E+03  2.565E-27  1.002E-16
1.459E+03  2.670E-27  1.033E-16
1.445E+03  2.779E-27  1.065E-16
1.432E+03  2.893E-27  1.099E-16
1.419E+03  3.011E-27  1.133E-16
1.406E+03  3.134E-27  1.169E-16
1.393E+03  3.262E-27  1.206E-16
1.380E+03  3.396E-27  1.243E-16
1.368E+03  3.535E-27  1.282E-16
1.355E+03  3.680E-27  1.323E-16
1.343E+03  3.830E-27  1.364E-16
1.330E+03  3.987E-27  1.407E-16
1.318E+03  4.150E-27  1.451E-16
1.306E+03  4.320E-27  1.497E-16
1.294E+03  4.497E-27  1.544E-16
1.282E+03  4.681E-27  1.592E-16
1.271E+03  4.873E-27  1.642E-16
1.259E+03  5.072E-27  1.694E-16
1.247E+03  5.280E-27  1.747E-16
1.236E+03  5.496E-27  1.802E-16
1.225E+03  5.721E-27  1.859E-16
1.213E+03  5.956E-27  1.917E-16
1.202E+03  6.199E-27  1.977E-16
1.191E+03  6.453E-27  2.039E-16
1.180E+03  6.717E-27  2.103E-16
1.169E+03  6.992E-27  2.169E-16
1.159E+03  7.278E-27  2.237E-16
1.148E+03  7.576E-27  2.307E-16
1.138E+03  7.886E-27  2.380E-16
1.127E+03  8.209E-27  2.454E-16
1.117E+03  8.545E-27  2.531E-16
1.107E+03  8.894E-27  2.611E-16
1.096E+03  9.258E-27  2.693E-16
1.086E+03  9.636E-27  2.777E-16
1.076E+03  1.003E-26  2.864E-16
1.067E+03  1.044E-26  2.954E-16
1.057E+03  1.087E-26  3.046E-16
1.047E+03  1.131E-26  3.142E-16
1.038E+03  1.177E-26  3.240E-16
1.028E+03  1.225E-26  3.341E-16
1.019E+03  1.275E-26  3.446E-16
1.009E+03  1.327E-26  3.553E-16
1.000E+03  1.381E-26  3.664E-16
9.908E+02  1.438E-26  3.779E-16
9.817E+02  1.496E-26  3.897E-16
9.727E+02  1.558E-26  4.019E-16
9.638E+02  1.621E-26  4.145E-16
9.550E+02  1.687E-26  4.274E-16
9.462E+02  1.756E-26  4.408E-16
9.376E+02  1.828E-26  4.545E-16
9.290E+02  1.902E-26  4.687E-16
9.204E+02  1.980E-26  4.833E-16
9.120E+02  2.060E-26  4.984E-16
9.036E+02  2.144E-26  5.139E-16
8.954E+02  2.231E-26  5.299E-16
8.872E+02  2.322E-26  5.464E-16
8.790E+02  2.416E-26  5.633E-16
8.710E+02  2.514E-26  5.808E-16
8.630E+02  2.616E-26  5.988E-16
8.551E+02  2.722E-26  6.174E-16
8.472E+02  2.832E-26  6.365E-16
8.395E+02  2.947E-26  6.562E-16
8.318E+02  3.066E-26  6.765E-16
8.241E+02  3.190E-26  6.974E-16
8.166E+02  3.319E-26  7.189E-16
8.091E+02  3.453E-26  7.411E-16
8.017E+02  3.592E-26  7.639E-16
7.943E+02  3.737E-26  7.874E-16
7.870E+02  3.888E-26  8.116E-16
7.798E+02  4.044E-26  8.366E-16
7.727E+02  4.207E-26  8.623E-16
7.656E+02  4.376E-26  8.888E-16
7.586E+02  4.552E-26  9.160E-16
7.516E+02  4.735E-26  9.441E-16
7.447E+02  4.926E-26  9.731E-16
7.379E+02  5.124E-26  1.003E-15
7.311E+02  5.330E-26  1.034E-15
7.244E+02  5.545E-26  1.066E-15
7.178E+02  5.768E-26  1.098E-15
7.112E+02  6.000E-26  1.132E-15
7.047E+02  6.242E-26  1.167E-15
6.982E+02  6.493E-26  1.203E-15
6.918E+02  6.754E-26  1.239E-15
6.855E+02  7.026E-26  1.278E-15
6.792E+02  7.308E-26  1.317E-15
6.730E+02  7.602E-26  1.357E-15
6.668E+02  7.906E-26  1.398E-15
6.607E+02  8.224E-26  1.441E-15
6.546E+02  8.554E-26  1.485E-15
6.486E+02  8.899E-26  1.531E-15
6.427E+02  9.257E-26  1.578E-15
6.368E+02  9.630E-26  1.627E-15
6.310E+02  1.002E-25  1.677E-15
6.252E+02  1.042E-25  1.728E-15
6.194E+02  1.084E-25  1.781E-15
6.138E+02  1.128E-25  1.836E-15
6.081E+02  1.173E-25  1.893E-15
6.026E+02  1.221E-25  1.951E-15
5.970E+02  1.270E-25  2.011E-15
5.916E+02  1.321E-25  2.073E-15
5.861E+02  1.374E-25  2.137E-15
5.808E+02  1.430E-25  2.202E-15
5.754E+02  1.487E-25  2.270E-15
5.702E+02  1.547E-25  2.340E-15
5.649E+02  1.610E-25  2.412E-15
5.598E+02  1.675E-25  2.486E-15
5.546E+02  1.742E-25  2.563E-15
5.495E+02  1.812E-25  2.642E-15
5.445E+02  1.885E-25  2.723E-15
5.395E+02  1.962E-25  2.807E-15
5.346E+02  2.041E-25  2.894E-15
5.297E+02  2.123E-25  2.983E-15
5.248E+02  2.209E-25  3.075E-15
5.200E+02  2.298E-25  3.169E-15
5.152E+02  2.390E-25  3.267E-15
5.105E+02  2.487E-25  3.368E-15
5.058E+02  2.587E-25  3.471E-15
5.012E+02  2.691E-25  3.578E-15
4.966E+02  2.800E-25  3.688E-15
4.920E+02  2.913E-25  3.802E-15
4.875E+02  3.030E-25  3.919E-15
4.831E+02  3.152E-25  4.039E-15
4.786E+02  3.279E-25  4.163E-15
4.742E+02  3.411E-25  4.292E-15
4.699E+02  3.549E-25  4.423E-15
4.656E+02  3.692E-25  4.559E-15
4.613E+02  3.840E-25  4.699E-15
4.571E+02  3.995E-25  4.844E-15
4.529E+02  4.156E-25  4.993E-15
4.487E+02  4.323E-25  5.146E-15
4.446E+02  4.497E-25  5.303E-15
4.406E+02  4.677E-25  5.466E-15
4.365E+02  4.865E-25  5.634E-15
4.325E+02  5.061E-25  5.806E-15
4.285E+02  5.264E-25  5.984E-15
4.246E+02  5.475E-25  6.167E-15
4.207E+02  5.695E-25  6.356E-15
4.169E+02  5.924E-25  6.550E-15
4.130E+02  6.161E-25  6.750E-15
4.093E+02  6.408E-25  6.957E-15
4.055E+02  6.665E-25  7.169E-15
4.018E+02  6.932E-25  7.388E-15
3.981E+02  7.210E-25  7.614E-15
3.945E+02  7.499E-25  7.846E-15
3.908E+02  7.799E-25  8.086E-15
3.873E+02  8.111E-25  8.332E-15
3.837E+02  8.436E-25  8.586E-15
3.802E+02  8.773E-25  8.848E-15
3.767E+02  9.124E-25  9.117E-15
3.733E+02  9.489E-25  9.394E-15
3.698E+02  9.867E-25  9.680E-15
3.664E+02  1.026E-24  9.974E-15
3.631E+02  1.067E-24  1.028E-14
3.597E+02  1.110E-24  1.059E-14
3.565E+02  1.154E-24  1.091E-14
3.532E+02  1.200E-24  1.124E-14
3.499E+02  1.247E-24  1.158E-14
3.467E+02  1.297E-24  1.193E-14
3.436E+02  1.348E-24  1.229E-14
3.404E+02  1.402E-24  1.266E-14
3.373E+02  1.458E-24  1.304E-14
3.342E+02  1.515E-24  1.343E-14
3.311E+02  1.575E-24  1.384E-14
3.281E+02  1.638E-24  1.425E-14
3.251E+02  1.702E-24  1.468E-14
3.221E+02  1.769E-24  1.512E-14
3.192E+02  1.839E-24  1.557E-14
3.162E+02  1.912E-24  1.604E-14
3.133E+02  1.987E-24  1.651E-14
3.105E+02  2.065E-24  1.700E-14
3.076E+02  2.146E-24  1.751E-14
3.048E+02  2.230E-24  1.803E-14
3.020E+02  2.317E-24  1.856E-14
2.992E+02  2.408E-24  1.911E-14
2.965E+02  2.502E-24  1.968E-14
2.938E+02  2.600E-24  2.026E-14
2.911E+02  2.701E-24  2.086E-14
2.884E+02  2.806E-24  2.147E-14
2.858E+02  2.915E-24  2.210E-14
2.831E+02  3.028E-24  2.275E-14
2.805E+02  3.146E-24  2.341E-14
2.780E+02  3.268E-24  2.409E-14
2.754E+02  3.394E-24  2.480E-14
2.729E+02  3.525E-24  2.552E-14
2.704E+02  3.661E-24  2.626E-14
2.679E+02  3.803E-24  2.703E-14
2.655E+02  3.950E-24  2.781E-14
2.630E+02  4.102E-24  2.862E-14
2.606E+02  4.260E-24  2.945E-14
2.582E+02  4.423E-24  3.030E-14
2.559E+02  4.592E-24  3.117E-14
2.535E+02  4.766E-24  3.205E-14
2.512E+02  4.946E-24  3.296E-14
2.489E+02  5.130E-24  3.387E-14
2.466E+02  5.317E-24  3.478E-14
2.443E+02  5.509E-24  3.571E-14
2.421E+02  5.707E-24  3.665E-14
2.399E+02  5.910E-24  3.761E-14
2.377E+02  6.117E-24  3.856E-14
2.355E+02  6.330E-24  3.954E-14
2.333E+02  6.550E-24  4.054E-14
2.312E+02  6.777E-24  4.156E-14
2.291E+02  7.011E-24  4.260E-14
2.270E+02  7.252E-24  4.366E-14
2.249E+02  7.500E-24  4.475E-14
2.228E+02  7.757E-24  4.585E-14
2.208E+02  8.022E-24  4.698E-14
2.188E+02  8.294E-24  4.813E-14
2.168E+02  8.575E-24  4.931E-14
2.148E+02  8.865E-24  5.051E-14
2.128E+02  9.163E-24  5.173E-14
2.109E+02  9.470E-24  5.297E-14
2.089E+02  9.786E-24  5.424E-14
2.070E+02  1.011E-23  5.553E-14
2.051E+02  1.045E-23  5.684E-14
2.032E+02  1.079E-23  5.818E-14
2.014E+02  1.115E-23  5.954E-14
1.995E+02  1.151E-23  6.093E-14
1.977E+02  1.189E-23  6.234E-14
1.959E+02  1.227E-23  6.378E-14
1.941E+02  1.267E-23  6.524E-14
1.923E+02  1.308E-23  6.673E-14
1.905E+02  1.350E-23  6.824E-14
1.888E+02  1.393E-23  6.978E-14
1.871E+02  1.438E-23  7.135E-14
1.854E+02  1.484E-23  7.295E-14
1.837E+02  1.531E-23  7.457E-14
1.820E+02  1.579E-23  7.623E-14
1.803E+02  1.629E-23  7.790E-14
1.786E+02  1.680E-23  7.961E-14
1.770E+02  1.733E-23  8.135E-14
1.754E+02  1.787E-23  8.313E-14
1.738E+02  1.842E-23  8.493E-14
1.722E+02  1.900E-23  8.676E-14
1.706E+02  1.958E-23  8.863E-14
1.690E+02  2.019E-23  9.053E-14
1.675E+02  2.081E-23  9.247E-14
1.660E+02  2.145E-23  9.445E-14
1.644E+02  2.212E-23  9.646E-14
1.629E+02  2.280E-23  9.852E-14
1.614E+02  2.350E-23  1.006E-13
1.600E+02  2.422E-23  1.028E-13
1.585E+02  2.496E-23  1.049E-13
1.570E+02  2.573E-23  1.072E-13
1.556E+02  2.653E-23  1.095E-13
1.542E+02  2.734E-23  1.118E-13
1.528E+02  2.819E-23  1.142E-13
1.514E+02  2.907E-23  1.167E-13
1.500E+02  2.997E-23  1.192E-13
1.486E+02  3.090E-23  1.218E-13
1.472E+02  3.185E-23  1.244E-13
1.459E+02  3.283E-23  1.270E-13
1.445E+02  3.383E-23  1.297E-13
1.432E+02  3.483E-23  1.323E-13
1.419E+02  3.583E-23  1.349E-13
1.406E+02  3.681E-23  1.373E-13
1.393E+02  3.777E-23  1.396E-13
1.380E+02  3.869E-23  1.417E-13
1.368E+02  3.958E-23  1.436E-13
1.355E+02  4.044E-23  1.454E-13
1.343E+02  4.129E-23  1.471E-13
1.330E+02  4.213E-23  1.487E-13
1.318E+02  4.298E-23  1.503E-13
1.306E+02  4.384E-23  1.519E-13
1.294E+02  4.472E-23  1.535E-13
1.282E+02  4.562E-23  1.552E-13
1.271E+02  4.654E-23  1.569E-13
1.259E+02  4.750E-23  1.586E-13
1.247E+02  4.848E-23  1.604E-13
1.236E+02  4.948E-23  1.622E-13
1.225E+02  5.052E-23  1.641E-13
1.213E+02  5.158E-23  1.660E-13
1.202E+02  5.266E-23  1.679E-13
1.191E+02  5.377E-23  1.699E-13
1.180E+02  5.491E-23  1.719E-13
1.169E+02  5.606E-23  1.739E-13
1.159E+02  5.723E-23  1.759E-13
1.148E+02  5.843E-23  1.779E-13
1.138E+02  5.965E-23  1.800E-13
1.127E+02  6.089E-23  1.821E-13
1.117E+02  6.216E-23  1.842E-13
1.107E+02  6.346E-23  1.863E-13
1.096E+02  6.477E-23  1.884E-13
1.086E+02  6.611E-23  1.905E-13
1.076E+02  6.747E-23  1.927E-13
1.067E+02  6.885E-23  1.948E-13
1.057E+02  7.025E-23  1.969E-13
1.047E+02  7.167E-23  1.991E-13
1.038E+02  7.311E-23  2.012E-13
1.028E+02  7.457E-23  2.033E-13
1.019E+02  7.603E-23  2.054E-13
1.009E+02  7.752E-23  2.075E-13
1.000E+02  7.903E-23  2.096E-13
9.908E+01  8.054E-23  2.117E-13
9.817E+01  8.208E-23  2.137E-13
9.727E+01  8.363E-23  2.158E-13
9.638E+01  8.520E-23  2.178E-13
9.550E+01  8.678E-23  2.198E-13
9.462E+01  8.838E-23  2.218E-13
9.376E+01  8.999E-23  2.238E-13
9.290E+01  9.161E-23  2.257E-13
9.204E+01  9.324E-23  2.277E-13
9.120E+01  9.489E-23  2.296E-13
9.036E+01  9.655E-23  2.314E-13
8.954E+01  9.823E-23  2.333E-13
8.872E+01  9.991E-23  2.351E-13
8.790E+01  1.016E-22  2.369E-13
8.710E+01  1.033E-22  2.387E-13
8.630E+01  1.051E-22  2.405E-13
8.551E+01  1.068E-22  2.422E-13
8.472E+01  1.085E-22  2.439E-13
8.395E+01  1.103E-22  2.456E-13
8.318E+01  1.121E-22  2.472E-13
8.241E+01  1.138E-22  2.489E-13
8.166E+01  1.156E-22  2.505E-13
8.091E+01  1.174E-22  2.520E-13
8.017E+01  1.193E-22  2.536E-13
7.943E+01  1.211E-22  2.551E-13
7.870E+01  1.229E-22  2.566E-13
7.798E+01  1.247E-22  2.580E-13
7.727E+01  1.266E-22  2.594E-13
7.656E+01  1.284E-22  2.608E-13
7.586E+01  1.303E-22  2.621E-13
7.516E+01  1.321E-22  2.634E-13
7.447E+01  1.340E-22  2.647E-13
7.379E+01  1.358E-22  2.659E-13
7.311E+01  1.377E-22  2.671E-13
7.244E+01  1.396E-22  2.682E-13
7.178E+01  1.414E-22  2.693E-13
7.112E+01  1.433E-22  2.703E-13
7.047E+01  1.452E-22  2.714E-13
6.982E+01  1.471E-22  2.725E-13
6.918E+01  1.490E-22  2.735E-13
6.855E+01  1.509E-22  2.744E-13
6.792E+01  1.528E-22  2.753E-13
6.730E+01  1.547E-22  2.762E-13
6.668E+01  1.566E-22  2.771E-13
6.607E+01  1.586E-22  2.779E-13
6.546E+01  1.605E-22  2.787E-13
6.486E+01  1.624E-22  2.795E-13
6.427E+01  1.644E-22  2.802E-13
6.368E+01  1.663E-22  2.809E-13
6.310E+01  1.683E-22  2.816E-13
6.252E+01  1.702E-22  2.823E-13
6.194E+01  1.722E-22  2.829E-13
6.138E+01  1.742E-22  2.836E-13
6.081E+01  1.762E-22  2.842E-13
6.026E+01  1.782E-22  2.848E-13
5.970E+01  1.802E-22  2.853E-13
5.916E+01  1.822E-22  2.859E-13
5.861E+01  1.842E-22  2.864E-13
5.808E+01  1.862E-22  2.869E-13
5.754E+01  1.883E-22  2.874E-13
5.702E+01  1.903E-22  2.879E-13
5.649E+01  1.924E-22  2.883E-13
5.598E+01  1.945E-22  2.888E-13
5.546E+01  1.966E-22  2.892E-13
5.495E+01  1.987E-22  2.897E-13
5.445E+01  2.009E-22  2.902E-13
5.395E+01  2.031E-22  2.906E-13
5.346E+01  2.053E-22  2.911E-13
5.297E+01  2.075E-22  2.916E-13
5.248E+01  2.098E-22  2.920E-13
5.200E+01  2.120E-22  2.925E-13
5.152E+01  2.144E-22  2.930E-13
5.105E+01  2.167E-22  2.934E-13
5.058E+01  2.190E-22  2.939E-13
5.012E+01  2.214E-22  2.944E-13
4.966E+01  2.238E-22  2.949E-13
4.920E+01  2.263E-22  2.954E-13
4.875E+01  2.288E-22  2.959E-13
4.831E+01  2.313E-22  2.964E-13
4.786E+01  2.339E-22  2.970E-13
4.742E+01  2.365E-22  2.976E-13
4.699E+01  2.392E-22  2.982E-13
4.656E+01  2.419E-22  2.988E-13
4.613E+01  2.447E-22  2.994E-13
4.571E+01  2.475E-22  3.001E-13
4.529E+01  2.504E-22  3.008E-13
4.487E+01  2.533E-22  3.015E-13
4.446E+01  2.563E-22  3.023E-13
4.406E+01  2.593E-22  3.030E-13
4.365E+01  2.624E-22  3.038E-13
4.325E+01  2.655E-22  3.046E-13
4.285E+01  2.686E-22  3.053E-13
4.246E+01  2.718E-22  3.061E-13
4.207E+01  2.750E-22  3.069E-13
4.169E+01  2.782E-22  3.077E-13
4.130E+01  2.815E-22  3.084E-13
4.093E+01  2.847E-22  3.091E-13
4.055E+01  2.880E-22  3.098E-13
4.018E+01  2.913E-22  3.104E-13
3.981E+01  2.945E-22  3.110E-13
3.945E+01  2.977E-22  3.115E-13
3.908E+01  3.008E-22  3.119E-13
3.873E+01  3.039E-22  3.122E-13
3.837E+01  3.069E-22  3.124E-13
3.802E+01  3.098E-22  3.125E-13
3.767E+01  3.126E-22  3.124E-13
3.733E+01  3.152E-22  3.121E-13
3.698E+01  3.177E-22  3.116E-13
3.664E+01  3.199E-22  3.110E-13
3.631E+01  3.220E-22  3.101E-13
3.597E+01  3.238E-22  3.090E-13
3.565E+01  3.254E-22  3.077E-13
3.532E+01  3.267E-22  3.061E-13
3.499E+01  3.278E-22  3.042E-13
3.467E+01  3.284E-22  3.021E-13
3.436E+01  3.288E-22  2.996E-13
3.404E+01  3.288E-22  2.969E-13
3.373E+01  3.284E-22  2.938E-13
3.342E+01  3.277E-22  2.905E-13
3.311E+01  3.266E-22  2.869E-13
3.281E+01  3.251E-22  2.829E-13
3.251E+01  3.232E-22  2.787E-13
3.221E+01  3.210E-22  2.742E-13
3.192E+01  3.183E-22  2.695E-13
3.162E+01  3.153E-22  2.645E-13
3.133E+01  3.120E-22  2.593E-13
3.105E+01  3.083E-22  2.539E-13
3.076E+01  3.043E-22  2.483E-13
3.048E+01  3.001E-22  2.427E-13
3.020E+01  2.957E-22  2.369E-13
2.992E+01  2.910E-22  2.310E-13
2.965E+01  2.862E-22  2.251E-13
2.938E+01  2.812E-22  2.191E-13
2.911E+01  2.761E-22  2.132E-13
2.884E+01  2.710E-22  2.073E-13
2.858E+01  2.657E-22  2.014E-13
2.831E+01  2.605E-22  1.957E-13
2.805E+01  2.553E-22  1.900E-13
2.780E+01  2.502E-22  1.845E-13
2.754E+01  2.451E-22  1.790E-13
2.729E+01  2.400E-22  1.738E-13
2.704E+01  2.351E-22  1.686E-13
2.679E+01  2.303E-22  1.637E-13
2.655E+01  2.256E-22  1.589E-13
2.630E+01  2.210E-22  1.542E-13
2.606E+01  2.166E-22  1.497E-13
2.582E+01  2.123E-22  1.454E-13
2.559E+01  2.082E-22  1.413E-13
2.535E+01  2.042E-22  1.373E-13
2.512E+01  2.004E-22  1.335E-13
2.489E+01  1.967E-22  1.298E-13
2.466E+01  1.931E-22  1.263E-13
2.443E+01  1.897E-22  1.230E-13
2.421E+01  1.864E-22  1.197E-13
2.399E+01  1.833E-22  1.166E-13
2.377E+01  1.802E-22  1.136E-13
2.355E+01  1.774E-22  1.108E-13
2.333E+01  1.747E-22  1.081E-13
2.312E+01  1.720E-22  1.055E-13
2.291E+01  1.694E-22  1.030E-13
2.270E+01  1.671E-22  1.006E-13
2.249E+01  1.651E-22  9.847E-14
2.228E+01  1.631E-22  9.642E-14
2.208E+01  1.612E-22  9.443E-14
2.188E+01  1.593E-22  9.246E-14
2.168E+01  1.574E-22  9.052E-14
2.148E+01  1.556E-22  8.868E-14
2.128E+01  1.540E-22  8.695E-14
2.109E+01  1.526E-22  8.535E-14
2.089E+01  1.512E-22  8.378E-14
2.070E+01  1.498E-22  8.225E-14
2.051E+01  1.484E-22  8.076E-14
2.032E+01  1.472E-22  7.937E-14
2.014E+01  1.463E-22  7.817E-14
1.995E+01  1.455E-22  7.701E-14
1.977E+01  1.447E-22  7.588E-14
1.959E+01  1.438E-22  7.473E-14
1.941E+01  1.430E-22  7.362E-14
1.923E+01  1.423E-22  7.261E-14
1.905E+01  1.425E-22  7.203E-14
1.888E+01  1.423E-22  7.127E-14
1.871E+01  1.391E-22  6.904E-14
1.854E+01  1.370E-22  6.735E-14
1.837E+01  1.354E-22  6.597E-14
1.820E+01  1.342E-22  6.480E-14
1.803E+01  1.338E-22  6.401E-14
1.786E+01  1.345E-22  6.374E-14
1.770E+01  1.329E-22  6.242E-14
1.754E+01  1.336E-22  6.217E-14
1.738E+01  1.381E-22  6.368E-14
1.722E+01  1.354E-22  6.182E-14
1.706E+01  1.337E-22  6.053E-14
1.690E+01  1.304E-22  5.849E-14
1.675E+01  1.261E-22  5.604E-14
1.660E+01  1.250E-22  5.504E-14
1.644E+01  1.317E-22  5.743E-14
1.629E+01  1.152E-22  4.979E-14
1.614E+01  1.074E-22  4.597E-14
1.600E+01  1.035E-22  4.391E-14
1.585E+01  1.004E-22  4.223E-14
1.570E+01  9.727E-23  4.052E-14
1.556E+01  9.474E-23  3.910E-14
1.542E+01  9.261E-23  3.787E-14
1.528E+01  9.073E-23  3.676E-14
1.514E+01  8.906E-23  3.576E-14
1.500E+01  8.762E-23  3.486E-14
1.486E+01  8.637E-23  3.404E-14
1.472E+01  8.540E-23  3.335E-14
1.459E+01  8.484E-23  3.283E-14
1.445E+01  8.515E-23  3.265E-14
1.432E+01  8.719E-23  3.312E-14
1.419E+01  8.981E-23  3.381E-14
1.406E+01  8.775E-23  3.273E-14
1.393E+01  8.681E-23  3.208E-14
1.380E+01  8.883E-23  3.253E-14
1.368E+01  9.376E-23  3.401E-14
1.355E+01  1.001E-22  3.600E-14
1.343E+01  1.021E-22  3.636E-14
1.330E+01  9.897E-23  3.493E-14
1.318E+01  9.761E-23  3.413E-14
1.306E+01  1.007E-22  3.490E-14
1.294E+01  1.096E-22  3.762E-14
1.282E+01  1.258E-22  4.280E-14
1.271E+01  1.465E-22  4.939E-14
1.259E+01  1.538E-22  5.136E-14
1.247E+01  1.399E-22  4.629E-14
1.236E+01  1.253E-22  4.109E-14
1.225E+01  1.205E-22  3.914E-14
1.213E+01  1.246E-22  4.010E-14
1.202E+01  1.305E-22  4.161E-14
1.191E+01  1.274E-22  4.027E-14
1.180E+01  1.193E-22  3.736E-14
1.169E+01  1.174E-22  3.641E-14
1.159E+01  1.282E-22  3.940E-14
1.148E+01  1.620E-22  4.934E-14
1.138E+01  2.133E-22  6.437E-14
1.127E+01  2.717E-22  8.124E-14
1.117E+01  2.031E-22  6.017E-14
1.107E+01  1.226E-22  3.599E-14
1.096E+01  9.572E-23  2.784E-14
1.086E+01  8.321E-23  2.398E-14
1.076E+01  7.655E-23  2.186E-14
1.067E+01  7.257E-23  2.053E-14
1.057E+01  6.911E-23  1.937E-14
1.047E+01  6.673E-23  1.854E-14
1.038E+01  6.500E-23  1.789E-14
1.028E+01  6.359E-23  1.734E-14
1.019E+01  6.240E-23  1.686E-14
1.009E+01  6.140E-23  1.644E-14
1.000E+01  6.061E-23  1.608E-14
9.908E+00  6.003E-23  1.578E-14
9.817E+00  5.964E-23  1.553E-14
9.727E+00  5.943E-23  1.534E-14
9.638E+00  5.941E-23  1.519E-14
9.550E+00  5.954E-23  1.508E-14
9.462E+00  5.982E-23  1.502E-14
9.376E+00  6.033E-23  1.500E-14
9.290E+00  6.115E-23  1.507E-14
9.204E+00  6.247E-23  1.525E-14
9.120E+00  6.460E-23  1.563E-14
9.036E+00  6.805E-23  1.631E-14
8.954E+00  7.369E-23  1.750E-14
8.872E+00  8.314E-23  1.956E-14
8.790E+00  9.915E-23  2.312E-14
8.710E+00  1.240E-22  2.865E-14
8.630E+00  1.474E-22  3.373E-14
8.551E+00  1.442E-22  3.271E-14
8.472E+00  1.276E-22  2.868E-14
8.395E+00  1.191E-22  2.652E-14
8.318E+00  1.185E-22  2.615E-14
8.241E+00  1.229E-22  2.686E-14
8.166E+00  1.340E-22  2.903E-14
8.091E+00  1.554E-22  3.335E-14
8.017E+00  1.895E-22  4.029E-14
7.943E+00  2.341E-22  4.933E-14
7.870E+00  2.732E-22  5.703E-14
7.798E+00  2.871E-22  5.938E-14
7.727E+00  2.885E-22  5.914E-14
7.656E+00  2.969E-22  6.029E-14
7.586E+00  2.892E-22  5.818E-14
7.516E+00  2.451E-22  4.886E-14
7.447E+00  1.956E-22  3.863E-14
7.379E+00  1.591E-22  3.115E-14
7.311E+00  1.338E-22  2.595E-14
7.244E+00  1.152E-22  2.214E-14
7.178E+00  1.010E-22  1.922E-14
7.112E+00  8.995E-23  1.697E-14
7.047E+00  8.172E-23  1.528E-14
6.982E+00  7.604E-23  1.408E-14
6.918E+00  7.279E-23  1.336E-14
6.855E+00  7.176E-23  1.305E-14
6.792E+00  7.229E-23  1.302E-14
6.730E+00  7.286E-23  1.301E-14
6.668E+00  7.167E-23  1.268E-14
6.607E+00  6.873E-23  1.204E-14
6.546E+00  6.627E-23  1.151E-14
6.486E+00  6.713E-23  1.155E-14
6.427E+00  7.448E-23  1.270E-14
6.368E+00  9.428E-23  1.593E-14
6.310E+00  1.389E-22  2.325E-14
6.252E+00  2.114E-22  3.506E-14
6.194E+00  2.136E-22  3.509E-14
6.138E+00  1.355E-22  2.206E-14
6.081E+00  8.333E-23  1.344E-14
6.026E+00  5.756E-23  9.200E-15
5.970E+00  4.439E-23  7.030E-15
5.916E+00  3.741E-23  5.870E-15
5.861E+00  3.418E-23  5.315E-15
5.808E+00  3.418E-23  5.266E-15
5.754E+00  3.739E-23  5.708E-15
5.702E+00  3.959E-23  5.987E-15
5.649E+00  3.401E-23  5.096E-15
5.598E+00  2.694E-23  4.000E-15
5.546E+00  2.252E-23  3.313E-15
5.495E+00  2.008E-23  2.927E-15
5.445E+00  1.892E-23  2.733E-15
5.395E+00  1.888E-23  2.702E-15
5.346E+00  2.026E-23  2.872E-15
5.297E+00  2.265E-23  3.182E-15
5.248E+00  2.204E-23  3.068E-15
5.200E+00  1.811E-23  2.499E-15
5.152E+00  1.503E-23  2.054E-15
5.105E+00  1.318E-23  1.785E-15
5.058E+00  1.201E-23  1.611E-15
5.012E+00  1.119E-23  1.487E-15
4.966E+00  1.056E-23  1.391E-15
4.920E+00  1.005E-23  1.312E-15
4.875E+00  9.616E-24  1.244E-15
4.831E+00  9.238E-24  1.184E-15
4.786E+00  8.902E-24  1.130E-15
4.742E+00  8.598E-24  1.082E-15
4.699E+00  8.320E-24  1.037E-15
4.656E+00  8.063E-24  9.958E-16
4.613E+00  7.826E-24  9.576E-16
4.571E+00  7.605E-24  9.220E-16
4.529E+00  7.398E-24  8.887E-16
4.487E+00  7.204E-24  8.575E-16
4.446E+00  7.022E-24  8.282E-16
4.406E+00  6.851E-24  8.006E-16
4.365E+00  6.690E-24  7.746E-16
4.325E+00  6.538E-24  7.501E-16
4.285E+00  6.395E-24  7.270E-16
4.246E+00  6.261E-24  7.052E-16
4.207E+00  6.135E-24  6.847E-16
4.169E+00  6.017E-24  6.653E-16
4.130E+00  5.906E-24  6.471E-16
4.093E+00  5.802E-24  6.299E-16
4.055E+00  5.706E-24  6.138E-16
4.018E+00  5.618E-24  5.987E-16
3.981E+00  5.537E-24  5.847E-16
3.945E+00  5.464E-24  5.718E-16
3.908E+00  5.400E-24  5.599E-16
3.873E+00  5.346E-24  5.491E-16
3.837E+00  5.302E-24  5.396E-16
3.802E+00  5.270E-24  5.314E-16
3.767E+00  5.252E-24  5.248E-16
3.733E+00  5.251E-24  5.199E-16
3.698E+00  5.271E-24  5.171E-16
3.664E+00  5.320E-24  5.171E-16
3.631E+00  5.405E-24  5.206E-16
3.597E+00  5.543E-24  5.290E-16
3.565E+00  5.758E-24  5.444E-16
3.532E+00  6.090E-24  5.706E-16
3.499E+00  6.617E-24  6.142E-16
3.467E+00  7.487E-24  6.886E-16
3.436E+00  9.032E-24  8.231E-16
3.404E+00  1.211E-23  1.093E-15
3.373E+00  1.949E-23  1.744E-15
3.342E+00  4.398E-23  3.899E-15
3.311E+00  1.655E-22  1.453E-14
3.281E+00  1.130E-22  9.831E-15
3.251E+00  3.239E-23  2.793E-15
3.221E+00  1.555E-23  1.329E-15
3.192E+00  9.972E-24  8.442E-16
3.162E+00  7.501E-24  6.292E-16
3.133E+00  6.195E-24  5.149E-16
3.105E+00  5.417E-24  4.461E-16
3.076E+00  4.913E-24  4.009E-16
3.048E+00  4.565E-24  3.690E-16
3.020E+00  4.310E-24  3.453E-16
2.992E+00  4.117E-24  3.268E-16
2.965E+00  3.964E-24  3.118E-16
2.938E+00  3.840E-24  2.992E-16
2.911E+00  3.736E-24  2.885E-16
2.884E+00  3.648E-24  2.790E-16
2.858E+00  3.570E-24  2.706E-16
2.831E+00  3.502E-24  2.630E-16
2.805E+00  3.440E-24  2.560E-16
2.780E+00  3.384E-24  2.495E-16
2.754E+00  3.332E-24  2.434E-16
2.729E+00  3.283E-24  2.377E-16
2.704E+00  3.238E-24  2.322E-16
2.679E+00  3.195E-24  2.270E-16
2.655E+00  3.153E-24  2.220E-16
2.630E+00  3.114E-24  2.173E-16
2.606E+00  3.076E-24  2.126E-16
2.582E+00  3.039E-24  2.081E-16
2.559E+00  3.003E-24  2.038E-16
2.535E+00  2.968E-24  1.996E-16
2.512E+00  2.933E-24  1.954E-16
2.489E+00  2.899E-24  1.914E-16
2.466E+00  2.865E-24  1.874E-16
2.443E+00  2.832E-24  1.836E-16
2.421E+00  2.799E-24  1.797E-16
2.399E+00  2.767E-24  1.760E-16
2.377E+00  2.735E-24  1.724E-16
2.355E+00  2.703E-24  1.689E-16
2.333E+00  2.672E-24  1.654E-16
2.312E+00  2.641E-24  1.619E-16
2.291E+00  2.610E-24  1.586E-16
2.270E+00  2.579E-24  1.553E-16
2.249E+00  2.548E-24  1.520E-16
2.228E+00  2.516E-24  1.487E-16
2.208E+00  2.485E-24  1.455E-16
2.188E+00  2.453E-24  1.423E-16
2.168E+00  2.420E-24  1.391E-16
2.148E+00  2.386E-24  1.360E-16
2.128E+00  2.352E-24  1.327E-16
2.109E+00  2.315E-24  1.295E-16
2.089E+00  2.277E-24  1.262E-16
2.070E+00  2.236E-24  1.228E-16
2.051E+00  2.192E-24  1.192E-16
2.032E+00  2.143E-24  1.155E-16
2.014E+00  2.090E-24  1.116E-16
1.995E+00  2.030E-24  1.074E-16
1.977E+00  1.964E-24  1.030E-16
1.959E+00  1.894E-24  9.844E-17
1.941E+00  1.827E-24  9.405E-17
1.923E+00  1.773E-24  9.045E-17
1.905E+00  1.746E-24  8.824E-17
1.888E+00  1.749E-24  8.760E-17
1.871E+00  1.774E-24  8.802E-17
1.854E+00  1.806E-24  8.878E-17
1.837E+00  1.834E-24  8.932E-17
1.820E+00  1.853E-24  8.945E-17
1.803E+00  1.864E-24  8.915E-17
1.786E+00  1.868E-24  8.850E-17
1.770E+00  1.865E-24  8.759E-17
1.754E+00  1.859E-24  8.649E-17
1.738E+00  1.850E-24  8.527E-17
1.722E+00  1.838E-24  8.397E-17
1.706E+00  1.826E-24  8.262E-17
1.690E+00  1.812E-24  8.124E-17
1.675E+00  1.797E-24  7.985E-17
1.660E+00  1.783E-24  7.848E-17
1.644E+00  1.768E-24  7.711E-17
1.629E+00  1.753E-24  7.577E-17
1.614E+00  1.739E-24  7.446E-17
1.600E+00  1.725E-24  7.319E-17
1.585E+00  1.712E-24  7.197E-17
1.570E+00  1.700E-24  7.080E-17
1.556E+00  1.689E-24  6.970E-17
1.542E+00  1.679E-24  6.866E-17
1.528E+00  1.671E-24  6.770E-17
1.514E+00  1.665E-24  6.683E-17
1.500E+00  1.661E-24  6.606E-17
1.486E+00  1.659E-24  6.540E-17
1.472E+00  1.661E-24  6.485E-17
1.459E+00  1.666E-24  6.445E-17
1.445E+00  1.675E-24  6.421E-17
1.432E+00  1.689E-24  6.416E-17
1.419E+00  1.709E-24  6.433E-17
1.406E+00  1.736E-24  6.475E-17
1.393E+00  1.772E-24  6.548E-17
1.380E+00  1.818E-24  6.655E-17
1.368E+00  1.875E-24  6.804E-17
1.355E+00  1.947E-24  7.001E-17
1.343E+00  2.035E-24  7.249E-17
1.330E+00  2.140E-24  7.552E-17
1.318E+00  2.259E-24  7.900E-17
1.306E+00  2.386E-24  8.267E-17
1.294E+00  2.506E-24  8.602E-17
1.282E+00  2.593E-24  8.819E-17
1.271E+00  2.617E-24  8.822E-17
1.259E+00  2.559E-24  8.544E-17
1.247E+00  2.418E-24  8.000E-17
1.236E+00  2.222E-24  7.285E-17
1.225E+00  2.008E-24  6.522E-17
1.213E+00  1.805E-24  5.811E-17
1.202E+00  1.630E-24  5.199E-17
1.191E+00  1.488E-24  4.703E-17
1.180E+00  1.378E-24  4.314E-17
1.169E+00  1.296E-24  4.022E-17
1.159E+00  1.241E-24  3.813E-17
1.148E+00  1.208E-24  3.680E-17
1.138E+00  1.200E-24  3.621E-17
1.127E+00  1.217E-24  3.640E-17
1.117E+00  1.266E-24  3.750E-17
1.107E+00  1.355E-24  3.977E-17
1.096E+00  1.501E-24  4.365E-17
1.086E+00  1.727E-24  4.976E-17
1.076E+00  2.055E-24  5.869E-17
1.067E+00  2.467E-24  6.981E-17
1.057E+00  2.797E-24  7.841E-17
1.047E+00  2.740E-24  7.611E-17
1.038E+00  2.272E-24  6.253E-17
1.028E+00  1.721E-24  4.692E-17
1.019E+00  1.293E-24  3.493E-17
1.009E+00  1.003E-24  2.686E-17
1.000E+00  8.113E-25  2.152E-17
