Dust emission from Draine & Li (2007): ApJ 657, 810-837
==========================================================
         4 = grain model
 4.000E-08 4.000E-01 2.250E-05 = a_01 (cm) , sigma_1 , b_C1/0.92
 2.000E-07 5.500E-01 7.500E-06 = a_02 (cm) , sigma_2 , b_C2/0.92
 1.000E+01 1.000E+06 2.000E+00 = Umin , Umax, beta (dN/dU propto U^{-beta})
 1.151E+02 = <U> 
     mmp83 = radfield
 5.115E-22 = power/H (erg s-1)
 band   nu*P_nu(band) j_nu(band)
 (um)   (erg s-1 H-1)(Jy cm2 sr-1 H-1)
1.270E+00  1.121E-24  3.778E-17 COBE-DIRBE
2.220E+00  1.499E-24  8.830E-17 COBE-DIRBE
3.530E+00  1.081E-23  1.012E-15 COBE-DIRBE
4.880E+00  8.445E-24  1.093E-15 COBE-DIRBE
1.229E+01  8.797E-23  2.868E-14 COBE-DIRBE
2.079E+01  1.580E-22  8.716E-14 COBE-DIRBE
5.599E+01  2.156E-22  3.202E-13 COBE-DIRBE
9.770E+01  9.029E-23  2.340E-13 COBE-DIRBE
1.479E+02  3.506E-23  1.375E-13 COBE-DIRBE
2.479E+02  6.596E-24  4.336E-14 COBE-DIRBE
1.200E+01  8.730E-23  2.779E-14 IRAS
2.500E+01  1.943E-22  1.288E-13 IRAS
6.000E+01  2.030E-22  3.232E-13 IRAS
1.000E+02  8.550E-23  2.268E-13 IRAS
3.550E+00  1.249E-23  1.176E-15 SST-IRAC
4.493E+00  5.860E-24  6.983E-16 SST-IRAC
5.731E+00  3.778E-23  5.744E-15 SST-IRAC
7.872E+00  9.909E-23  2.069E-14 SST-IRAC
2.368E+01  1.831E-22  1.150E-13 SST-MIPS
7.142E+01  1.408E-22  2.668E-13 SST-MIPS
1.559E+02  2.732E-23  1.130E-13 SST-MIPS
1.600E+01  1.040E-22  4.414E-14 SST-IRSPU
2.200E+01  1.793E-22  1.047E-13 SST-IRSPU
7.500E+01  1.221E-22  2.429E-13 Herschel-PACS
1.100E+02  6.046E-23  1.764E-13 Herschel-PACS
1.700E+02  2.082E-23  9.387E-14 Herschel-PACS
2.500E+02  5.364E-24  3.557E-14 Herschel-SPIRE
3.600E+02  1.202E-24  1.148E-14 Herschel-SPIRE
5.200E+02  2.565E-25  3.538E-15 Herschel-SPIRE
2.400E+00  1.746E-24  1.111E-16 Akari IRC NIR N2
3.200E+00  8.195E-24  6.956E-16 Akari IRC NIR N3
4.100E+00  5.974E-24  6.498E-16 Akari IRC NIR N4
7.000E+00  1.055E-22  1.959E-14 Akari IRC MIR-S S7
9.000E+00  8.871E-23  2.118E-14 Akari IRC MIR-S S9W
1.100E+01  8.149E-23  2.378E-14 Akari IRC MIR-S S11
1.500E+01  1.100E-22  4.376E-14 Akari IRC MIR-L L15
1.800E+01  1.414E-22  6.750E-14 Akari IRC MIR-L L18W
2.400E+01  1.801E-22  1.146E-13 Akari IRC MIR-L L24
6.500E+01  1.714E-22  2.956E-13 Akari FIS N60
8.000E+01  1.157E-22  2.456E-13 Akari FIS WIDE-S
1.400E+02  3.467E-23  1.288E-13 Akari FIS WIDE-L
1.600E+02  2.498E-23  1.060E-13 Akari FIS N160
 
 
 
 


lambda    nu*dP/dnu     j_nu
 (um)   (erg s-1 H-1)(Jy cm2 sr-1 H-1)
1.000E+04  9.677E-31  2.567E-19
9.908E+03  1.003E-30  2.637E-19
9.817E+03  1.040E-30  2.708E-19
9.727E+03  1.078E-30  2.782E-19
9.638E+03  1.118E-30  2.858E-19
9.550E+03  1.159E-30  2.935E-19
9.462E+03  1.201E-30  3.015E-19
9.376E+03  1.245E-30  3.097E-19
9.290E+03  1.291E-30  3.182E-19
9.204E+03  1.339E-30  3.268E-19
9.120E+03  1.388E-30  3.357E-19
9.036E+03  1.439E-30  3.449E-19
8.954E+03  1.491E-30  3.542E-19
8.872E+03  1.546E-30  3.638E-19
8.790E+03  1.602E-30  3.736E-19
8.710E+03  1.661E-30  3.837E-19
8.630E+03  1.722E-30  3.941E-19
8.551E+03  1.785E-30  4.048E-19
8.472E+03  1.850E-30  4.158E-19
8.395E+03  1.918E-30  4.271E-19
8.318E+03  1.988E-30  4.387E-19
8.241E+03  2.061E-30  4.506E-19
8.166E+03  2.137E-30  4.629E-19
8.091E+03  2.216E-30  4.755E-19
8.017E+03  2.297E-30  4.885E-19
7.943E+03  2.382E-30  5.018E-19
7.870E+03  2.469E-30  5.155E-19
7.798E+03  2.560E-30  5.296E-19
7.727E+03  2.655E-30  5.441E-19
7.656E+03  2.753E-30  5.591E-19
7.586E+03  2.855E-30  5.744E-19
7.516E+03  2.960E-30  5.902E-19
7.447E+03  3.069E-30  6.064E-19
7.379E+03  3.183E-30  6.230E-19
7.311E+03  3.301E-30  6.402E-19
7.244E+03  3.423E-30  6.578E-19
7.178E+03  3.550E-30  6.759E-19
7.112E+03  3.682E-30  6.946E-19
7.047E+03  3.818E-30  7.137E-19
6.982E+03  3.960E-30  7.334E-19
6.918E+03  4.107E-30  7.537E-19
6.855E+03  4.259E-30  7.745E-19
6.792E+03  4.417E-30  7.959E-19
6.730E+03  4.582E-30  8.179E-19
6.668E+03  4.752E-30  8.405E-19
6.607E+03  4.929E-30  8.638E-19
6.546E+03  5.112E-30  8.877E-19
6.486E+03  5.303E-30  9.124E-19
6.427E+03  5.501E-30  9.377E-19
6.368E+03  5.706E-30  9.638E-19
6.310E+03  5.919E-30  9.906E-19
6.252E+03  6.140E-30  1.018E-18
6.194E+03  6.370E-30  1.047E-18
6.138E+03  6.608E-30  1.076E-18
6.081E+03  6.856E-30  1.106E-18
6.026E+03  7.112E-30  1.137E-18
5.970E+03  7.379E-30  1.169E-18
5.916E+03  7.656E-30  1.201E-18
5.861E+03  7.943E-30  1.235E-18
5.808E+03  8.242E-30  1.270E-18
5.754E+03  8.552E-30  1.305E-18
5.702E+03  8.873E-30  1.342E-18
5.649E+03  9.207E-30  1.380E-18
5.598E+03  9.554E-30  1.419E-18
5.546E+03  9.914E-30  1.459E-18
5.495E+03  1.029E-29  1.500E-18
5.445E+03  1.068E-29  1.542E-18
5.395E+03  1.108E-29  1.586E-18
5.346E+03  1.150E-29  1.630E-18
5.297E+03  1.193E-29  1.677E-18
5.248E+03  1.238E-29  1.724E-18
5.200E+03  1.285E-29  1.773E-18
5.152E+03  1.334E-29  1.823E-18
5.105E+03  1.385E-29  1.875E-18
5.058E+03  1.437E-29  1.928E-18
5.012E+03  1.492E-29  1.983E-18
4.966E+03  1.548E-29  2.039E-18
4.920E+03  1.607E-29  2.097E-18
4.875E+03  1.668E-29  2.157E-18
4.831E+03  1.731E-29  2.219E-18
4.786E+03  1.797E-29  2.282E-18
4.742E+03  1.866E-29  2.347E-18
4.699E+03  1.937E-29  2.414E-18
4.656E+03  2.011E-29  2.483E-18
4.613E+03  2.087E-29  2.554E-18
4.571E+03  2.167E-29  2.627E-18
4.529E+03  2.250E-29  2.703E-18
4.487E+03  2.336E-29  2.780E-18
4.446E+03  2.425E-29  2.860E-18
4.406E+03  2.518E-29  2.943E-18
4.365E+03  2.615E-29  3.027E-18
4.325E+03  2.715E-29  3.115E-18
4.285E+03  2.819E-29  3.205E-18
4.246E+03  2.927E-29  3.297E-18
4.207E+03  3.040E-29  3.392E-18
4.169E+03  3.157E-29  3.491E-18
4.130E+03  3.278E-29  3.592E-18
4.093E+03  3.404E-29  3.696E-18
4.055E+03  3.535E-29  3.803E-18
4.018E+03  3.672E-29  3.913E-18
3.981E+03  3.813E-29  4.027E-18
3.945E+03  3.960E-29  4.144E-18
3.908E+03  4.113E-29  4.264E-18
3.873E+03  4.272E-29  4.388E-18
3.837E+03  4.437E-29  4.516E-18
3.802E+03  4.608E-29  4.647E-18
3.767E+03  4.786E-29  4.783E-18
3.733E+03  4.972E-29  4.922E-18
3.698E+03  5.164E-29  5.066E-18
3.664E+03  5.365E-29  5.215E-18
3.631E+03  5.573E-29  5.367E-18
3.597E+03  5.789E-29  5.525E-18
3.565E+03  6.014E-29  5.687E-18
3.532E+03  6.248E-29  5.854E-18
3.499E+03  6.492E-29  6.026E-18
3.467E+03  6.745E-29  6.203E-18
3.436E+03  7.008E-29  6.386E-18
3.404E+03  7.281E-29  6.575E-18
3.373E+03  7.566E-29  6.769E-18
3.342E+03  7.861E-29  6.969E-18
3.311E+03  8.169E-29  7.175E-18
3.281E+03  8.489E-29  7.388E-18
3.251E+03  8.821E-29  7.607E-18
3.221E+03  9.167E-29  7.832E-18
3.192E+03  9.526E-29  8.065E-18
3.162E+03  9.900E-29  8.305E-18
3.133E+03  1.029E-28  8.552E-18
3.105E+03  1.069E-28  8.807E-18
3.076E+03  1.111E-28  9.069E-18
3.048E+03  1.155E-28  9.340E-18
3.020E+03  1.201E-28  9.619E-18
2.992E+03  1.248E-28  9.906E-18
2.965E+03  1.297E-28  1.020E-17
2.938E+03  1.348E-28  1.051E-17
2.911E+03  1.401E-28  1.082E-17
2.884E+03  1.456E-28  1.114E-17
2.858E+03  1.514E-28  1.148E-17
2.831E+03  1.574E-28  1.182E-17
2.805E+03  1.636E-28  1.217E-17
2.780E+03  1.701E-28  1.254E-17
2.754E+03  1.768E-28  1.292E-17
2.729E+03  1.838E-28  1.330E-17
2.704E+03  1.911E-28  1.370E-17
2.679E+03  1.986E-28  1.412E-17
2.655E+03  2.065E-28  1.454E-17
2.630E+03  2.147E-28  1.498E-17
2.606E+03  2.233E-28  1.543E-17
2.582E+03  2.321E-28  1.590E-17
2.559E+03  2.414E-28  1.638E-17
2.535E+03  2.510E-28  1.688E-17
2.512E+03  2.610E-28  1.739E-17
2.489E+03  2.714E-28  1.792E-17
2.466E+03  2.822E-28  1.846E-17
2.443E+03  2.935E-28  1.902E-17
2.421E+03  3.052E-28  1.960E-17
2.399E+03  3.174E-28  2.020E-17
2.377E+03  3.302E-28  2.082E-17
2.355E+03  3.434E-28  2.145E-17
2.333E+03  3.571E-28  2.211E-17
2.312E+03  3.714E-28  2.278E-17
2.291E+03  3.863E-28  2.348E-17
2.270E+03  4.019E-28  2.420E-17
2.249E+03  4.180E-28  2.494E-17
2.228E+03  4.348E-28  2.570E-17
2.208E+03  4.523E-28  2.649E-17
2.188E+03  4.705E-28  2.730E-17
2.168E+03  4.894E-28  2.814E-17
2.148E+03  5.091E-28  2.901E-17
2.128E+03  5.296E-28  2.990E-17
2.109E+03  5.510E-28  3.082E-17
2.089E+03  5.732E-28  3.177E-17
2.070E+03  5.963E-28  3.275E-17
2.051E+03  6.204E-28  3.376E-17
2.032E+03  6.455E-28  3.480E-17
2.014E+03  6.716E-28  3.587E-17
1.995E+03  6.987E-28  3.698E-17
1.977E+03  7.270E-28  3.812E-17
1.959E+03  7.564E-28  3.930E-17
1.941E+03  7.870E-28  4.052E-17
1.923E+03  8.188E-28  4.177E-17
1.905E+03  8.520E-28  4.306E-17
1.888E+03  8.865E-28  4.440E-17
1.871E+03  9.225E-28  4.578E-17
1.854E+03  9.599E-28  4.720E-17
1.837E+03  9.989E-28  4.866E-17
1.820E+03  1.039E-27  5.017E-17
1.803E+03  1.082E-27  5.173E-17
1.786E+03  1.126E-27  5.334E-17
1.770E+03  1.171E-27  5.500E-17
1.754E+03  1.219E-27  5.671E-17
1.738E+03  1.269E-27  5.848E-17
1.722E+03  1.320E-27  6.030E-17
1.706E+03  1.374E-27  6.218E-17
1.690E+03  1.430E-27  6.412E-17
1.675E+03  1.488E-27  6.612E-17
1.660E+03  1.549E-27  6.818E-17
1.644E+03  1.612E-27  7.031E-17
1.629E+03  1.678E-27  7.251E-17
1.614E+03  1.746E-27  7.478E-17
1.600E+03  1.817E-27  7.711E-17
1.585E+03  1.892E-27  7.952E-17
1.570E+03  1.969E-27  8.201E-17
1.556E+03  2.049E-27  8.458E-17
1.542E+03  2.133E-27  8.722E-17
1.528E+03  2.220E-27  8.995E-17
1.514E+03  2.311E-27  9.277E-17
1.500E+03  2.405E-27  9.568E-17
1.486E+03  2.503E-27  9.868E-17
1.472E+03  2.606E-27  1.018E-16
1.459E+03  2.713E-27  1.050E-16
1.445E+03  2.824E-27  1.083E-16
1.432E+03  2.939E-27  1.117E-16
1.419E+03  3.060E-27  1.152E-16
1.406E+03  3.185E-27  1.188E-16
1.393E+03  3.315E-27  1.225E-16
1.380E+03  3.451E-27  1.264E-16
1.368E+03  3.593E-27  1.303E-16
1.355E+03  3.740E-27  1.344E-16
1.343E+03  3.893E-27  1.387E-16
1.330E+03  4.053E-27  1.430E-16
1.318E+03  4.219E-27  1.475E-16
1.306E+03  4.392E-27  1.522E-16
1.294E+03  4.572E-27  1.570E-16
1.282E+03  4.759E-27  1.619E-16
1.271E+03  4.955E-27  1.670E-16
1.259E+03  5.158E-27  1.722E-16
1.247E+03  5.369E-27  1.777E-16
1.236E+03  5.589E-27  1.832E-16
1.225E+03  5.819E-27  1.890E-16
1.213E+03  6.057E-27  1.950E-16
1.202E+03  6.305E-27  2.011E-16
1.191E+03  6.564E-27  2.074E-16
1.180E+03  6.833E-27  2.139E-16
1.169E+03  7.113E-27  2.207E-16
1.159E+03  7.405E-27  2.276E-16
1.148E+03  7.708E-27  2.348E-16
1.138E+03  8.024E-27  2.421E-16
1.127E+03  8.353E-27  2.497E-16
1.117E+03  8.695E-27  2.576E-16
1.107E+03  9.051E-27  2.657E-16
1.096E+03  9.422E-27  2.740E-16
1.086E+03  9.808E-27  2.826E-16
1.076E+03  1.021E-26  2.915E-16
1.067E+03  1.063E-26  3.007E-16
1.057E+03  1.106E-26  3.101E-16
1.047E+03  1.152E-26  3.198E-16
1.038E+03  1.199E-26  3.299E-16
1.028E+03  1.248E-26  3.402E-16
1.019E+03  1.299E-26  3.509E-16
1.009E+03  1.352E-26  3.619E-16
1.000E+03  1.407E-26  3.732E-16
9.908E+02  1.464E-26  3.849E-16
9.817E+02  1.524E-26  3.970E-16
9.727E+02  1.587E-26  4.094E-16
9.638E+02  1.652E-26  4.222E-16
9.550E+02  1.719E-26  4.355E-16
9.462E+02  1.789E-26  4.491E-16
9.376E+02  1.862E-26  4.632E-16
9.290E+02  1.938E-26  4.777E-16
9.204E+02  2.018E-26  4.926E-16
9.120E+02  2.100E-26  5.080E-16
9.036E+02  2.185E-26  5.239E-16
8.954E+02  2.275E-26  5.402E-16
8.872E+02  2.367E-26  5.571E-16
8.790E+02  2.463E-26  5.744E-16
8.710E+02  2.564E-26  5.923E-16
8.630E+02  2.668E-26  6.107E-16
8.551E+02  2.776E-26  6.297E-16
8.472E+02  2.889E-26  6.493E-16
8.395E+02  3.006E-26  6.694E-16
8.318E+02  3.128E-26  6.902E-16
8.241E+02  3.255E-26  7.115E-16
8.166E+02  3.387E-26  7.336E-16
8.091E+02  3.524E-26  7.563E-16
8.017E+02  3.666E-26  7.796E-16
7.943E+02  3.814E-26  8.037E-16
7.870E+02  3.969E-26  8.285E-16
7.798E+02  4.129E-26  8.541E-16
7.727E+02  4.295E-26  8.804E-16
7.656E+02  4.469E-26  9.075E-16
7.586E+02  4.649E-26  9.354E-16
7.516E+02  4.836E-26  9.642E-16
7.447E+02  5.031E-26  9.939E-16
7.379E+02  5.234E-26  1.025E-15
7.311E+02  5.446E-26  1.056E-15
7.244E+02  5.665E-26  1.089E-15
7.178E+02  5.894E-26  1.122E-15
7.112E+02  6.132E-26  1.157E-15
7.047E+02  6.379E-26  1.192E-15
6.982E+02  6.637E-26  1.229E-15
6.918E+02  6.905E-26  1.267E-15
6.855E+02  7.183E-26  1.306E-15
6.792E+02  7.473E-26  1.346E-15
6.730E+02  7.773E-26  1.388E-15
6.668E+02  8.086E-26  1.430E-15
6.607E+02  8.411E-26  1.474E-15
6.546E+02  8.750E-26  1.519E-15
6.486E+02  9.103E-26  1.566E-15
6.427E+02  9.471E-26  1.615E-15
6.368E+02  9.854E-26  1.664E-15
6.310E+02  1.025E-25  1.716E-15
6.252E+02  1.067E-25  1.769E-15
6.194E+02  1.110E-25  1.823E-15
6.138E+02  1.155E-25  1.880E-15
6.081E+02  1.201E-25  1.938E-15
6.026E+02  1.250E-25  1.998E-15
5.970E+02  1.300E-25  2.059E-15
5.916E+02  1.353E-25  2.123E-15
5.861E+02  1.407E-25  2.188E-15
5.808E+02  1.464E-25  2.256E-15
5.754E+02  1.524E-25  2.326E-15
5.702E+02  1.585E-25  2.397E-15
5.649E+02  1.649E-25  2.471E-15
5.598E+02  1.716E-25  2.548E-15
5.546E+02  1.785E-25  2.626E-15
5.495E+02  1.857E-25  2.708E-15
5.445E+02  1.933E-25  2.791E-15
5.395E+02  2.011E-25  2.878E-15
5.346E+02  2.092E-25  2.966E-15
5.297E+02  2.177E-25  3.058E-15
5.248E+02  2.265E-25  3.153E-15
5.200E+02  2.356E-25  3.250E-15
5.152E+02  2.451E-25  3.350E-15
5.105E+02  2.551E-25  3.454E-15
5.058E+02  2.654E-25  3.561E-15
5.012E+02  2.761E-25  3.671E-15
4.966E+02  2.873E-25  3.784E-15
4.920E+02  2.989E-25  3.901E-15
4.875E+02  3.109E-25  4.021E-15
4.831E+02  3.235E-25  4.145E-15
4.786E+02  3.366E-25  4.273E-15
4.742E+02  3.501E-25  4.405E-15
4.699E+02  3.643E-25  4.541E-15
4.656E+02  3.790E-25  4.681E-15
4.613E+02  3.943E-25  4.825E-15
4.571E+02  4.102E-25  4.973E-15
4.529E+02  4.267E-25  5.127E-15
4.487E+02  4.439E-25  5.284E-15
4.446E+02  4.618E-25  5.447E-15
4.406E+02  4.804E-25  5.614E-15
4.365E+02  4.998E-25  5.787E-15
4.325E+02  5.199E-25  5.964E-15
4.285E+02  5.408E-25  6.148E-15
4.246E+02  5.626E-25  6.336E-15
4.207E+02  5.852E-25  6.531E-15
4.169E+02  6.087E-25  6.731E-15
4.130E+02  6.332E-25  6.937E-15
4.093E+02  6.586E-25  7.150E-15
4.055E+02  6.851E-25  7.369E-15
4.018E+02  7.126E-25  7.595E-15
3.981E+02  7.412E-25  7.827E-15
3.945E+02  7.710E-25  8.067E-15
3.908E+02  8.019E-25  8.314E-15
3.873E+02  8.341E-25  8.568E-15
3.837E+02  8.675E-25  8.830E-15
3.802E+02  9.023E-25  9.099E-15
3.767E+02  9.384E-25  9.377E-15
3.733E+02  9.760E-25  9.663E-15
3.698E+02  1.015E-24  9.957E-15
3.664E+02  1.056E-24  1.026E-14
3.631E+02  1.098E-24  1.057E-14
3.597E+02  1.142E-24  1.089E-14
3.565E+02  1.187E-24  1.122E-14
3.532E+02  1.234E-24  1.157E-14
3.499E+02  1.284E-24  1.192E-14
3.467E+02  1.335E-24  1.228E-14
3.436E+02  1.388E-24  1.265E-14
3.404E+02  1.443E-24  1.303E-14
3.373E+02  1.500E-24  1.342E-14
3.342E+02  1.560E-24  1.383E-14
3.311E+02  1.622E-24  1.424E-14
3.281E+02  1.686E-24  1.467E-14
3.251E+02  1.753E-24  1.511E-14
3.221E+02  1.822E-24  1.557E-14
3.192E+02  1.894E-24  1.603E-14
3.162E+02  1.969E-24  1.651E-14
3.133E+02  2.046E-24  1.701E-14
3.105E+02  2.127E-24  1.751E-14
3.076E+02  2.210E-24  1.804E-14
3.048E+02  2.297E-24  1.857E-14
3.020E+02  2.387E-24  1.912E-14
2.992E+02  2.481E-24  1.969E-14
2.965E+02  2.578E-24  2.027E-14
2.938E+02  2.679E-24  2.087E-14
2.911E+02  2.783E-24  2.149E-14
2.884E+02  2.892E-24  2.212E-14
2.858E+02  3.004E-24  2.277E-14
2.831E+02  3.121E-24  2.344E-14
2.805E+02  3.242E-24  2.413E-14
2.780E+02  3.368E-24  2.483E-14
2.754E+02  3.498E-24  2.556E-14
2.729E+02  3.634E-24  2.631E-14
2.704E+02  3.775E-24  2.707E-14
2.679E+02  3.921E-24  2.786E-14
2.655E+02  4.072E-24  2.867E-14
2.630E+02  4.229E-24  2.951E-14
2.606E+02  4.392E-24  3.036E-14
2.582E+02  4.561E-24  3.124E-14
2.559E+02  4.735E-24  3.214E-14
2.535E+02  4.916E-24  3.306E-14
2.512E+02  5.101E-24  3.399E-14
2.489E+02  5.291E-24  3.493E-14
2.466E+02  5.484E-24  3.588E-14
2.443E+02  5.683E-24  3.684E-14
2.421E+02  5.888E-24  3.781E-14
2.399E+02  6.098E-24  3.880E-14
2.377E+02  6.312E-24  3.980E-14
2.355E+02  6.533E-24  4.081E-14
2.333E+02  6.761E-24  4.185E-14
2.312E+02  6.996E-24  4.291E-14
2.291E+02  7.239E-24  4.399E-14
2.270E+02  7.489E-24  4.509E-14
2.249E+02  7.747E-24  4.621E-14
2.228E+02  8.013E-24  4.736E-14
2.208E+02  8.287E-24  4.854E-14
2.188E+02  8.570E-24  4.973E-14
2.168E+02  8.862E-24  5.095E-14
2.148E+02  9.162E-24  5.220E-14
2.128E+02  9.472E-24  5.347E-14
2.109E+02  9.790E-24  5.476E-14
2.089E+02  1.012E-23  5.608E-14
2.070E+02  1.046E-23  5.742E-14
2.051E+02  1.080E-23  5.879E-14
2.032E+02  1.116E-23  6.018E-14
2.014E+02  1.153E-23  6.160E-14
1.995E+02  1.191E-23  6.304E-14
1.977E+02  1.230E-23  6.451E-14
1.959E+02  1.270E-23  6.601E-14
1.941E+02  1.312E-23  6.753E-14
1.923E+02  1.354E-23  6.909E-14
1.905E+02  1.398E-23  7.067E-14
1.888E+02  1.443E-23  7.227E-14
1.871E+02  1.489E-23  7.391E-14
1.854E+02  1.537E-23  7.557E-14
1.837E+02  1.586E-23  7.727E-14
1.820E+02  1.636E-23  7.899E-14
1.803E+02  1.688E-23  8.074E-14
1.786E+02  1.742E-23  8.253E-14
1.770E+02  1.796E-23  8.434E-14
1.754E+02  1.853E-23  8.619E-14
1.738E+02  1.911E-23  8.807E-14
1.722E+02  1.970E-23  8.999E-14
1.706E+02  2.031E-23  9.193E-14
1.690E+02  2.094E-23  9.392E-14
1.675E+02  2.159E-23  9.594E-14
1.660E+02  2.226E-23  9.800E-14
1.644E+02  2.295E-23  1.001E-13
1.629E+02  2.366E-23  1.022E-13
1.614E+02  2.439E-23  1.044E-13
1.600E+02  2.514E-23  1.067E-13
1.585E+02  2.591E-23  1.089E-13
1.570E+02  2.671E-23  1.113E-13
1.556E+02  2.753E-23  1.136E-13
1.542E+02  2.838E-23  1.161E-13
1.528E+02  2.926E-23  1.186E-13
1.514E+02  3.016E-23  1.211E-13
1.500E+02  3.110E-23  1.237E-13
1.486E+02  3.206E-23  1.264E-13
1.472E+02  3.305E-23  1.291E-13
1.459E+02  3.406E-23  1.318E-13
1.445E+02  3.508E-23  1.345E-13
1.432E+02  3.612E-23  1.372E-13
1.419E+02  3.716E-23  1.399E-13
1.406E+02  3.818E-23  1.424E-13
1.393E+02  3.918E-23  1.448E-13
1.380E+02  4.014E-23  1.470E-13
1.368E+02  4.108E-23  1.490E-13
1.355E+02  4.199E-23  1.509E-13
1.343E+02  4.288E-23  1.527E-13
1.330E+02  4.378E-23  1.545E-13
1.318E+02  4.468E-23  1.562E-13
1.306E+02  4.559E-23  1.580E-13
1.294E+02  4.653E-23  1.597E-13
1.282E+02  4.749E-23  1.615E-13
1.271E+02  4.847E-23  1.634E-13
1.259E+02  4.948E-23  1.652E-13
1.247E+02  5.052E-23  1.672E-13
1.236E+02  5.158E-23  1.691E-13
1.225E+02  5.268E-23  1.711E-13
1.213E+02  5.380E-23  1.732E-13
1.202E+02  5.495E-23  1.752E-13
1.191E+02  5.612E-23  1.773E-13
1.180E+02  5.732E-23  1.795E-13
1.169E+02  5.854E-23  1.816E-13
1.159E+02  5.979E-23  1.838E-13
1.148E+02  6.105E-23  1.859E-13
1.138E+02  6.235E-23  1.881E-13
1.127E+02  6.367E-23  1.904E-13
1.117E+02  6.501E-23  1.926E-13
1.107E+02  6.638E-23  1.949E-13
1.096E+02  6.778E-23  1.971E-13
1.086E+02  6.919E-23  1.994E-13
1.076E+02  7.063E-23  2.017E-13
1.067E+02  7.210E-23  2.040E-13
1.057E+02  7.358E-23  2.063E-13
1.047E+02  7.509E-23  2.086E-13
1.038E+02  7.662E-23  2.109E-13
1.028E+02  7.816E-23  2.131E-13
1.019E+02  7.972E-23  2.154E-13
1.009E+02  8.131E-23  2.177E-13
1.000E+02  8.291E-23  2.199E-13
9.908E+01  8.452E-23  2.221E-13
9.817E+01  8.616E-23  2.244E-13
9.727E+01  8.781E-23  2.266E-13
9.638E+01  8.948E-23  2.288E-13
9.550E+01  9.117E-23  2.310E-13
9.462E+01  9.287E-23  2.331E-13
9.376E+01  9.459E-23  2.352E-13
9.290E+01  9.632E-23  2.374E-13
9.204E+01  9.807E-23  2.394E-13
9.120E+01  9.983E-23  2.415E-13
9.036E+01  1.016E-22  2.435E-13
8.954E+01  1.034E-22  2.456E-13
8.872E+01  1.052E-22  2.476E-13
8.790E+01  1.070E-22  2.495E-13
8.710E+01  1.089E-22  2.515E-13
8.630E+01  1.107E-22  2.534E-13
8.551E+01  1.126E-22  2.553E-13
8.472E+01  1.144E-22  2.572E-13
8.395E+01  1.163E-22  2.590E-13
8.318E+01  1.182E-22  2.609E-13
8.241E+01  1.201E-22  2.626E-13
8.166E+01  1.221E-22  2.644E-13
8.091E+01  1.240E-22  2.662E-13
8.017E+01  1.260E-22  2.679E-13
7.943E+01  1.279E-22  2.695E-13
7.870E+01  1.299E-22  2.712E-13
7.798E+01  1.319E-22  2.728E-13
7.727E+01  1.338E-22  2.743E-13
7.656E+01  1.358E-22  2.759E-13
7.586E+01  1.378E-22  2.774E-13
7.516E+01  1.399E-22  2.788E-13
7.447E+01  1.419E-22  2.803E-13
7.379E+01  1.439E-22  2.816E-13
7.311E+01  1.459E-22  2.830E-13
7.244E+01  1.479E-22  2.843E-13
7.178E+01  1.500E-22  2.855E-13
7.112E+01  1.520E-22  2.867E-13
7.047E+01  1.540E-22  2.880E-13
6.982E+01  1.561E-22  2.892E-13
6.918E+01  1.582E-22  2.903E-13
6.855E+01  1.603E-22  2.914E-13
6.792E+01  1.624E-22  2.925E-13
6.730E+01  1.644E-22  2.935E-13
6.668E+01  1.665E-22  2.945E-13
6.607E+01  1.686E-22  2.955E-13
6.546E+01  1.707E-22  2.965E-13
6.486E+01  1.729E-22  2.974E-13
6.427E+01  1.750E-22  2.983E-13
6.368E+01  1.771E-22  2.992E-13
6.310E+01  1.793E-22  3.000E-13
6.252E+01  1.814E-22  3.008E-13
6.194E+01  1.836E-22  3.017E-13
6.138E+01  1.858E-22  3.024E-13
6.081E+01  1.880E-22  3.032E-13
6.026E+01  1.902E-22  3.040E-13
5.970E+01  1.924E-22  3.047E-13
5.916E+01  1.946E-22  3.054E-13
5.861E+01  1.968E-22  3.060E-13
5.808E+01  1.991E-22  3.067E-13
5.754E+01  2.013E-22  3.073E-13
5.702E+01  2.036E-22  3.080E-13
5.649E+01  2.059E-22  3.086E-13
5.598E+01  2.082E-22  3.092E-13
5.546E+01  2.106E-22  3.098E-13
5.495E+01  2.130E-22  3.105E-13
5.445E+01  2.154E-22  3.111E-13
5.395E+01  2.178E-22  3.117E-13
5.346E+01  2.203E-22  3.123E-13
5.297E+01  2.228E-22  3.130E-13
5.248E+01  2.253E-22  3.136E-13
5.200E+01  2.278E-22  3.142E-13
5.152E+01  2.304E-22  3.149E-13
5.105E+01  2.330E-22  3.155E-13
5.058E+01  2.357E-22  3.162E-13
5.012E+01  2.383E-22  3.169E-13
4.966E+01  2.411E-22  3.175E-13
4.920E+01  2.438E-22  3.182E-13
4.875E+01  2.466E-22  3.189E-13
4.831E+01  2.495E-22  3.197E-13
4.786E+01  2.524E-22  3.204E-13
4.742E+01  2.554E-22  3.212E-13
4.699E+01  2.584E-22  3.220E-13
4.656E+01  2.614E-22  3.229E-13
4.613E+01  2.646E-22  3.237E-13
4.571E+01  2.677E-22  3.246E-13
4.529E+01  2.710E-22  3.255E-13
4.487E+01  2.743E-22  3.265E-13
4.446E+01  2.776E-22  3.274E-13
4.406E+01  2.810E-22  3.284E-13
4.365E+01  2.845E-22  3.294E-13
4.325E+01  2.880E-22  3.304E-13
4.285E+01  2.915E-22  3.314E-13
4.246E+01  2.951E-22  3.324E-13
4.207E+01  2.987E-22  3.334E-13
4.169E+01  3.024E-22  3.344E-13
4.130E+01  3.060E-22  3.353E-13
4.093E+01  3.097E-22  3.362E-13
4.055E+01  3.134E-22  3.371E-13
4.018E+01  3.171E-22  3.379E-13
3.981E+01  3.207E-22  3.387E-13
3.945E+01  3.243E-22  3.393E-13
3.908E+01  3.279E-22  3.399E-13
3.873E+01  3.314E-22  3.404E-13
3.837E+01  3.347E-22  3.407E-13
3.802E+01  3.380E-22  3.409E-13
3.767E+01  3.412E-22  3.409E-13
3.733E+01  3.441E-22  3.407E-13
3.698E+01  3.469E-22  3.403E-13
3.664E+01  3.494E-22  3.396E-13
3.631E+01  3.517E-22  3.388E-13
3.597E+01  3.538E-22  3.376E-13
3.565E+01  3.556E-22  3.362E-13
3.532E+01  3.571E-22  3.345E-13
3.499E+01  3.582E-22  3.325E-13
3.467E+01  3.590E-22  3.301E-13
3.436E+01  3.593E-22  3.275E-13
3.404E+01  3.593E-22  3.244E-13
3.373E+01  3.589E-22  3.211E-13
3.342E+01  3.580E-22  3.174E-13
3.311E+01  3.567E-22  3.133E-13
3.281E+01  3.550E-22  3.090E-13
3.251E+01  3.528E-22  3.042E-13
3.221E+01  3.502E-22  2.992E-13
3.192E+01  3.472E-22  2.939E-13
3.162E+01  3.437E-22  2.883E-13
3.133E+01  3.399E-22  2.825E-13
3.105E+01  3.357E-22  2.764E-13
3.076E+01  3.311E-22  2.702E-13
3.048E+01  3.263E-22  2.638E-13
3.020E+01  3.212E-22  2.573E-13
2.992E+01  3.159E-22  2.507E-13
2.965E+01  3.103E-22  2.440E-13
2.938E+01  3.046E-22  2.374E-13
2.911E+01  2.988E-22  2.307E-13
2.884E+01  2.928E-22  2.240E-13
2.858E+01  2.869E-22  2.174E-13
2.831E+01  2.809E-22  2.109E-13
2.805E+01  2.749E-22  2.046E-13
2.780E+01  2.689E-22  1.983E-13
2.754E+01  2.631E-22  1.922E-13
2.729E+01  2.573E-22  1.862E-13
2.704E+01  2.516E-22  1.804E-13
2.679E+01  2.460E-22  1.748E-13
2.655E+01  2.406E-22  1.694E-13
2.630E+01  2.353E-22  1.642E-13
2.606E+01  2.302E-22  1.591E-13
2.582E+01  2.252E-22  1.542E-13
2.559E+01  2.204E-22  1.496E-13
2.535E+01  2.157E-22  1.451E-13
2.512E+01  2.113E-22  1.408E-13
2.489E+01  2.070E-22  1.366E-13
2.466E+01  2.028E-22  1.327E-13
2.443E+01  1.988E-22  1.289E-13
2.421E+01  1.950E-22  1.252E-13
2.399E+01  1.912E-22  1.217E-13
2.377E+01  1.877E-22  1.183E-13
2.355E+01  1.843E-22  1.152E-13
2.333E+01  1.811E-22  1.121E-13
2.312E+01  1.779E-22  1.091E-13
2.291E+01  1.749E-22  1.063E-13
2.270E+01  1.721E-22  1.037E-13
2.249E+01  1.696E-22  1.012E-13
2.228E+01  1.672E-22  9.885E-14
2.208E+01  1.649E-22  9.659E-14
2.188E+01  1.626E-22  9.436E-14
2.168E+01  1.603E-22  9.218E-14
2.148E+01  1.581E-22  9.009E-14
2.128E+01  1.561E-22  8.813E-14
2.109E+01  1.543E-22  8.630E-14
2.089E+01  1.525E-22  8.453E-14
2.070E+01  1.508E-22  8.279E-14
2.051E+01  1.491E-22  8.110E-14
2.032E+01  1.475E-22  7.951E-14
2.014E+01  1.463E-22  7.813E-14
1.995E+01  1.451E-22  7.679E-14
1.977E+01  1.439E-22  7.547E-14
1.959E+01  1.427E-22  7.414E-14
1.941E+01  1.415E-22  7.284E-14
1.923E+01  1.404E-22  7.161E-14
1.905E+01  1.399E-22  7.070E-14
1.888E+01  1.391E-22  6.965E-14
1.871E+01  1.360E-22  6.748E-14
1.854E+01  1.337E-22  6.572E-14
1.837E+01  1.318E-22  6.419E-14
1.820E+01  1.301E-22  6.281E-14
1.803E+01  1.290E-22  6.172E-14
1.786E+01  1.288E-22  6.101E-14
1.770E+01  1.268E-22  5.953E-14
1.754E+01  1.265E-22  5.884E-14
1.738E+01  1.290E-22  5.947E-14
1.722E+01  1.261E-22  5.759E-14
1.706E+01  1.241E-22  5.615E-14
1.690E+01  1.208E-22  5.417E-14
1.675E+01  1.168E-22  5.191E-14
1.660E+01  1.152E-22  5.072E-14
1.644E+01  1.193E-22  5.205E-14
1.629E+01  1.065E-22  4.601E-14
1.614E+01  9.997E-23  4.281E-14
1.600E+01  9.644E-23  4.092E-14
1.585E+01  9.356E-23  3.933E-14
1.570E+01  9.061E-23  3.775E-14
1.556E+01  8.817E-23  3.639E-14
1.542E+01  8.603E-23  3.518E-14
1.528E+01  8.412E-23  3.409E-14
1.514E+01  8.239E-23  3.308E-14
1.500E+01  8.086E-23  3.216E-14
1.486E+01  7.948E-23  3.133E-14
1.472E+01  7.832E-23  3.059E-14
1.459E+01  7.749E-23  2.999E-14
1.445E+01  7.732E-23  2.965E-14
1.432E+01  7.841E-23  2.979E-14
1.419E+01  7.995E-23  3.010E-14
1.406E+01  7.818E-23  2.916E-14
1.393E+01  7.725E-23  2.855E-14
1.380E+01  7.846E-23  2.873E-14
1.368E+01  8.173E-23  2.965E-14
1.355E+01  8.605E-23  3.093E-14
1.343E+01  8.724E-23  3.107E-14
1.330E+01  8.490E-23  2.996E-14
1.318E+01  8.378E-23  2.930E-14
1.306E+01  8.579E-23  2.973E-14
1.294E+01  9.177E-23  3.150E-14
1.282E+01  1.028E-22  3.498E-14
1.271E+01  1.170E-22  3.942E-14
1.259E+01  1.218E-22  4.066E-14
1.247E+01  1.120E-22  3.706E-14
1.236E+01  1.018E-22  3.337E-14
1.225E+01  9.827E-23  3.192E-14
1.213E+01  1.009E-22  3.247E-14
1.202E+01  1.047E-22  3.340E-14
1.191E+01  1.025E-22  3.238E-14
1.180E+01  9.677E-23  3.030E-14
1.169E+01  9.526E-23  2.955E-14
1.159E+01  1.025E-22  3.152E-14
1.148E+01  1.264E-22  3.850E-14
1.138E+01  1.599E-22  4.827E-14
1.127E+01  1.991E-22  5.953E-14
1.117E+01  1.523E-22  4.513E-14
1.107E+01  9.774E-23  2.869E-14
1.096E+01  7.939E-23  2.309E-14
1.086E+01  7.079E-23  2.040E-14
1.076E+01  6.615E-23  1.889E-14
1.067E+01  6.333E-23  1.792E-14
1.057E+01  6.087E-23  1.706E-14
1.047E+01  5.912E-23  1.642E-14
1.038E+01  5.779E-23  1.590E-14
1.028E+01  5.664E-23  1.545E-14
1.019E+01  5.562E-23  1.503E-14
1.009E+01  5.472E-23  1.465E-14
1.000E+01  5.396E-23  1.431E-14
9.908E+00  5.335E-23  1.402E-14
9.817E+00  5.287E-23  1.377E-14
9.727E+00  5.252E-23  1.355E-14
9.638E+00  5.230E-23  1.337E-14
9.550E+00  5.216E-23  1.321E-14
9.462E+00  5.212E-23  1.308E-14
9.376E+00  5.221E-23  1.299E-14
9.290E+00  5.250E-23  1.294E-14
9.204E+00  5.313E-23  1.297E-14
9.120E+00  5.432E-23  1.314E-14
9.036E+00  5.641E-23  1.352E-14
8.954E+00  6.002E-23  1.425E-14
8.872E+00  6.625E-23  1.559E-14
8.790E+00  7.699E-23  1.795E-14
8.710E+00  9.377E-23  2.166E-14
8.630E+00  1.095E-22  2.506E-14
8.551E+00  1.070E-22  2.428E-14
8.472E+00  9.548E-23  2.146E-14
8.395E+00  8.946E-23  1.992E-14
8.318E+00  8.888E-23  1.961E-14
8.241E+00  9.171E-23  2.005E-14
8.166E+00  9.918E-23  2.148E-14
8.091E+00  1.136E-22  2.438E-14
8.017E+00  1.367E-22  2.906E-14
7.943E+00  1.669E-22  3.516E-14
7.870E+00  1.931E-22  4.032E-14
7.798E+00  2.022E-22  4.182E-14
7.727E+00  2.027E-22  4.155E-14
7.656E+00  2.080E-22  4.223E-14
7.586E+00  2.023E-22  4.070E-14
7.516E+00  1.720E-22  3.430E-14
7.447E+00  1.382E-22  2.731E-14
7.379E+00  1.134E-22  2.219E-14
7.311E+00  9.603E-23  1.862E-14
7.244E+00  8.329E-23  1.600E-14
7.178E+00  7.350E-23  1.399E-14
7.112E+00  6.591E-23  1.243E-14
7.047E+00  6.020E-23  1.125E-14
6.982E+00  5.621E-23  1.041E-14
6.918E+00  5.384E-23  9.881E-15
6.855E+00  5.297E-23  9.631E-15
6.792E+00  5.313E-23  9.571E-15
6.730E+00  5.331E-23  9.516E-15
6.668E+00  5.233E-23  9.256E-15
6.607E+00  5.020E-23  8.798E-15
6.546E+00  4.840E-23  8.405E-15
6.486E+00  4.878E-23  8.393E-15
6.427E+00  5.343E-23  9.109E-15
6.368E+00  6.623E-23  1.119E-14
6.310E+00  9.523E-23  1.594E-14
6.252E+00  1.425E-22  2.363E-14
6.194E+00  1.436E-22  2.360E-14
6.138E+00  9.235E-23  1.503E-14
6.081E+00  5.811E-23  9.374E-15
6.026E+00  4.116E-23  6.579E-15
5.970E+00  3.244E-23  5.138E-15
5.916E+00  2.776E-23  4.356E-15
5.861E+00  2.554E-23  3.970E-15
5.808E+00  2.540E-23  3.913E-15
5.754E+00  2.735E-23  4.174E-15
5.702E+00  2.863E-23  4.330E-15
5.649E+00  2.490E-23  3.731E-15
5.598E+00  2.022E-23  3.002E-15
5.546E+00  1.725E-23  2.538E-15
5.495E+00  1.557E-23  2.270E-15
5.445E+00  1.471E-23  2.125E-15
5.395E+00  1.458E-23  2.087E-15
5.346E+00  1.536E-23  2.178E-15
5.297E+00  1.678E-23  2.358E-15
5.248E+00  1.629E-23  2.268E-15
5.200E+00  1.368E-23  1.887E-15
5.152E+00  1.162E-23  1.588E-15
5.105E+00  1.035E-23  1.401E-15
5.058E+00  9.512E-24  1.276E-15
5.012E+00  8.902E-24  1.184E-15
4.966E+00  8.418E-24  1.109E-15
4.920E+00  8.012E-24  1.046E-15
4.875E+00  7.658E-24  9.903E-16
4.831E+00  7.341E-24  9.407E-16
4.786E+00  7.054E-24  8.955E-16
4.742E+00  6.789E-24  8.541E-16
4.699E+00  6.544E-24  8.157E-16
4.656E+00  6.315E-24  7.799E-16
4.613E+00  6.100E-24  7.464E-16
4.571E+00  5.897E-24  7.150E-16
4.529E+00  5.707E-24  6.856E-16
4.487E+00  5.526E-24  6.578E-16
4.446E+00  5.356E-24  6.316E-16
4.406E+00  5.194E-24  6.070E-16
4.365E+00  5.041E-24  5.837E-16
4.325E+00  4.896E-24  5.617E-16
4.285E+00  4.758E-24  5.409E-16
4.246E+00  4.628E-24  5.213E-16
4.207E+00  4.505E-24  5.027E-16
4.169E+00  4.388E-24  4.853E-16
4.130E+00  4.279E-24  4.688E-16
4.093E+00  4.175E-24  4.533E-16
4.055E+00  4.078E-24  4.387E-16
4.018E+00  3.988E-24  4.250E-16
3.981E+00  3.904E-24  4.122E-16
3.945E+00  3.826E-24  4.004E-16
3.908E+00  3.756E-24  3.894E-16
3.873E+00  3.693E-24  3.793E-16
3.837E+00  3.638E-24  3.703E-16
3.802E+00  3.592E-24  3.622E-16
3.767E+00  3.556E-24  3.553E-16
3.733E+00  3.532E-24  3.497E-16
3.698E+00  3.522E-24  3.455E-16
3.664E+00  3.531E-24  3.432E-16
3.631E+00  3.564E-24  3.433E-16
3.597E+00  3.631E-24  3.465E-16
3.565E+00  3.747E-24  3.542E-16
3.532E+00  3.936E-24  3.687E-16
3.499E+00  4.246E-24  3.941E-16
3.467E+00  4.770E-24  4.387E-16
3.436E+00  5.712E-24  5.206E-16
3.404E+00  7.603E-24  6.866E-16
3.373E+00  1.216E-23  1.088E-15
3.342E+00  2.730E-23  2.420E-15
3.311E+00  1.024E-22  8.998E-15
3.281E+00  6.994E-23  6.087E-15
3.251E+00  2.009E-23  1.732E-15
3.221E+00  9.668E-24  8.260E-16
3.192E+00  6.209E-24  5.257E-16
3.162E+00  4.674E-24  3.920E-16
3.133E+00  3.859E-24  3.207E-16
3.105E+00  3.372E-24  2.777E-16
3.076E+00  3.054E-24  2.492E-16
3.048E+00  2.833E-24  2.291E-16
3.020E+00  2.671E-24  2.140E-16
2.992E+00  2.547E-24  2.022E-16
2.965E+00  2.449E-24  1.926E-16
2.938E+00  2.368E-24  1.845E-16
2.911E+00  2.300E-24  1.776E-16
2.884E+00  2.242E-24  1.715E-16
2.858E+00  2.191E-24  1.661E-16
2.831E+00  2.146E-24  1.612E-16
2.805E+00  2.106E-24  1.567E-16
2.780E+00  2.069E-24  1.525E-16
2.754E+00  2.034E-24  1.486E-16
2.729E+00  2.003E-24  1.450E-16
2.704E+00  1.973E-24  1.415E-16
2.679E+00  1.945E-24  1.382E-16
2.655E+00  1.918E-24  1.350E-16
2.630E+00  1.892E-24  1.320E-16
2.606E+00  1.867E-24  1.291E-16
2.582E+00  1.844E-24  1.263E-16
2.559E+00  1.820E-24  1.236E-16
2.535E+00  1.798E-24  1.209E-16
2.512E+00  1.776E-24  1.183E-16
2.489E+00  1.754E-24  1.158E-16
2.466E+00  1.733E-24  1.134E-16
2.443E+00  1.712E-24  1.110E-16
2.421E+00  1.691E-24  1.086E-16
2.399E+00  1.671E-24  1.063E-16
2.377E+00  1.651E-24  1.041E-16
2.355E+00  1.631E-24  1.019E-16
2.333E+00  1.612E-24  9.976E-17
2.312E+00  1.592E-24  9.765E-17
2.291E+00  1.573E-24  9.559E-17
2.270E+00  1.554E-24  9.356E-17
2.249E+00  1.535E-24  9.155E-17
2.228E+00  1.515E-24  8.957E-17
2.208E+00  1.496E-24  8.761E-17
2.188E+00  1.476E-24  8.566E-17
2.168E+00  1.456E-24  8.372E-17
2.148E+00  1.435E-24  8.178E-17
2.128E+00  1.414E-24  7.983E-17
2.109E+00  1.392E-24  7.785E-17
2.089E+00  1.368E-24  7.583E-17
2.070E+00  1.343E-24  7.376E-17
2.051E+00  1.316E-24  7.161E-17
2.032E+00  1.287E-24  6.936E-17
2.014E+00  1.254E-24  6.697E-17
1.995E+00  1.217E-24  6.442E-17
1.977E+00  1.177E-24  6.171E-17
1.959E+00  1.134E-24  5.892E-17
1.941E+00  1.093E-24  5.625E-17
1.923E+00  1.060E-24  5.406E-17
1.905E+00  1.043E-24  5.272E-17
1.888E+00  1.045E-24  5.235E-17
1.871E+00  1.061E-24  5.264E-17
1.854E+00  1.081E-24  5.313E-17
1.837E+00  1.098E-24  5.349E-17
1.820E+00  1.110E-24  5.359E-17
1.803E+00  1.117E-24  5.344E-17
1.786E+00  1.120E-24  5.306E-17
1.770E+00  1.119E-24  5.253E-17
1.754E+00  1.115E-24  5.188E-17
1.738E+00  1.110E-24  5.115E-17
1.722E+00  1.103E-24  5.037E-17
1.706E+00  1.095E-24  4.956E-17
1.690E+00  1.087E-24  4.874E-17
1.675E+00  1.078E-24  4.791E-17
1.660E+00  1.070E-24  4.708E-17
1.644E+00  1.061E-24  4.627E-17
1.629E+00  1.052E-24  4.546E-17
1.614E+00  1.043E-24  4.468E-17
1.600E+00  1.035E-24  4.392E-17
1.585E+00  1.027E-24  4.319E-17
1.570E+00  1.020E-24  4.250E-17
1.556E+00  1.014E-24  4.184E-17
1.542E+00  1.008E-24  4.122E-17
1.528E+00  1.003E-24  4.066E-17
1.514E+00  9.999E-25  4.014E-17
1.500E+00  9.977E-25  3.969E-17
1.486E+00  9.971E-25  3.930E-17
1.472E+00  9.983E-25  3.899E-17
1.459E+00  1.002E-24  3.876E-17
1.445E+00  1.008E-24  3.864E-17
1.432E+00  1.017E-24  3.863E-17
1.419E+00  1.029E-24  3.875E-17
1.406E+00  1.047E-24  3.903E-17
1.393E+00  1.069E-24  3.950E-17
1.380E+00  1.097E-24  4.018E-17
1.368E+00  1.133E-24  4.112E-17
1.355E+00  1.178E-24  4.235E-17
1.343E+00  1.233E-24  4.390E-17
1.330E+00  1.297E-24  4.579E-17
1.318E+00  1.371E-24  4.795E-17
1.306E+00  1.450E-24  5.024E-17
1.294E+00  1.524E-24  5.232E-17
1.282E+00  1.578E-24  5.368E-17
1.271E+00  1.594E-24  5.371E-17
1.259E+00  1.558E-24  5.202E-17
1.247E+00  1.471E-24  4.868E-17
1.236E+00  1.351E-24  4.429E-17
1.225E+00  1.219E-24  3.960E-17
1.213E+00  1.095E-24  3.523E-17
1.202E+00  9.870E-25  3.148E-17
1.191E+00  8.997E-25  2.843E-17
1.180E+00  8.320E-25  2.605E-17
1.169E+00  7.820E-25  2.426E-17
1.159E+00  7.478E-25  2.299E-17
1.148E+00  7.284E-25  2.218E-17
1.138E+00  7.234E-25  2.183E-17
1.127E+00  7.344E-25  2.196E-17
1.117E+00  7.646E-25  2.265E-17
1.107E+00  8.200E-25  2.407E-17
1.096E+00  9.104E-25  2.648E-17
1.086E+00  1.050E-24  3.026E-17
1.076E+00  1.253E-24  3.579E-17
1.067E+00  1.508E-24  4.267E-17
1.057E+00  1.712E-24  4.799E-17
1.047E+00  1.677E-24  4.659E-17
1.038E+00  1.389E-24  3.822E-17
1.028E+00  1.048E-24  2.859E-17
1.019E+00  7.846E-25  2.120E-17
1.009E+00  6.061E-25  1.623E-17
1.000E+00  4.878E-25  1.294E-17
