Dust emission from Draine & Li (2007): ApJ 657, 810-837
==========================================================
         4 = grain model
 4.000E-08 4.000E-01 2.250E-05 = a_01 (cm) , sigma_1 , b_C1/0.92
 2.000E-07 5.500E-01 7.500E-06 = a_02 (cm) , sigma_2 , b_C2/0.92
 1.000E+01 1.000E+01 1.000E+00 = Umin , Umax, beta (dN/dU propto U^{-beta})
 1.000E+01 = <U> 
     mmp83 = radfield
 4.449E-23 = power/H (erg s-1)
 band   nu*P_nu(band) j_nu(band)
 (um)   (erg s-1 H-1)(Jy cm2 sr-1 H-1)
1.270E+00  9.260E-26  3.120E-18 COBE-DIRBE
2.220E+00  1.168E-25  6.878E-18 COBE-DIRBE
3.530E+00  7.816E-25  7.318E-17 COBE-DIRBE
4.880E+00  3.481E-25  4.506E-17 COBE-DIRBE
1.229E+01  3.197E-24  1.042E-15 COBE-DIRBE
2.079E+01  2.355E-24  1.299E-15 COBE-DIRBE
5.599E+01  2.253E-23  3.345E-14 COBE-DIRBE
9.770E+01  2.804E-23  7.266E-14 COBE-DIRBE
1.479E+02  1.639E-23  6.430E-14 COBE-DIRBE
2.479E+02  4.007E-24  2.634E-14 COBE-DIRBE
1.200E+01  3.465E-24  1.103E-15 IRAS
2.500E+01  2.334E-24  1.547E-15 IRAS
6.000E+01  2.396E-23  3.813E-14 IRAS
1.000E+02  2.762E-23  7.325E-14 IRAS
3.550E+00  9.095E-25  8.564E-17 SST-IRAC
4.493E+00  2.518E-25  3.001E-17 SST-IRAC
5.731E+00  2.046E-24  3.110E-16 SST-IRAC
7.872E+00  4.999E-24  1.044E-15 SST-IRAC
2.368E+01  2.056E-24  1.292E-15 SST-MIPS
7.142E+01  2.678E-23  5.074E-14 SST-MIPS
1.559E+02  1.368E-23  5.659E-14 SST-MIPS
1.600E+01  2.606E-24  1.106E-15 SST-IRSPU
2.200E+01  2.170E-24  1.266E-15 SST-IRSPU
7.500E+01  2.310E-23  4.595E-14 Herschel-PACS
1.100E+02  2.005E-23  5.850E-14 Herschel-PACS
1.700E+02  1.038E-23  4.679E-14 Herschel-PACS
2.500E+02  3.336E-24  2.212E-14 Herschel-SPIRE
3.600E+02  8.306E-25  7.932E-15 Herschel-SPIRE
5.200E+02  1.880E-25  2.593E-15 Herschel-SPIRE
2.400E+00  1.312E-25  8.356E-18 Akari IRC NIR N2
3.200E+00  6.001E-25  5.093E-17 Akari IRC NIR N3
4.100E+00  2.736E-25  2.976E-17 Akari IRC NIR N4
7.000E+00  5.682E-24  1.055E-15 Akari IRC MIR-S S7
9.000E+00  4.002E-24  9.555E-16 Akari IRC MIR-S S9W
1.100E+01  3.145E-24  9.176E-16 Akari IRC MIR-S S11
1.500E+01  2.709E-24  1.078E-15 Akari IRC MIR-L L15
1.800E+01  2.358E-24  1.126E-15 Akari IRC MIR-L L18W
2.400E+01  2.099E-24  1.336E-15 Akari IRC MIR-L L24
6.500E+01  2.778E-23  4.791E-14 Akari FIS N60
8.000E+01  2.880E-23  6.112E-14 Akari FIS WIDE-S
1.400E+02  1.637E-23  6.078E-14 Akari FIS WIDE-L
1.600E+02  1.287E-23  5.464E-14 Akari FIS N160
 
 
 
 


lambda    nu*dP/dnu     j_nu
 (um)   (erg s-1 H-1)(Jy cm2 sr-1 H-1)
1.000E+04  7.905E-31  2.097E-19
9.908E+03  8.195E-31  2.154E-19
9.817E+03  8.496E-31  2.212E-19
9.727E+03  8.807E-31  2.272E-19
9.638E+03  9.130E-31  2.334E-19
9.550E+03  9.465E-31  2.398E-19
9.462E+03  9.812E-31  2.463E-19
9.376E+03  1.017E-30  2.530E-19
9.290E+03  1.054E-30  2.598E-19
9.204E+03  1.093E-30  2.669E-19
9.120E+03  1.133E-30  2.742E-19
9.036E+03  1.175E-30  2.816E-19
8.954E+03  1.218E-30  2.892E-19
8.872E+03  1.262E-30  2.970E-19
8.790E+03  1.308E-30  3.051E-19
8.710E+03  1.356E-30  3.133E-19
8.630E+03  1.406E-30  3.218E-19
8.551E+03  1.457E-30  3.305E-19
8.472E+03  1.510E-30  3.394E-19
8.395E+03  1.566E-30  3.486E-19
8.318E+03  1.623E-30  3.581E-19
8.241E+03  1.683E-30  3.678E-19
8.166E+03  1.744E-30  3.778E-19
8.091E+03  1.808E-30  3.881E-19
8.017E+03  1.875E-30  3.987E-19
7.943E+03  1.944E-30  4.095E-19
7.870E+03  2.015E-30  4.207E-19
7.798E+03  2.089E-30  4.322E-19
7.727E+03  2.166E-30  4.440E-19
7.656E+03  2.246E-30  4.562E-19
7.586E+03  2.329E-30  4.686E-19
7.516E+03  2.415E-30  4.815E-19
7.447E+03  2.504E-30  4.947E-19
7.379E+03  2.597E-30  5.083E-19
7.311E+03  2.693E-30  5.222E-19
7.244E+03  2.792E-30  5.366E-19
7.178E+03  2.896E-30  5.513E-19
7.112E+03  3.003E-30  5.665E-19
7.047E+03  3.114E-30  5.821E-19
6.982E+03  3.229E-30  5.981E-19
6.918E+03  3.349E-30  6.146E-19
6.855E+03  3.473E-30  6.315E-19
6.792E+03  3.602E-30  6.489E-19
6.730E+03  3.736E-30  6.668E-19
6.668E+03  3.874E-30  6.853E-19
6.607E+03  4.018E-30  7.042E-19
6.546E+03  4.168E-30  7.237E-19
6.486E+03  4.323E-30  7.437E-19
6.427E+03  4.484E-30  7.643E-19
6.368E+03  4.651E-30  7.855E-19
6.310E+03  4.824E-30  8.074E-19
6.252E+03  5.004E-30  8.298E-19
6.194E+03  5.191E-30  8.529E-19
6.138E+03  5.385E-30  8.766E-19
6.081E+03  5.586E-30  9.011E-19
6.026E+03  5.795E-30  9.262E-19
5.970E+03  6.012E-30  9.520E-19
5.916E+03  6.237E-30  9.786E-19
5.861E+03  6.470E-30  1.006E-18
5.808E+03  6.713E-30  1.034E-18
5.754E+03  6.965E-30  1.063E-18
5.702E+03  7.226E-30  1.093E-18
5.649E+03  7.498E-30  1.124E-18
5.598E+03  7.780E-30  1.155E-18
5.546E+03  8.072E-30  1.188E-18
5.495E+03  8.376E-30  1.221E-18
5.445E+03  8.692E-30  1.255E-18
5.395E+03  9.019E-30  1.291E-18
5.346E+03  9.359E-30  1.327E-18
5.297E+03  9.712E-30  1.365E-18
5.248E+03  1.008E-29  1.403E-18
5.200E+03  1.046E-29  1.443E-18
5.152E+03  1.086E-29  1.484E-18
5.105E+03  1.127E-29  1.526E-18
5.058E+03  1.169E-29  1.569E-18
5.012E+03  1.213E-29  1.613E-18
4.966E+03  1.259E-29  1.659E-18
4.920E+03  1.307E-29  1.706E-18
4.875E+03  1.357E-29  1.754E-18
4.831E+03  1.408E-29  1.804E-18
4.786E+03  1.462E-29  1.856E-18
4.742E+03  1.517E-29  1.908E-18
4.699E+03  1.575E-29  1.963E-18
4.656E+03  1.635E-29  2.019E-18
4.613E+03  1.697E-29  2.076E-18
4.571E+03  1.761E-29  2.136E-18
4.529E+03  1.829E-29  2.197E-18
4.487E+03  1.898E-29  2.260E-18
4.446E+03  1.971E-29  2.324E-18
4.406E+03  2.046E-29  2.391E-18
4.365E+03  2.124E-29  2.460E-18
4.325E+03  2.206E-29  2.530E-18
4.285E+03  2.290E-29  2.603E-18
4.246E+03  2.378E-29  2.678E-18
4.207E+03  2.469E-29  2.755E-18
4.169E+03  2.563E-29  2.835E-18
4.130E+03  2.662E-29  2.916E-18
4.093E+03  2.764E-29  3.001E-18
4.055E+03  2.870E-29  3.087E-18
4.018E+03  2.980E-29  3.177E-18
3.981E+03  3.095E-29  3.268E-18
3.945E+03  3.214E-29  3.363E-18
3.908E+03  3.337E-29  3.460E-18
3.873E+03  3.466E-29  3.560E-18
3.837E+03  3.599E-29  3.664E-18
3.802E+03  3.738E-29  3.770E-18
3.767E+03  3.882E-29  3.879E-18
3.733E+03  4.032E-29  3.992E-18
3.698E+03  4.188E-29  4.108E-18
3.664E+03  4.350E-29  4.228E-18
3.631E+03  4.518E-29  4.352E-18
3.597E+03  4.693E-29  4.479E-18
3.565E+03  4.875E-29  4.609E-18
3.532E+03  5.064E-29  4.744E-18
3.499E+03  5.261E-29  4.883E-18
3.467E+03  5.465E-29  5.026E-18
3.436E+03  5.677E-29  5.174E-18
3.404E+03  5.898E-29  5.326E-18
3.373E+03  6.128E-29  5.482E-18
3.342E+03  6.367E-29  5.644E-18
3.311E+03  6.615E-29  5.810E-18
3.281E+03  6.873E-29  5.981E-18
3.251E+03  7.141E-29  6.158E-18
3.221E+03  7.420E-29  6.340E-18
3.192E+03  7.710E-29  6.527E-18
3.162E+03  8.012E-29  6.720E-18
3.133E+03  8.325E-29  6.919E-18
3.105E+03  8.651E-29  7.124E-18
3.076E+03  8.990E-29  7.336E-18
3.048E+03  9.343E-29  7.553E-18
3.020E+03  9.709E-29  7.778E-18
2.992E+03  1.009E-28  8.009E-18
2.965E+03  1.049E-28  8.246E-18
2.938E+03  1.090E-28  8.491E-18
2.911E+03  1.132E-28  8.743E-18
2.884E+03  1.177E-28  9.003E-18
2.858E+03  1.223E-28  9.271E-18
2.831E+03  1.271E-28  9.547E-18
2.805E+03  1.321E-28  9.832E-18
2.780E+03  1.373E-28  1.013E-17
2.754E+03  1.427E-28  1.043E-17
2.729E+03  1.484E-28  1.074E-17
2.704E+03  1.542E-28  1.106E-17
2.679E+03  1.603E-28  1.139E-17
2.655E+03  1.666E-28  1.173E-17
2.630E+03  1.732E-28  1.209E-17
2.606E+03  1.801E-28  1.245E-17
2.582E+03  1.872E-28  1.282E-17
2.559E+03  1.946E-28  1.321E-17
2.535E+03  2.023E-28  1.361E-17
2.512E+03  2.104E-28  1.402E-17
2.489E+03  2.187E-28  1.444E-17
2.466E+03  2.274E-28  1.488E-17
2.443E+03  2.365E-28  1.533E-17
2.421E+03  2.459E-28  1.579E-17
2.399E+03  2.556E-28  1.627E-17
2.377E+03  2.658E-28  1.676E-17
2.355E+03  2.764E-28  1.727E-17
2.333E+03  2.874E-28  1.779E-17
2.312E+03  2.989E-28  1.833E-17
2.291E+03  3.108E-28  1.889E-17
2.270E+03  3.232E-28  1.946E-17
2.249E+03  3.362E-28  2.005E-17
2.228E+03  3.496E-28  2.066E-17
2.208E+03  3.636E-28  2.129E-17
2.188E+03  3.781E-28  2.194E-17
2.168E+03  3.933E-28  2.261E-17
2.148E+03  4.090E-28  2.330E-17
2.128E+03  4.254E-28  2.401E-17
2.109E+03  4.425E-28  2.475E-17
2.089E+03  4.602E-28  2.550E-17
2.070E+03  4.787E-28  2.628E-17
2.051E+03  4.979E-28  2.709E-17
2.032E+03  5.179E-28  2.792E-17
2.014E+03  5.387E-28  2.877E-17
1.995E+03  5.603E-28  2.966E-17
1.977E+03  5.829E-28  3.057E-17
1.959E+03  6.063E-28  3.150E-17
1.941E+03  6.307E-28  3.247E-17
1.923E+03  6.561E-28  3.347E-17
1.905E+03  6.825E-28  3.449E-17
1.888E+03  7.100E-28  3.555E-17
1.871E+03  7.386E-28  3.665E-17
1.854E+03  7.683E-28  3.778E-17
1.837E+03  7.993E-28  3.894E-17
1.820E+03  8.316E-28  4.014E-17
1.803E+03  8.651E-28  4.138E-17
1.786E+03  9.000E-28  4.265E-17
1.770E+03  9.364E-28  4.397E-17
1.754E+03  9.742E-28  4.532E-17
1.738E+03  1.014E-27  4.672E-17
1.722E+03  1.055E-27  4.816E-17
1.706E+03  1.097E-27  4.965E-17
1.690E+03  1.142E-27  5.119E-17
1.675E+03  1.188E-27  5.277E-17
1.660E+03  1.236E-27  5.440E-17
1.644E+03  1.286E-27  5.608E-17
1.629E+03  1.338E-27  5.782E-17
1.614E+03  1.392E-27  5.961E-17
1.600E+03  1.448E-27  6.145E-17
1.585E+03  1.507E-27  6.336E-17
1.570E+03  1.568E-27  6.532E-17
1.556E+03  1.632E-27  6.734E-17
1.542E+03  1.698E-27  6.943E-17
1.528E+03  1.767E-27  7.158E-17
1.514E+03  1.838E-27  7.380E-17
1.500E+03  1.913E-27  7.608E-17
1.486E+03  1.990E-27  7.845E-17
1.472E+03  2.071E-27  8.088E-17
1.459E+03  2.155E-27  8.339E-17
1.445E+03  2.242E-27  8.598E-17
1.432E+03  2.334E-27  8.865E-17
1.419E+03  2.428E-27  9.140E-17
1.406E+03  2.527E-27  9.424E-17
1.393E+03  2.629E-27  9.717E-17
1.380E+03  2.736E-27  1.002E-16
1.368E+03  2.847E-27  1.033E-16
1.355E+03  2.963E-27  1.065E-16
1.343E+03  3.083E-27  1.098E-16
1.330E+03  3.209E-27  1.132E-16
1.318E+03  3.339E-27  1.168E-16
1.306E+03  3.475E-27  1.204E-16
1.294E+03  3.616E-27  1.241E-16
1.282E+03  3.763E-27  1.280E-16
1.271E+03  3.915E-27  1.320E-16
1.259E+03  4.074E-27  1.361E-16
1.247E+03  4.240E-27  1.403E-16
1.236E+03  4.412E-27  1.446E-16
1.225E+03  4.591E-27  1.491E-16
1.213E+03  4.777E-27  1.538E-16
1.202E+03  4.971E-27  1.585E-16
1.191E+03  5.173E-27  1.635E-16
1.180E+03  5.383E-27  1.685E-16
1.169E+03  5.601E-27  1.738E-16
1.159E+03  5.828E-27  1.791E-16
1.148E+03  6.064E-27  1.847E-16
1.138E+03  6.310E-27  1.904E-16
1.127E+03  6.566E-27  1.963E-16
1.117E+03  6.832E-27  2.024E-16
1.107E+03  7.109E-27  2.087E-16
1.096E+03  7.397E-27  2.151E-16
1.086E+03  7.696E-27  2.218E-16
1.076E+03  8.007E-27  2.286E-16
1.067E+03  8.331E-27  2.357E-16
1.057E+03  8.668E-27  2.430E-16
1.047E+03  9.019E-27  2.505E-16
1.038E+03  9.383E-27  2.582E-16
1.028E+03  9.762E-27  2.662E-16
1.019E+03  1.016E-26  2.744E-16
1.009E+03  1.057E-26  2.829E-16
1.000E+03  1.099E-26  2.916E-16
9.908E+02  1.144E-26  3.006E-16
9.817E+02  1.190E-26  3.098E-16
9.727E+02  1.238E-26  3.194E-16
9.638E+02  1.288E-26  3.292E-16
9.550E+02  1.340E-26  3.394E-16
9.462E+02  1.394E-26  3.498E-16
9.376E+02  1.450E-26  3.606E-16
9.290E+02  1.508E-26  3.716E-16
9.204E+02  1.569E-26  3.830E-16
9.120E+02  1.632E-26  3.948E-16
9.036E+02  1.698E-26  4.069E-16
8.954E+02  1.766E-26  4.194E-16
8.872E+02  1.837E-26  4.322E-16
8.790E+02  1.910E-26  4.454E-16
8.710E+02  1.987E-26  4.590E-16
8.630E+02  2.066E-26  4.730E-16
8.551E+02  2.149E-26  4.874E-16
8.472E+02  2.235E-26  5.022E-16
8.395E+02  2.324E-26  5.175E-16
8.318E+02  2.417E-26  5.332E-16
8.241E+02  2.513E-26  5.494E-16
8.166E+02  2.613E-26  5.661E-16
8.091E+02  2.717E-26  5.832E-16
8.017E+02  2.825E-26  6.008E-16
7.943E+02  2.938E-26  6.190E-16
7.870E+02  3.054E-26  6.377E-16
7.798E+02  3.176E-26  6.569E-16
7.727E+02  3.302E-26  6.767E-16
7.656E+02  3.432E-26  6.971E-16
7.586E+02  3.568E-26  7.180E-16
7.516E+02  3.710E-26  7.396E-16
7.447E+02  3.857E-26  7.619E-16
7.379E+02  4.009E-26  7.848E-16
7.311E+02  4.168E-26  8.084E-16
7.244E+02  4.333E-26  8.327E-16
7.178E+02  4.505E-26  8.577E-16
7.112E+02  4.683E-26  8.835E-16
7.047E+02  4.869E-26  9.100E-16
6.982E+02  5.061E-26  9.374E-16
6.918E+02  5.261E-26  9.655E-16
6.855E+02  5.469E-26  9.945E-16
6.792E+02  5.685E-26  1.024E-15
6.730E+02  5.909E-26  1.055E-15
6.668E+02  6.142E-26  1.086E-15
6.607E+02  6.384E-26  1.119E-15
6.546E+02  6.636E-26  1.152E-15
6.486E+02  6.898E-26  1.187E-15
6.427E+02  7.170E-26  1.222E-15
6.368E+02  7.454E-26  1.259E-15
6.310E+02  7.748E-26  1.297E-15
6.252E+02  8.054E-26  1.336E-15
6.194E+02  8.372E-26  1.376E-15
6.138E+02  8.703E-26  1.417E-15
6.081E+02  9.046E-26  1.459E-15
6.026E+02  9.403E-26  1.503E-15
5.970E+02  9.774E-26  1.548E-15
5.916E+02  1.016E-25  1.594E-15
5.861E+02  1.056E-25  1.642E-15
5.808E+02  1.098E-25  1.691E-15
5.754E+02  1.141E-25  1.741E-15
5.702E+02  1.186E-25  1.793E-15
5.649E+02  1.233E-25  1.847E-15
5.598E+02  1.281E-25  1.902E-15
5.546E+02  1.332E-25  1.959E-15
5.495E+02  1.384E-25  2.017E-15
5.445E+02  1.438E-25  2.078E-15
5.395E+02  1.495E-25  2.139E-15
5.346E+02  1.554E-25  2.203E-15
5.297E+02  1.615E-25  2.269E-15
5.248E+02  1.678E-25  2.336E-15
5.200E+02  1.744E-25  2.406E-15
5.152E+02  1.813E-25  2.477E-15
5.105E+02  1.884E-25  2.551E-15
5.058E+02  1.958E-25  2.627E-15
5.012E+02  2.035E-25  2.705E-15
4.966E+02  2.114E-25  2.785E-15
4.920E+02  2.197E-25  2.868E-15
4.875E+02  2.283E-25  2.952E-15
4.831E+02  2.372E-25  3.040E-15
4.786E+02  2.465E-25  3.130E-15
4.742E+02  2.561E-25  3.222E-15
4.699E+02  2.661E-25  3.317E-15
4.656E+02  2.765E-25  3.415E-15
4.613E+02  2.873E-25  3.516E-15
4.571E+02  2.985E-25  3.619E-15
4.529E+02  3.101E-25  3.726E-15
4.487E+02  3.222E-25  3.835E-15
4.446E+02  3.347E-25  3.948E-15
4.406E+02  3.477E-25  4.064E-15
4.365E+02  3.612E-25  4.183E-15
4.325E+02  3.752E-25  4.305E-15
4.285E+02  3.898E-25  4.431E-15
4.246E+02  4.049E-25  4.560E-15
4.207E+02  4.205E-25  4.693E-15
4.169E+02  4.368E-25  4.830E-15
4.130E+02  4.536E-25  4.970E-15
4.093E+02  4.712E-25  5.115E-15
4.055E+02  4.893E-25  5.263E-15
4.018E+02  5.082E-25  5.416E-15
3.981E+02  5.277E-25  5.573E-15
3.945E+02  5.480E-25  5.734E-15
3.908E+02  5.691E-25  5.900E-15
3.873E+02  5.909E-25  6.070E-15
3.837E+02  6.136E-25  6.245E-15
3.802E+02  6.371E-25  6.425E-15
3.767E+02  6.615E-25  6.610E-15
3.733E+02  6.868E-25  6.799E-15
3.698E+02  7.130E-25  6.994E-15
3.664E+02  7.402E-25  7.194E-15
3.631E+02  7.683E-25  7.400E-15
3.597E+02  7.975E-25  7.611E-15
3.565E+02  8.278E-25  7.827E-15
3.532E+02  8.592E-25  8.049E-15
3.499E+02  8.917E-25  8.278E-15
3.467E+02  9.255E-25  8.512E-15
3.436E+02  9.604E-25  8.752E-15
3.404E+02  9.966E-25  8.999E-15
3.373E+02  1.034E-24  9.252E-15
3.342E+02  1.073E-24  9.511E-15
3.311E+02  1.113E-24  9.778E-15
3.281E+02  1.155E-24  1.005E-14
3.251E+02  1.198E-24  1.033E-14
3.221E+02  1.243E-24  1.062E-14
3.192E+02  1.289E-24  1.091E-14
3.162E+02  1.337E-24  1.121E-14
3.133E+02  1.386E-24  1.152E-14
3.105E+02  1.438E-24  1.184E-14
3.076E+02  1.491E-24  1.217E-14
3.048E+02  1.546E-24  1.250E-14
3.020E+02  1.603E-24  1.284E-14
2.992E+02  1.662E-24  1.319E-14
2.965E+02  1.722E-24  1.355E-14
2.938E+02  1.785E-24  1.391E-14
2.911E+02  1.850E-24  1.429E-14
2.884E+02  1.918E-24  1.467E-14
2.858E+02  1.987E-24  1.506E-14
2.831E+02  2.059E-24  1.547E-14
2.805E+02  2.134E-24  1.588E-14
2.780E+02  2.210E-24  1.630E-14
2.754E+02  2.290E-24  1.673E-14
2.729E+02  2.372E-24  1.717E-14
2.704E+02  2.457E-24  1.762E-14
2.679E+02  2.545E-24  1.809E-14
2.655E+02  2.636E-24  1.856E-14
2.630E+02  2.730E-24  1.904E-14
2.606E+02  2.826E-24  1.954E-14
2.582E+02  2.926E-24  2.005E-14
2.559E+02  3.029E-24  2.056E-14
2.535E+02  3.135E-24  2.108E-14
2.512E+02  3.243E-24  2.161E-14
2.489E+02  3.354E-24  2.214E-14
2.466E+02  3.466E-24  2.267E-14
2.443E+02  3.580E-24  2.320E-14
2.421E+02  3.697E-24  2.374E-14
2.399E+02  3.817E-24  2.429E-14
2.377E+02  3.938E-24  2.483E-14
2.355E+02  4.062E-24  2.538E-14
2.333E+02  4.190E-24  2.594E-14
2.312E+02  4.321E-24  2.650E-14
2.291E+02  4.456E-24  2.708E-14
2.270E+02  4.594E-24  2.766E-14
2.249E+02  4.736E-24  2.825E-14
2.228E+02  4.881E-24  2.885E-14
2.208E+02  5.030E-24  2.946E-14
2.188E+02  5.183E-24  3.008E-14
2.168E+02  5.339E-24  3.070E-14
2.148E+02  5.500E-24  3.133E-14
2.128E+02  5.664E-24  3.198E-14
2.109E+02  5.833E-24  3.262E-14
2.089E+02  6.005E-24  3.328E-14
2.070E+02  6.181E-24  3.394E-14
2.051E+02  6.361E-24  3.461E-14
2.032E+02  6.546E-24  3.529E-14
2.014E+02  6.735E-24  3.598E-14
1.995E+02  6.928E-24  3.667E-14
1.977E+02  7.125E-24  3.737E-14
1.959E+02  7.327E-24  3.807E-14
1.941E+02  7.533E-24  3.878E-14
1.923E+02  7.744E-24  3.950E-14
1.905E+02  7.959E-24  4.023E-14
1.888E+02  8.179E-24  4.096E-14
1.871E+02  8.404E-24  4.170E-14
1.854E+02  8.633E-24  4.245E-14
1.837E+02  8.868E-24  4.320E-14
1.820E+02  9.107E-24  4.396E-14
1.803E+02  9.350E-24  4.472E-14
1.786E+02  9.599E-24  4.549E-14
1.770E+02  9.854E-24  4.627E-14
1.754E+02  1.011E-23  4.705E-14
1.738E+02  1.038E-23  4.784E-14
1.722E+02  1.065E-23  4.863E-14
1.706E+02  1.092E-23  4.944E-14
1.690E+02  1.120E-23  5.024E-14
1.675E+02  1.149E-23  5.106E-14
1.660E+02  1.179E-23  5.188E-14
1.644E+02  1.209E-23  5.271E-14
1.629E+02  1.239E-23  5.355E-14
1.614E+02  1.270E-23  5.440E-14
1.600E+02  1.302E-23  5.526E-14
1.585E+02  1.335E-23  5.612E-14
1.570E+02  1.368E-23  5.700E-14
1.556E+02  1.403E-23  5.789E-14
1.542E+02  1.438E-23  5.880E-14
1.528E+02  1.474E-23  5.971E-14
1.514E+02  1.510E-23  6.063E-14
1.500E+02  1.548E-23  6.157E-14
1.486E+02  1.586E-23  6.251E-14
1.472E+02  1.625E-23  6.346E-14
1.459E+02  1.664E-23  6.439E-14
1.445E+02  1.703E-23  6.531E-14
1.432E+02  1.742E-23  6.620E-14
1.419E+02  1.780E-23  6.702E-14
1.406E+02  1.817E-23  6.777E-14
1.393E+02  1.851E-23  6.842E-14
1.380E+02  1.884E-23  6.897E-14
1.368E+02  1.913E-23  6.941E-14
1.355E+02  1.941E-23  6.977E-14
1.343E+02  1.967E-23  7.006E-14
1.330E+02  1.992E-23  7.031E-14
1.318E+02  2.017E-23  7.053E-14
1.306E+02  2.042E-23  7.074E-14
1.294E+02  2.067E-23  7.095E-14
1.282E+02  2.092E-23  7.116E-14
1.271E+02  2.117E-23  7.136E-14
1.259E+02  2.143E-23  7.157E-14
1.247E+02  2.170E-23  7.179E-14
1.236E+02  2.196E-23  7.201E-14
1.225E+02  2.224E-23  7.223E-14
1.213E+02  2.251E-23  7.245E-14
1.202E+02  2.279E-23  7.267E-14
1.191E+02  2.307E-23  7.289E-14
1.180E+02  2.335E-23  7.310E-14
1.169E+02  2.363E-23  7.329E-14
1.159E+02  2.390E-23  7.347E-14
1.148E+02  2.418E-23  7.365E-14
1.138E+02  2.446E-23  7.382E-14
1.127E+02  2.474E-23  7.397E-14
1.117E+02  2.502E-23  7.412E-14
1.107E+02  2.530E-23  7.425E-14
1.096E+02  2.557E-23  7.438E-14
1.086E+02  2.585E-23  7.448E-14
1.076E+02  2.612E-23  7.457E-14
1.067E+02  2.638E-23  7.464E-14
1.057E+02  2.665E-23  7.470E-14
1.047E+02  2.691E-23  7.474E-14
1.038E+02  2.716E-23  7.476E-14
1.028E+02  2.741E-23  7.475E-14
1.019E+02  2.766E-23  7.472E-14
1.009E+02  2.789E-23  7.467E-14
1.000E+02  2.813E-23  7.460E-14
9.908E+01  2.835E-23  7.450E-14
9.817E+01  2.857E-23  7.439E-14
9.727E+01  2.877E-23  7.425E-14
9.638E+01  2.898E-23  7.408E-14
9.550E+01  2.917E-23  7.390E-14
9.462E+01  2.936E-23  7.369E-14
9.376E+01  2.953E-23  7.345E-14
9.290E+01  2.970E-23  7.319E-14
9.204E+01  2.986E-23  7.291E-14
9.120E+01  3.001E-23  7.260E-14
9.036E+01  3.015E-23  7.227E-14
8.954E+01  3.028E-23  7.192E-14
8.872E+01  3.040E-23  7.155E-14
8.790E+01  3.052E-23  7.116E-14
8.710E+01  3.062E-23  7.074E-14
8.630E+01  3.071E-23  7.030E-14
8.551E+01  3.080E-23  6.985E-14
8.472E+01  3.086E-23  6.936E-14
8.395E+01  3.092E-23  6.886E-14
8.318E+01  3.098E-23  6.834E-14
8.241E+01  3.102E-23  6.780E-14
8.166E+01  3.105E-23  6.725E-14
8.091E+01  3.106E-23  6.667E-14
8.017E+01  3.107E-23  6.608E-14
7.943E+01  3.107E-23  6.546E-14
7.870E+01  3.105E-23  6.483E-14
7.798E+01  3.103E-23  6.418E-14
7.727E+01  3.099E-23  6.352E-14
7.656E+01  3.094E-23  6.283E-14
7.586E+01  3.088E-23  6.213E-14
7.516E+01  3.081E-23  6.142E-14
7.447E+01  3.072E-23  6.069E-14
7.379E+01  3.062E-23  5.994E-14
7.311E+01  3.052E-23  5.918E-14
7.244E+01  3.039E-23  5.841E-14
7.178E+01  3.026E-23  5.762E-14
7.112E+01  3.012E-23  5.683E-14
7.047E+01  2.997E-23  5.603E-14
6.982E+01  2.981E-23  5.522E-14
6.918E+01  2.964E-23  5.440E-14
6.855E+01  2.946E-23  5.357E-14
6.792E+01  2.927E-23  5.274E-14
6.730E+01  2.907E-23  5.189E-14
6.668E+01  2.886E-23  5.105E-14
6.607E+01  2.864E-23  5.020E-14
6.546E+01  2.841E-23  4.934E-14
6.486E+01  2.818E-23  4.848E-14
6.427E+01  2.793E-23  4.761E-14
6.368E+01  2.768E-23  4.675E-14
6.310E+01  2.741E-23  4.588E-14
6.252E+01  2.715E-23  4.502E-14
6.194E+01  2.687E-23  4.415E-14
6.138E+01  2.659E-23  4.329E-14
6.081E+01  2.630E-23  4.243E-14
6.026E+01  2.601E-23  4.157E-14
5.970E+01  2.570E-23  4.071E-14
5.916E+01  2.540E-23  3.985E-14
5.861E+01  2.508E-23  3.900E-14
5.808E+01  2.477E-23  3.815E-14
5.754E+01  2.444E-23  3.731E-14
5.702E+01  2.412E-23  3.647E-14
5.649E+01  2.379E-23  3.565E-14
5.598E+01  2.345E-23  3.482E-14
5.546E+01  2.312E-23  3.401E-14
5.495E+01  2.278E-23  3.320E-14
5.445E+01  2.243E-23  3.240E-14
5.395E+01  2.209E-23  3.161E-14
5.346E+01  2.174E-23  3.083E-14
5.297E+01  2.139E-23  3.006E-14
5.248E+01  2.104E-23  2.930E-14
5.200E+01  2.069E-23  2.854E-14
5.152E+01  2.034E-23  2.780E-14
5.105E+01  1.999E-23  2.706E-14
5.058E+01  1.963E-23  2.634E-14
5.012E+01  1.928E-23  2.563E-14
4.966E+01  1.892E-23  2.493E-14
4.920E+01  1.857E-23  2.424E-14
4.875E+01  1.822E-23  2.356E-14
4.831E+01  1.787E-23  2.289E-14
4.786E+01  1.752E-23  2.224E-14
4.742E+01  1.717E-23  2.159E-14
4.699E+01  1.682E-23  2.096E-14
4.656E+01  1.647E-23  2.034E-14
4.613E+01  1.612E-23  1.973E-14
4.571E+01  1.578E-23  1.913E-14
4.529E+01  1.544E-23  1.854E-14
4.487E+01  1.510E-23  1.797E-14
4.446E+01  1.476E-23  1.740E-14
4.406E+01  1.442E-23  1.685E-14
4.365E+01  1.408E-23  1.631E-14
4.325E+01  1.375E-23  1.578E-14
4.285E+01  1.342E-23  1.525E-14
4.246E+01  1.309E-23  1.474E-14
4.207E+01  1.276E-23  1.424E-14
4.169E+01  1.244E-23  1.375E-14
4.130E+01  1.211E-23  1.327E-14
4.093E+01  1.179E-23  1.280E-14
4.055E+01  1.147E-23  1.234E-14
4.018E+01  1.115E-23  1.189E-14
3.981E+01  1.084E-23  1.144E-14
3.945E+01  1.052E-23  1.101E-14
3.908E+01  1.021E-23  1.059E-14
3.873E+01  9.904E-24  1.017E-14
3.837E+01  9.597E-24  9.768E-15
3.802E+01  9.293E-24  9.372E-15
3.767E+01  8.991E-24  8.985E-15
3.733E+01  8.693E-24  8.607E-15
3.698E+01  8.398E-24  8.238E-15
3.664E+01  8.107E-24  7.880E-15
3.631E+01  7.819E-24  7.531E-15
3.597E+01  7.535E-24  7.190E-15
3.565E+01  7.256E-24  6.861E-15
3.532E+01  6.983E-24  6.542E-15
3.499E+01  6.714E-24  6.232E-15
3.467E+01  6.451E-24  5.933E-15
3.436E+01  6.194E-24  5.645E-15
3.404E+01  5.944E-24  5.368E-15
3.373E+01  5.701E-24  5.101E-15
3.342E+01  5.467E-24  4.846E-15
3.311E+01  5.240E-24  4.602E-15
3.281E+01  5.021E-24  4.370E-15
3.251E+01  4.811E-24  4.148E-15
3.221E+01  4.610E-24  3.939E-15
3.192E+01  4.418E-24  3.740E-15
3.162E+01  4.235E-24  3.552E-15
3.133E+01  4.062E-24  3.376E-15
3.105E+01  3.898E-24  3.210E-15
3.076E+01  3.743E-24  3.054E-15
3.048E+01  3.598E-24  2.909E-15
3.020E+01  3.462E-24  2.774E-15
2.992E+01  3.336E-24  2.648E-15
2.965E+01  3.217E-24  2.530E-15
2.938E+01  3.108E-24  2.422E-15
2.911E+01  3.006E-24  2.321E-15
2.884E+01  2.912E-24  2.228E-15
2.858E+01  2.825E-24  2.141E-15
2.831E+01  2.745E-24  2.062E-15
2.805E+01  2.672E-24  1.989E-15
2.780E+01  2.606E-24  1.921E-15
2.754E+01  2.544E-24  1.859E-15
2.729E+01  2.488E-24  1.801E-15
2.704E+01  2.437E-24  1.748E-15
2.679E+01  2.391E-24  1.699E-15
2.655E+01  2.348E-24  1.654E-15
2.630E+01  2.310E-24  1.612E-15
2.606E+01  2.275E-24  1.573E-15
2.582E+01  2.244E-24  1.537E-15
2.559E+01  2.216E-24  1.504E-15
2.535E+01  2.191E-24  1.473E-15
2.512E+01  2.169E-24  1.445E-15
2.489E+01  2.148E-24  1.418E-15
2.466E+01  2.130E-24  1.393E-15
2.443E+01  2.114E-24  1.370E-15
2.421E+01  2.100E-24  1.349E-15
2.399E+01  2.088E-24  1.329E-15
2.377E+01  2.077E-24  1.310E-15
2.355E+01  2.068E-24  1.292E-15
2.333E+01  2.061E-24  1.275E-15
2.312E+01  2.055E-24  1.260E-15
2.291E+01  2.049E-24  1.245E-15
2.270E+01  2.046E-24  1.232E-15
2.249E+01  2.044E-24  1.219E-15
2.228E+01  2.042E-24  1.207E-15
2.208E+01  2.042E-24  1.196E-15
2.188E+01  2.043E-24  1.185E-15
2.168E+01  2.044E-24  1.175E-15
2.148E+01  2.047E-24  1.166E-15
2.128E+01  2.050E-24  1.157E-15
2.109E+01  2.054E-24  1.149E-15
2.089E+01  2.060E-24  1.142E-15
2.070E+01  2.066E-24  1.135E-15
2.051E+01  2.073E-24  1.128E-15
2.032E+01  2.082E-24  1.122E-15
2.014E+01  2.092E-24  1.118E-15
1.995E+01  2.105E-24  1.114E-15
1.977E+01  2.119E-24  1.111E-15
1.959E+01  2.137E-24  1.111E-15
1.941E+01  2.164E-24  1.114E-15
1.923E+01  2.211E-24  1.128E-15
1.905E+01  2.321E-24  1.173E-15
1.888E+01  2.413E-24  1.208E-15
1.871E+01  2.313E-24  1.148E-15
1.854E+01  2.292E-24  1.127E-15
1.837E+01  2.317E-24  1.129E-15
1.820E+01  2.374E-24  1.146E-15
1.803E+01  2.484E-24  1.188E-15
1.786E+01  2.664E-24  1.262E-15
1.770E+01  2.706E-24  1.271E-15
1.754E+01  2.891E-24  1.345E-15
1.738E+01  3.311E-24  1.526E-15
1.722E+01  3.278E-24  1.497E-15
1.706E+01  3.313E-24  1.499E-15
1.690E+01  3.243E-24  1.454E-15
1.675E+01  3.113E-24  1.383E-15
1.660E+01  3.173E-24  1.397E-15
1.644E+01  3.684E-24  1.607E-15
1.629E+01  2.837E-24  1.226E-15
1.614E+01  2.495E-24  1.068E-15
1.600E+01  2.381E-24  1.010E-15
1.585E+01  2.310E-24  9.713E-16
1.570E+01  2.229E-24  9.284E-16
1.556E+01  2.179E-24  8.992E-16
1.542E+01  2.146E-24  8.775E-16
1.528E+01  2.122E-24  8.598E-16
1.514E+01  2.105E-24  8.452E-16
1.500E+01  2.095E-24  8.334E-16
1.486E+01  2.092E-24  8.245E-16
1.472E+01  2.100E-24  8.200E-16
1.459E+01  2.126E-24  8.225E-16
1.445E+01  2.191E-24  8.400E-16
1.432E+01  2.341E-24  8.893E-16
1.419E+01  2.513E-24  9.459E-16
1.406E+01  2.429E-24  9.057E-16
1.393E+01  2.396E-24  8.855E-16
1.380E+01  2.513E-24  9.203E-16
1.368E+01  2.774E-24  1.006E-15
1.355E+01  3.104E-24  1.116E-15
1.343E+01  3.200E-24  1.140E-15
1.330E+01  3.035E-24  1.071E-15
1.318E+01  2.960E-24  1.035E-15
1.306E+01  3.118E-24  1.080E-15
1.294E+01  3.566E-24  1.224E-15
1.282E+01  4.387E-24  1.492E-15
1.271E+01  5.428E-24  1.830E-15
1.259E+01  5.782E-24  1.931E-15
1.247E+01  5.066E-24  1.676E-15
1.236E+01  4.323E-24  1.417E-15
1.225E+01  4.076E-24  1.324E-15
1.213E+01  4.276E-24  1.376E-15
1.202E+01  4.564E-24  1.455E-15
1.191E+01  4.405E-24  1.392E-15
1.180E+01  3.997E-24  1.251E-15
1.169E+01  3.895E-24  1.208E-15
1.159E+01  4.418E-24  1.358E-15
1.148E+01  5.970E-24  1.818E-15
1.138E+01  8.575E-24  2.588E-15
1.127E+01  1.143E-23  3.416E-15
1.117E+01  8.065E-24  2.389E-15
1.107E+01  4.145E-24  1.217E-15
1.096E+01  2.843E-24  8.269E-16
1.086E+01  2.243E-24  6.463E-16
1.076E+01  1.926E-24  5.499E-16
1.067E+01  1.738E-24  4.918E-16
1.057E+01  1.575E-24  4.416E-16
1.047E+01  1.467E-24  4.074E-16
1.038E+01  1.395E-24  3.838E-16
1.028E+01  1.344E-24  3.664E-16
1.019E+01  1.307E-24  3.532E-16
1.009E+01  1.283E-24  3.433E-16
1.000E+01  1.267E-24  3.361E-16
9.908E+00  1.260E-24  3.312E-16
9.817E+00  1.261E-24  3.285E-16
9.727E+00  1.270E-24  3.278E-16
9.638E+00  1.288E-24  3.293E-16
9.550E+00  1.315E-24  3.331E-16
9.462E+00  1.353E-24  3.396E-16
9.376E+00  1.405E-24  3.494E-16
9.290E+00  1.474E-24  3.633E-16
9.204E+00  1.569E-24  3.831E-16
9.120E+00  1.700E-24  4.113E-16
9.036E+00  1.887E-24  4.524E-16
8.954E+00  2.168E-24  5.148E-16
8.872E+00  2.608E-24  6.137E-16
8.790E+00  3.327E-24  7.758E-16
8.710E+00  4.423E-24  1.022E-15
8.630E+00  5.450E-24  1.248E-15
8.551E+00  5.334E-24  1.210E-15
8.472E+00  4.635E-24  1.042E-15
8.395E+00  4.280E-24  9.531E-16
8.318E+00  4.265E-24  9.409E-16
8.241E+00  4.457E-24  9.743E-16
8.166E+00  4.933E-24  1.069E-15
8.091E+00  5.835E-24  1.252E-15
8.017E+00  7.269E-24  1.546E-15
7.943E+00  9.144E-24  1.927E-15
7.870E+00  1.079E-23  2.252E-15
7.798E+00  1.138E-23  2.355E-15
7.727E+00  1.146E-23  2.349E-15
7.656E+00  1.183E-23  2.402E-15
7.586E+00  1.152E-23  2.319E-15
7.516E+00  9.701E-24  1.934E-15
7.447E+00  7.649E-24  1.511E-15
7.379E+00  6.142E-24  1.202E-15
7.311E+00  5.097E-24  9.884E-16
7.244E+00  4.333E-24  8.327E-16
7.178E+00  3.750E-24  7.141E-16
7.112E+00  3.303E-24  6.231E-16
7.047E+00  2.971E-24  5.554E-16
6.982E+00  2.746E-24  5.086E-16
6.918E+00  2.623E-24  4.814E-16
6.855E+00  2.593E-24  4.716E-16
6.792E+00  2.629E-24  4.737E-16
6.730E+00  2.667E-24  4.760E-16
6.668E+00  2.630E-24  4.651E-16
6.607E+00  2.518E-24  4.414E-16
6.546E+00  2.428E-24  4.216E-16
6.486E+00  2.477E-24  4.262E-16
6.427E+00  2.803E-24  4.778E-16
6.368E+00  3.658E-24  6.180E-16
6.310E+00  5.576E-24  9.333E-16
6.252E+00  8.681E-24  1.440E-15
6.194E+00  8.793E-24  1.445E-15
6.138E+00  5.476E-24  8.916E-16
6.081E+00  3.260E-24  5.259E-16
6.026E+00  2.170E-24  3.468E-16
5.970E+00  1.617E-24  2.561E-16
5.916E+00  1.328E-24  2.085E-16
5.861E+00  1.201E-24  1.867E-16
5.808E+00  1.211E-24  1.866E-16
5.754E+00  1.360E-24  2.076E-16
5.702E+00  1.465E-24  2.216E-16
5.649E+00  1.234E-24  1.850E-16
5.598E+00  9.385E-25  1.393E-16
5.546E+00  7.562E-25  1.113E-16
5.495E+00  6.595E-25  9.614E-17
5.445E+00  6.178E-25  8.923E-17
5.395E+00  6.247E-25  8.940E-17
5.346E+00  6.929E-25  9.826E-17
5.297E+00  8.056E-25  1.132E-16
5.248E+00  7.872E-25  1.096E-16
5.200E+00  6.237E-25  8.603E-17
5.152E+00  4.963E-25  6.782E-17
5.105E+00  4.224E-25  5.720E-17
5.058E+00  3.780E-25  5.072E-17
5.012E+00  3.487E-25  4.636E-17
4.966E+00  3.277E-25  4.317E-17
4.920E+00  3.116E-25  4.067E-17
4.875E+00  2.988E-25  3.864E-17
4.831E+00  2.881E-25  3.692E-17
4.786E+00  2.791E-25  3.543E-17
4.742E+00  2.712E-25  3.412E-17
4.699E+00  2.643E-25  3.295E-17
4.656E+00  2.582E-25  3.189E-17
4.613E+00  2.528E-25  3.093E-17
4.571E+00  2.478E-25  3.005E-17
4.529E+00  2.433E-25  2.923E-17
4.487E+00  2.392E-25  2.848E-17
4.446E+00  2.355E-25  2.777E-17
4.406E+00  2.321E-25  2.712E-17
4.365E+00  2.289E-25  2.651E-17
4.325E+00  2.261E-25  2.593E-17
4.285E+00  2.234E-25  2.540E-17
4.246E+00  2.210E-25  2.489E-17
4.207E+00  2.188E-25  2.442E-17
4.169E+00  2.168E-25  2.397E-17
4.130E+00  2.150E-25  2.356E-17
4.093E+00  2.134E-25  2.317E-17
4.055E+00  2.120E-25  2.280E-17
4.018E+00  2.108E-25  2.247E-17
3.981E+00  2.098E-25  2.216E-17
3.945E+00  2.091E-25  2.188E-17
3.908E+00  2.087E-25  2.163E-17
3.873E+00  2.085E-25  2.142E-17
3.837E+00  2.088E-25  2.125E-17
3.802E+00  2.095E-25  2.112E-17
3.767E+00  2.107E-25  2.105E-17
3.733E+00  2.127E-25  2.105E-17
3.698E+00  2.155E-25  2.114E-17
3.664E+00  2.196E-25  2.134E-17
3.631E+00  2.253E-25  2.170E-17
3.597E+00  2.334E-25  2.227E-17
3.565E+00  2.450E-25  2.316E-17
3.532E+00  2.621E-25  2.455E-17
3.499E+00  2.882E-25  2.675E-17
3.467E+00  3.304E-25  3.039E-17
3.436E+00  4.044E-25  3.685E-17
3.404E+00  5.505E-25  4.971E-17
3.373E+00  8.995E-25  8.047E-17
3.342E+00  2.056E-24  1.822E-16
3.311E+00  7.789E-24  6.841E-16
3.281E+00  5.318E-24  4.628E-16
3.251E+00  1.516E-24  1.307E-16
3.221E+00  7.212E-25  6.162E-17
3.192E+00  4.584E-25  3.880E-17
3.162E+00  3.423E-25  2.871E-17
3.133E+00  2.812E-25  2.337E-17
3.105E+00  2.451E-25  2.018E-17
3.076E+00  2.218E-25  1.810E-17
3.048E+00  2.059E-25  1.665E-17
3.020E+00  1.944E-25  1.557E-17
2.992E+00  1.858E-25  1.474E-17
2.965E+00  1.790E-25  1.408E-17
2.938E+00  1.736E-25  1.353E-17
2.911E+00  1.691E-25  1.306E-17
2.884E+00  1.653E-25  1.265E-17
2.858E+00  1.621E-25  1.229E-17
2.831E+00  1.592E-25  1.196E-17
2.805E+00  1.566E-25  1.166E-17
2.780E+00  1.543E-25  1.138E-17
2.754E+00  1.522E-25  1.112E-17
2.729E+00  1.502E-25  1.087E-17
2.704E+00  1.483E-25  1.064E-17
2.679E+00  1.466E-25  1.042E-17
2.655E+00  1.449E-25  1.020E-17
2.630E+00  1.433E-25  9.995E-18
2.606E+00  1.417E-25  9.796E-18
2.582E+00  1.402E-25  9.602E-18
2.559E+00  1.387E-25  9.413E-18
2.535E+00  1.372E-25  9.229E-18
2.512E+00  1.358E-25  9.050E-18
2.489E+00  1.344E-25  8.874E-18
2.466E+00  1.330E-25  8.700E-18
2.443E+00  1.316E-25  8.529E-18
2.421E+00  1.302E-25  8.362E-18
2.399E+00  1.288E-25  8.198E-18
2.377E+00  1.275E-25  8.038E-18
2.355E+00  1.262E-25  7.881E-18
2.333E+00  1.248E-25  7.726E-18
2.312E+00  1.235E-25  7.573E-18
2.291E+00  1.221E-25  7.423E-18
2.270E+00  1.208E-25  7.274E-18
2.249E+00  1.195E-25  7.127E-18
2.228E+00  1.181E-25  6.981E-18
2.208E+00  1.167E-25  6.836E-18
2.188E+00  1.153E-25  6.692E-18
2.168E+00  1.139E-25  6.547E-18
2.148E+00  1.124E-25  6.402E-18
2.128E+00  1.108E-25  6.255E-18
2.109E+00  1.092E-25  6.105E-18
2.089E+00  1.074E-25  5.952E-18
2.070E+00  1.055E-25  5.795E-18
2.051E+00  1.035E-25  5.629E-18
2.032E+00  1.012E-25  5.455E-18
2.014E+00  9.866E-26  5.270E-18
1.995E+00  9.581E-26  5.071E-18
1.977E+00  9.264E-26  4.858E-18
1.959E+00  8.926E-26  4.638E-18
1.941E+00  8.599E-26  4.427E-18
1.923E+00  8.342E-26  4.255E-18
1.905E+00  8.219E-26  4.154E-18
1.888E+00  8.250E-26  4.132E-18
1.871E+00  8.391E-26  4.164E-18
1.854E+00  8.567E-26  4.212E-18
1.837E+00  8.723E-26  4.250E-18
1.820E+00  8.837E-26  4.266E-18
1.803E+00  8.907E-26  4.260E-18
1.786E+00  8.939E-26  4.236E-18
1.770E+00  8.942E-26  4.199E-18
1.754E+00  8.924E-26  4.152E-18
1.738E+00  8.890E-26  4.098E-18
1.722E+00  8.845E-26  4.040E-18
1.706E+00  8.792E-26  3.979E-18
1.690E+00  8.735E-26  3.917E-18
1.675E+00  8.674E-26  3.854E-18
1.660E+00  8.611E-26  3.791E-18
1.644E+00  8.548E-26  3.728E-18
1.629E+00  8.485E-26  3.667E-18
1.614E+00  8.423E-26  3.607E-18
1.600E+00  8.364E-26  3.549E-18
1.585E+00  8.309E-26  3.493E-18
1.570E+00  8.258E-26  3.440E-18
1.556E+00  8.213E-26  3.390E-18
1.542E+00  8.175E-26  3.343E-18
1.528E+00  8.144E-26  3.300E-18
1.514E+00  8.123E-26  3.261E-18
1.500E+00  8.113E-26  3.227E-18
1.486E+00  8.116E-26  3.199E-18
1.472E+00  8.134E-26  3.177E-18
1.459E+00  8.169E-26  3.161E-18
1.445E+00  8.227E-26  3.154E-18
1.432E+00  8.309E-26  3.157E-18
1.419E+00  8.422E-26  3.170E-18
1.406E+00  8.571E-26  3.197E-18
1.393E+00  8.763E-26  3.238E-18
1.380E+00  9.008E-26  3.298E-18
1.368E+00  9.315E-26  3.379E-18
1.355E+00  9.694E-26  3.485E-18
1.343E+00  1.016E-25  3.617E-18
1.330E+00  1.070E-25  3.777E-18
1.318E+00  1.133E-25  3.960E-18
1.306E+00  1.199E-25  4.154E-18
1.294E+00  1.261E-25  4.330E-18
1.282E+00  1.307E-25  4.446E-18
1.271E+00  1.321E-25  4.452E-18
1.259E+00  1.291E-25  4.312E-18
1.247E+00  1.220E-25  4.036E-18
1.236E+00  1.120E-25  3.671E-18
1.225E+00  1.010E-25  3.281E-18
1.213E+00  9.065E-26  2.918E-18
1.202E+00  8.170E-26  2.605E-18
1.191E+00  7.444E-26  2.352E-18
1.180E+00  6.882E-26  2.155E-18
1.169E+00  6.468E-26  2.006E-18
1.159E+00  6.186E-26  1.901E-18
1.148E+00  6.026E-26  1.835E-18
1.138E+00  5.989E-26  1.807E-18
1.127E+00  6.084E-26  1.819E-18
1.117E+00  6.341E-26  1.878E-18
1.107E+00  6.808E-26  1.998E-18
1.096E+00  7.568E-26  2.201E-18
1.086E+00  8.743E-26  2.519E-18
1.076E+00  1.045E-25  2.984E-18
1.067E+00  1.259E-25  3.561E-18
1.057E+00  1.430E-25  4.009E-18
1.047E+00  1.401E-25  3.892E-18
1.038E+00  1.160E-25  3.192E-18
1.028E+00  8.748E-26  2.385E-18
1.019E+00  6.538E-26  1.767E-18
1.009E+00  5.043E-26  1.350E-18
1.000E+00  4.053E-26  1.075E-18
