Dust emission from Draine & Li (2007): ApJ 657, 810-837
================================================================
         6 = grain model
 4.000E-08 4.000E-01 3.750E-05 = a_01 (cm) , sigma_1 , b_C1/0.92
 2.500E-07 4.000E-01 1.250E-05 = a_02 (cm) , sigma_2 , b_C2/0.92
 1.000E+01 1.000E+04 2.000E+00 = Umin , Umax, beta (dN/dU propto U^{-beta})
 6.915E+01 = <U> 
     mmp83 = radfield
 3.117E-22 = power/H (erg s-1)
 band   nu*P_nu(band) j_nu(band)
 (um)   (erg s-1 H-1)(Jy cm2 sr-1 H-1)
1.270E+00  1.055E-24  3.553E-17 COBE-DIRBE
2.220E+00  1.346E-24  7.925E-17 COBE-DIRBE
3.530E+00  8.827E-24  8.266E-16 COBE-DIRBE
4.880E+00  4.124E-24  5.338E-16 COBE-DIRBE
1.229E+01  4.095E-23  1.335E-14 COBE-DIRBE
2.079E+01  5.013E-23  2.764E-14 COBE-DIRBE
5.599E+01  1.696E-22  2.519E-13 COBE-DIRBE
9.770E+01  8.250E-23  2.138E-13 COBE-DIRBE
1.479E+02  3.309E-23  1.298E-13 COBE-DIRBE
2.479E+02  6.313E-24  4.151E-14 COBE-DIRBE
1.200E+01  4.246E-23  1.352E-14 IRAS
2.500E+01  6.513E-23  4.319E-14 IRAS
6.000E+01  1.611E-22  2.565E-13 IRAS
1.000E+02  7.844E-23  2.081E-13 IRAS
3.550E+00  1.027E-23  9.668E-16 SST-IRAC
4.493E+00  2.882E-24  3.434E-16 SST-IRAC
5.731E+00  2.473E-23  3.759E-15 SST-IRAC
7.872E+00  5.988E-23  1.250E-14 SST-IRAC
2.368E+01  5.741E-23  3.606E-14 SST-MIPS
7.142E+01  1.225E-22  2.321E-13 SST-MIPS
1.559E+02  2.590E-23  1.071E-13 SST-MIPS
1.600E+01  3.704E-23  1.572E-14 SST-IRSPU
2.200E+01  5.542E-23  3.234E-14 SST-IRSPU











lambda    nu*dP/dnu     j_nu
 (um)   (erg s-1 H-1)(Jy cm2 sr-1 H-1)
1.000E+04  9.547E-31  2.533E-19
9.908E+03  9.898E-31  2.601E-19
9.817E+03  1.026E-30  2.672E-19
9.727E+03  1.064E-30  2.745E-19
9.638E+03  1.103E-30  2.819E-19
9.550E+03  1.143E-30  2.896E-19
9.462E+03  1.185E-30  2.974E-19
9.376E+03  1.228E-30  3.055E-19
9.290E+03  1.274E-30  3.138E-19
9.204E+03  1.320E-30  3.223E-19
9.120E+03  1.369E-30  3.311E-19
9.036E+03  1.419E-30  3.401E-19
8.954E+03  1.471E-30  3.493E-19
8.872E+03  1.524E-30  3.587E-19
8.790E+03  1.580E-30  3.684E-19
8.710E+03  1.638E-30  3.784E-19
8.630E+03  1.698E-30  3.886E-19
8.551E+03  1.760E-30  3.991E-19
8.472E+03  1.824E-30  4.099E-19
8.395E+03  1.891E-30  4.211E-19
8.318E+03  1.960E-30  4.325E-19
8.241E+03  2.032E-30  4.442E-19
8.166E+03  2.107E-30  4.563E-19
8.091E+03  2.184E-30  4.687E-19
8.017E+03  2.264E-30  4.815E-19
7.943E+03  2.347E-30  4.946E-19
7.870E+03  2.434E-30  5.081E-19
7.798E+03  2.523E-30  5.220E-19
7.727E+03  2.616E-30  5.363E-19
7.656E+03  2.713E-30  5.509E-19
7.586E+03  2.813E-30  5.660E-19
7.516E+03  2.917E-30  5.815E-19
7.447E+03  3.024E-30  5.975E-19
7.379E+03  3.136E-30  6.139E-19
7.311E+03  3.252E-30  6.307E-19
7.244E+03  3.372E-30  6.481E-19
7.178E+03  3.497E-30  6.659E-19
7.112E+03  3.627E-30  6.842E-19
7.047E+03  3.761E-30  7.031E-19
6.982E+03  3.901E-30  7.225E-19
6.918E+03  4.045E-30  7.424E-19
6.855E+03  4.195E-30  7.628E-19
6.792E+03  4.351E-30  7.839E-19
6.730E+03  4.512E-30  8.055E-19
6.668E+03  4.680E-30  8.278E-19
6.607E+03  4.854E-30  8.507E-19
6.546E+03  5.034E-30  8.742E-19
6.486E+03  5.222E-30  8.984E-19
6.427E+03  5.416E-30  9.234E-19
6.368E+03  5.618E-30  9.490E-19
6.310E+03  5.828E-30  9.754E-19
6.252E+03  6.045E-30  1.002E-18
6.194E+03  6.271E-30  1.030E-18
6.138E+03  6.505E-30  1.059E-18
6.081E+03  6.749E-30  1.089E-18
6.026E+03  7.001E-30  1.119E-18
5.970E+03  7.264E-30  1.150E-18
5.916E+03  7.536E-30  1.182E-18
5.861E+03  7.818E-30  1.216E-18
5.808E+03  8.112E-30  1.250E-18
5.754E+03  8.416E-30  1.285E-18
5.702E+03  8.733E-30  1.321E-18
5.649E+03  9.061E-30  1.358E-18
5.598E+03  9.402E-30  1.396E-18
5.546E+03  9.756E-30  1.435E-18
5.495E+03  1.012E-29  1.476E-18
5.445E+03  1.050E-29  1.517E-18
5.395E+03  1.090E-29  1.560E-18
5.346E+03  1.131E-29  1.604E-18
5.297E+03  1.174E-29  1.649E-18
5.248E+03  1.218E-29  1.696E-18
5.200E+03  1.264E-29  1.744E-18
5.152E+03  1.312E-29  1.793E-18
5.105E+03  1.362E-29  1.844E-18
5.058E+03  1.414E-29  1.897E-18
5.012E+03  1.467E-29  1.950E-18
4.966E+03  1.523E-29  2.006E-18
4.920E+03  1.580E-29  2.063E-18
4.875E+03  1.640E-29  2.121E-18
4.831E+03  1.703E-29  2.182E-18
4.786E+03  1.767E-29  2.244E-18
4.742E+03  1.835E-29  2.308E-18
4.699E+03  1.905E-29  2.374E-18
4.656E+03  1.977E-29  2.442E-18
4.613E+03  2.052E-29  2.512E-18
4.571E+03  2.131E-29  2.583E-18
4.529E+03  2.212E-29  2.657E-18
4.487E+03  2.297E-29  2.734E-18
4.446E+03  2.384E-29  2.812E-18
4.406E+03  2.476E-29  2.893E-18
4.365E+03  2.570E-29  2.976E-18
4.325E+03  2.669E-29  3.062E-18
4.285E+03  2.771E-29  3.150E-18
4.246E+03  2.877E-29  3.241E-18
4.207E+03  2.988E-29  3.334E-18
4.169E+03  3.103E-29  3.431E-18
4.130E+03  3.222E-29  3.530E-18
4.093E+03  3.346E-29  3.632E-18
4.055E+03  3.475E-29  3.737E-18
4.018E+03  3.608E-29  3.846E-18
3.981E+03  3.747E-29  3.957E-18
3.945E+03  3.892E-29  4.072E-18
3.908E+03  4.042E-29  4.190E-18
3.873E+03  4.197E-29  4.312E-18
3.837E+03  4.359E-29  4.437E-18
3.802E+03  4.528E-29  4.566E-18
3.767E+03  4.703E-29  4.699E-18
3.733E+03  4.885E-29  4.836E-18
3.698E+03  5.074E-29  4.977E-18
3.664E+03  5.270E-29  5.123E-18
3.631E+03  5.475E-29  5.273E-18
3.597E+03  5.687E-29  5.427E-18
3.565E+03  5.908E-29  5.586E-18
3.532E+03  6.138E-29  5.750E-18
3.499E+03  6.377E-29  5.919E-18
3.467E+03  6.625E-29  6.093E-18
3.436E+03  6.883E-29  6.273E-18
3.404E+03  7.152E-29  6.458E-18
3.373E+03  7.431E-29  6.648E-18
3.342E+03  7.721E-29  6.844E-18
3.311E+03  8.023E-29  7.047E-18
3.281E+03  8.336E-29  7.255E-18
3.251E+03  8.663E-29  7.470E-18
3.221E+03  9.002E-29  7.692E-18
3.192E+03  9.355E-29  7.920E-18
3.162E+03  9.722E-29  8.155E-18
3.133E+03  1.010E-28  8.397E-18
3.105E+03  1.050E-28  8.647E-18
3.076E+03  1.091E-28  8.905E-18
3.048E+03  1.134E-28  9.170E-18
3.020E+03  1.179E-28  9.444E-18
2.992E+03  1.225E-28  9.725E-18
2.965E+03  1.273E-28  1.001E-17
2.938E+03  1.324E-28  1.031E-17
2.911E+03  1.376E-28  1.062E-17
2.884E+03  1.430E-28  1.094E-17
2.858E+03  1.486E-28  1.126E-17
2.831E+03  1.545E-28  1.160E-17
2.805E+03  1.606E-28  1.195E-17
2.780E+03  1.669E-28  1.231E-17
2.754E+03  1.735E-28  1.268E-17
2.729E+03  1.804E-28  1.306E-17
2.704E+03  1.875E-28  1.345E-17
2.679E+03  1.950E-28  1.385E-17
2.655E+03  2.027E-28  1.427E-17
2.630E+03  2.107E-28  1.470E-17
2.606E+03  2.191E-28  1.515E-17
2.582E+03  2.278E-28  1.560E-17
2.559E+03  2.369E-28  1.608E-17
2.535E+03  2.463E-28  1.656E-17
2.512E+03  2.561E-28  1.706E-17
2.489E+03  2.663E-28  1.758E-17
2.466E+03  2.769E-28  1.812E-17
2.443E+03  2.880E-28  1.867E-17
2.421E+03  2.995E-28  1.923E-17
2.399E+03  3.114E-28  1.982E-17
2.377E+03  3.239E-28  2.042E-17
2.355E+03  3.369E-28  2.104E-17
2.333E+03  3.503E-28  2.169E-17
2.312E+03  3.644E-28  2.235E-17
2.291E+03  3.790E-28  2.303E-17
2.270E+03  3.942E-28  2.373E-17
2.249E+03  4.100E-28  2.446E-17
2.228E+03  4.265E-28  2.521E-17
2.208E+03  4.436E-28  2.598E-17
2.188E+03  4.614E-28  2.678E-17
2.168E+03  4.800E-28  2.760E-17
2.148E+03  4.993E-28  2.845E-17
2.128E+03  5.194E-28  2.932E-17
2.109E+03  5.403E-28  3.022E-17
2.089E+03  5.621E-28  3.115E-17
2.070E+03  5.848E-28  3.211E-17
2.051E+03  6.084E-28  3.310E-17
2.032E+03  6.329E-28  3.412E-17
2.014E+03  6.585E-28  3.517E-17
1.995E+03  6.851E-28  3.626E-17
1.977E+03  7.127E-28  3.738E-17
1.959E+03  7.416E-28  3.853E-17
1.941E+03  7.715E-28  3.972E-17
1.923E+03  8.027E-28  4.095E-17
1.905E+03  8.352E-28  4.222E-17
1.888E+03  8.690E-28  4.352E-17
1.871E+03  9.043E-28  4.487E-17
1.854E+03  9.409E-28  4.626E-17
1.837E+03  9.790E-28  4.769E-17
1.820E+03  1.019E-27  4.917E-17
1.803E+03  1.060E-27  5.070E-17
1.786E+03  1.103E-27  5.228E-17
1.770E+03  1.148E-27  5.390E-17
1.754E+03  1.195E-27  5.558E-17
1.738E+03  1.243E-27  5.730E-17
1.722E+03  1.294E-27  5.909E-17
1.706E+03  1.346E-27  6.093E-17
1.690E+03  1.401E-27  6.282E-17
1.675E+03  1.458E-27  6.478E-17
1.660E+03  1.517E-27  6.680E-17
1.644E+03  1.579E-27  6.888E-17
1.629E+03  1.644E-27  7.103E-17
1.614E+03  1.710E-27  7.325E-17
1.600E+03  1.780E-27  7.553E-17
1.585E+03  1.853E-27  7.789E-17
1.570E+03  1.928E-27  8.032E-17
1.556E+03  2.007E-27  8.283E-17
1.542E+03  2.089E-27  8.542E-17
1.528E+03  2.174E-27  8.809E-17
1.514E+03  2.263E-27  9.084E-17
1.500E+03  2.355E-27  9.368E-17
1.486E+03  2.451E-27  9.661E-17
1.472E+03  2.551E-27  9.964E-17
1.459E+03  2.656E-27  1.028E-16
1.445E+03  2.764E-27  1.060E-16
1.432E+03  2.877E-27  1.093E-16
1.419E+03  2.995E-27  1.127E-16
1.406E+03  3.117E-27  1.163E-16
1.393E+03  3.245E-27  1.199E-16
1.380E+03  3.378E-27  1.237E-16
1.368E+03  3.516E-27  1.275E-16
1.355E+03  3.660E-27  1.316E-16
1.343E+03  3.809E-27  1.357E-16
1.330E+03  3.965E-27  1.399E-16
1.318E+03  4.128E-27  1.443E-16
1.306E+03  4.296E-27  1.489E-16
1.294E+03  4.472E-27  1.535E-16
1.282E+03  4.655E-27  1.584E-16
1.271E+03  4.846E-27  1.633E-16
1.259E+03  5.044E-27  1.685E-16
1.247E+03  5.251E-27  1.737E-16
1.236E+03  5.466E-27  1.792E-16
1.225E+03  5.689E-27  1.848E-16
1.213E+03  5.922E-27  1.906E-16
1.202E+03  6.165E-27  1.966E-16
1.191E+03  6.417E-27  2.028E-16
1.180E+03  6.679E-27  2.091E-16
1.169E+03  6.953E-27  2.157E-16
1.159E+03  7.237E-27  2.225E-16
1.148E+03  7.533E-27  2.294E-16
1.138E+03  7.841E-27  2.366E-16
1.127E+03  8.162E-27  2.440E-16
1.117E+03  8.496E-27  2.517E-16
1.107E+03  8.843E-27  2.596E-16
1.096E+03  9.204E-27  2.677E-16
1.086E+03  9.581E-27  2.761E-16
1.076E+03  9.972E-27  2.847E-16
1.067E+03  1.038E-26  2.937E-16
1.057E+03  1.080E-26  3.028E-16
1.047E+03  1.124E-26  3.123E-16
1.038E+03  1.170E-26  3.221E-16
1.028E+03  1.218E-26  3.322E-16
1.019E+03  1.268E-26  3.425E-16
1.009E+03  1.319E-26  3.532E-16
1.000E+03  1.373E-26  3.642E-16
9.908E+02  1.429E-26  3.756E-16
9.817E+02  1.488E-26  3.874E-16
9.727E+02  1.548E-26  3.995E-16
9.638E+02  1.611E-26  4.120E-16
9.550E+02  1.677E-26  4.248E-16
9.462E+02  1.745E-26  4.381E-16
9.376E+02  1.817E-26  4.518E-16
9.290E+02  1.891E-26  4.659E-16
9.204E+02  1.967E-26  4.804E-16
9.120E+02  2.048E-26  4.953E-16
9.036E+02  2.131E-26  5.108E-16
8.954E+02  2.217E-26  5.266E-16
8.872E+02  2.307E-26  5.430E-16
8.790E+02  2.401E-26  5.599E-16
8.710E+02  2.498E-26  5.772E-16
8.630E+02  2.600E-26  5.951E-16
8.551E+02  2.705E-26  6.135E-16
8.472E+02  2.815E-26  6.325E-16
8.395E+02  2.928E-26  6.521E-16
8.318E+02  3.047E-26  6.722E-16
8.241E+02  3.170E-26  6.930E-16
8.166E+02  3.298E-26  7.144E-16
8.091E+02  3.431E-26  7.364E-16
8.017E+02  3.569E-26  7.590E-16
7.943E+02  3.713E-26  7.824E-16
7.870E+02  3.863E-26  8.064E-16
7.798E+02  4.018E-26  8.312E-16
7.727E+02  4.180E-26  8.567E-16
7.656E+02  4.348E-26  8.830E-16
7.586E+02  4.523E-26  9.101E-16
7.516E+02  4.704E-26  9.379E-16
7.447E+02  4.894E-26  9.667E-16
7.379E+02  5.090E-26  9.964E-16
7.311E+02  5.295E-26  1.027E-15
7.244E+02  5.508E-26  1.058E-15
7.178E+02  5.730E-26  1.091E-15
7.112E+02  5.960E-26  1.124E-15
7.047E+02  6.200E-26  1.159E-15
6.982E+02  6.450E-26  1.195E-15
6.918E+02  6.709E-26  1.231E-15
6.855E+02  6.979E-26  1.269E-15
6.792E+02  7.259E-26  1.308E-15
6.730E+02  7.550E-26  1.348E-15
6.668E+02  7.853E-26  1.389E-15
6.607E+02  8.167E-26  1.431E-15
6.546E+02  8.496E-26  1.475E-15
6.486E+02  8.838E-26  1.521E-15
6.427E+02  9.194E-26  1.567E-15
6.368E+02  9.564E-26  1.615E-15
6.310E+02  9.949E-26  1.665E-15
6.252E+02  1.035E-25  1.716E-15
6.194E+02  1.077E-25  1.769E-15
6.138E+02  1.120E-25  1.823E-15
6.081E+02  1.165E-25  1.879E-15
6.026E+02  1.212E-25  1.937E-15
5.970E+02  1.261E-25  1.997E-15
5.916E+02  1.312E-25  2.058E-15
5.861E+02  1.365E-25  2.122E-15
5.808E+02  1.419E-25  2.187E-15
5.754E+02  1.477E-25  2.254E-15
5.702E+02  1.536E-25  2.323E-15
5.649E+02  1.598E-25  2.395E-15
5.598E+02  1.663E-25  2.468E-15
5.546E+02  1.730E-25  2.544E-15
5.495E+02  1.799E-25  2.623E-15
5.445E+02  1.872E-25  2.703E-15
5.395E+02  1.947E-25  2.787E-15
5.346E+02  2.026E-25  2.872E-15
5.297E+02  2.107E-25  2.961E-15
5.248E+02  2.192E-25  3.052E-15
5.200E+02  2.281E-25  3.146E-15
5.152E+02  2.373E-25  3.243E-15
5.105E+02  2.468E-25  3.343E-15
5.058E+02  2.568E-25  3.445E-15
5.012E+02  2.671E-25  3.551E-15
4.966E+02  2.779E-25  3.661E-15
4.920E+02  2.891E-25  3.773E-15
4.875E+02  3.007E-25  3.889E-15
4.831E+02  3.128E-25  4.009E-15
4.786E+02  3.254E-25  4.132E-15
4.742E+02  3.385E-25  4.259E-15
4.699E+02  3.522E-25  4.390E-15
4.656E+02  3.663E-25  4.524E-15
4.613E+02  3.811E-25  4.663E-15
4.571E+02  3.964E-25  4.806E-15
4.529E+02  4.124E-25  4.954E-15
4.487E+02  4.289E-25  5.106E-15
4.446E+02  4.462E-25  5.262E-15
4.406E+02  4.641E-25  5.423E-15
4.365E+02  4.827E-25  5.589E-15
4.325E+02  5.021E-25  5.760E-15
4.285E+02  5.222E-25  5.937E-15
4.246E+02  5.432E-25  6.118E-15
4.207E+02  5.650E-25  6.305E-15
4.169E+02  5.876E-25  6.498E-15
4.130E+02  6.112E-25  6.697E-15
4.093E+02  6.357E-25  6.901E-15
4.055E+02  6.612E-25  7.112E-15
4.018E+02  6.876E-25  7.329E-15
3.981E+02  7.152E-25  7.552E-15
3.945E+02  7.438E-25  7.783E-15
3.908E+02  7.736E-25  8.020E-15
3.873E+02  8.045E-25  8.264E-15
3.837E+02  8.367E-25  8.516E-15
3.802E+02  8.701E-25  8.775E-15
3.767E+02  9.049E-25  9.042E-15
3.733E+02  9.410E-25  9.317E-15
3.698E+02  9.785E-25  9.600E-15
3.664E+02  1.018E-24  9.891E-15
3.631E+02  1.058E-24  1.019E-14
3.597E+02  1.100E-24  1.050E-14
3.565E+02  1.144E-24  1.082E-14
3.532E+02  1.190E-24  1.114E-14
3.499E+02  1.237E-24  1.148E-14
3.467E+02  1.286E-24  1.183E-14
3.436E+02  1.337E-24  1.218E-14
3.404E+02  1.390E-24  1.255E-14
3.373E+02  1.445E-24  1.293E-14
3.342E+02  1.502E-24  1.332E-14
3.311E+02  1.562E-24  1.372E-14
3.281E+02  1.623E-24  1.413E-14
3.251E+02  1.687E-24  1.455E-14
3.221E+02  1.754E-24  1.499E-14
3.192E+02  1.823E-24  1.543E-14
3.162E+02  1.895E-24  1.589E-14
3.133E+02  1.969E-24  1.637E-14
3.105E+02  2.046E-24  1.685E-14
3.076E+02  2.127E-24  1.735E-14
3.048E+02  2.210E-24  1.787E-14
3.020E+02  2.297E-24  1.840E-14
2.992E+02  2.386E-24  1.894E-14
2.965E+02  2.479E-24  1.950E-14
2.938E+02  2.576E-24  2.007E-14
2.911E+02  2.676E-24  2.066E-14
2.884E+02  2.780E-24  2.127E-14
2.858E+02  2.888E-24  2.189E-14
2.831E+02  3.000E-24  2.253E-14
2.805E+02  3.116E-24  2.319E-14
2.780E+02  3.237E-24  2.387E-14
2.754E+02  3.362E-24  2.456E-14
2.729E+02  3.492E-24  2.528E-14
2.704E+02  3.627E-24  2.601E-14
2.679E+02  3.767E-24  2.677E-14
2.655E+02  3.912E-24  2.754E-14
2.630E+02  4.062E-24  2.834E-14
2.606E+02  4.218E-24  2.916E-14
2.582E+02  4.380E-24  3.000E-14
2.559E+02  4.547E-24  3.086E-14
2.535E+02  4.719E-24  3.174E-14
2.512E+02  4.897E-24  3.263E-14
2.489E+02  5.079E-24  3.353E-14
2.466E+02  5.263E-24  3.443E-14
2.443E+02  5.453E-24  3.535E-14
2.421E+02  5.649E-24  3.628E-14
2.399E+02  5.849E-24  3.722E-14
2.377E+02  6.054E-24  3.817E-14
2.355E+02  6.264E-24  3.913E-14
2.333E+02  6.481E-24  4.012E-14
2.312E+02  6.705E-24  4.112E-14
2.291E+02  6.936E-24  4.215E-14
2.270E+02  7.174E-24  4.320E-14
2.249E+02  7.420E-24  4.426E-14
2.228E+02  7.673E-24  4.536E-14
2.208E+02  7.934E-24  4.647E-14
2.188E+02  8.203E-24  4.760E-14
2.168E+02  8.480E-24  4.876E-14
2.148E+02  8.766E-24  4.994E-14
2.128E+02  9.060E-24  5.114E-14
2.109E+02  9.363E-24  5.237E-14
2.089E+02  9.674E-24  5.362E-14
2.070E+02  9.995E-24  5.489E-14
2.051E+02  1.032E-23  5.618E-14
2.032E+02  1.066E-23  5.749E-14
2.014E+02  1.101E-23  5.884E-14
1.995E+02  1.137E-23  6.020E-14
1.977E+02  1.174E-23  6.159E-14
1.959E+02  1.213E-23  6.300E-14
1.941E+02  1.252E-23  6.444E-14
1.923E+02  1.292E-23  6.590E-14
1.905E+02  1.333E-23  6.739E-14
1.888E+02  1.376E-23  6.891E-14
1.871E+02  1.420E-23  7.045E-14
1.854E+02  1.465E-23  7.202E-14
1.837E+02  1.511E-23  7.361E-14
1.820E+02  1.559E-23  7.523E-14
1.803E+02  1.607E-23  7.688E-14
1.786E+02  1.658E-23  7.856E-14
1.770E+02  1.709E-23  8.026E-14
1.754E+02  1.763E-23  8.200E-14
1.738E+02  1.817E-23  8.377E-14
1.722E+02  1.873E-23  8.557E-14
1.706E+02  1.931E-23  8.740E-14
1.690E+02  1.991E-23  8.925E-14
1.675E+02  2.052E-23  9.115E-14
1.660E+02  2.115E-23  9.309E-14
1.644E+02  2.179E-23  9.506E-14
1.629E+02  2.246E-23  9.707E-14
1.614E+02  2.315E-23  9.912E-14
1.600E+02  2.385E-23  1.012E-13
1.585E+02  2.458E-23  1.034E-13
1.570E+02  2.534E-23  1.055E-13
1.556E+02  2.611E-23  1.078E-13
1.542E+02  2.692E-23  1.101E-13
1.528E+02  2.775E-23  1.124E-13
1.514E+02  2.860E-23  1.148E-13
1.500E+02  2.948E-23  1.173E-13
1.486E+02  3.039E-23  1.198E-13
1.472E+02  3.133E-23  1.223E-13
1.459E+02  3.228E-23  1.249E-13
1.445E+02  3.325E-23  1.275E-13
1.432E+02  3.423E-23  1.300E-13
1.419E+02  3.520E-23  1.325E-13
1.406E+02  3.616E-23  1.349E-13
1.393E+02  3.709E-23  1.371E-13
1.380E+02  3.799E-23  1.391E-13
1.368E+02  3.886E-23  1.410E-13
1.355E+02  3.969E-23  1.427E-13
1.343E+02  4.051E-23  1.443E-13
1.330E+02  4.132E-23  1.458E-13
1.318E+02  4.214E-23  1.474E-13
1.306E+02  4.297E-23  1.489E-13
1.294E+02  4.382E-23  1.504E-13
1.282E+02  4.469E-23  1.520E-13
1.271E+02  4.558E-23  1.536E-13
1.259E+02  4.650E-23  1.553E-13
1.247E+02  4.744E-23  1.570E-13
1.236E+02  4.841E-23  1.587E-13
1.225E+02  4.940E-23  1.605E-13
1.213E+02  5.042E-23  1.623E-13
1.202E+02  5.146E-23  1.641E-13
1.191E+02  5.252E-23  1.660E-13
1.180E+02  5.361E-23  1.678E-13
1.169E+02  5.471E-23  1.697E-13
1.159E+02  5.583E-23  1.716E-13
1.148E+02  5.698E-23  1.735E-13
1.138E+02  5.815E-23  1.755E-13
1.127E+02  5.933E-23  1.774E-13
1.117E+02  6.054E-23  1.794E-13
1.107E+02  6.177E-23  1.813E-13
1.096E+02  6.303E-23  1.833E-13
1.086E+02  6.430E-23  1.853E-13
1.076E+02  6.559E-23  1.873E-13
1.067E+02  6.689E-23  1.893E-13
1.057E+02  6.822E-23  1.912E-13
1.047E+02  6.956E-23  1.932E-13
1.038E+02  7.092E-23  1.952E-13
1.028E+02  7.229E-23  1.971E-13
1.019E+02  7.367E-23  1.991E-13
1.009E+02  7.507E-23  2.010E-13
1.000E+02  7.648E-23  2.029E-13
9.908E+01  7.790E-23  2.047E-13
9.817E+01  7.934E-23  2.066E-13
9.727E+01  8.078E-23  2.084E-13
9.638E+01  8.224E-23  2.103E-13
9.550E+01  8.371E-23  2.121E-13
9.462E+01  8.519E-23  2.138E-13
9.376E+01  8.668E-23  2.156E-13
9.290E+01  8.818E-23  2.173E-13
9.204E+01  8.969E-23  2.190E-13
9.120E+01  9.120E-23  2.206E-13
9.036E+01  9.272E-23  2.223E-13
8.954E+01  9.425E-23  2.238E-13
8.872E+01  9.579E-23  2.254E-13
8.790E+01  9.734E-23  2.270E-13
8.710E+01  9.888E-23  2.285E-13
8.630E+01  1.004E-22  2.299E-13
8.551E+01  1.020E-22  2.314E-13
8.472E+01  1.036E-22  2.328E-13
8.395E+01  1.051E-22  2.341E-13
8.318E+01  1.067E-22  2.355E-13
8.241E+01  1.083E-22  2.367E-13
8.166E+01  1.099E-22  2.380E-13
8.091E+01  1.115E-22  2.393E-13
8.017E+01  1.131E-22  2.404E-13
7.943E+01  1.147E-22  2.416E-13
7.870E+01  1.162E-22  2.427E-13
7.798E+01  1.178E-22  2.437E-13
7.727E+01  1.194E-22  2.448E-13
7.656E+01  1.210E-22  2.457E-13
7.586E+01  1.226E-22  2.467E-13
7.516E+01  1.242E-22  2.475E-13
7.447E+01  1.257E-22  2.484E-13
7.379E+01  1.273E-22  2.491E-13
7.311E+01  1.288E-22  2.498E-13
7.244E+01  1.304E-22  2.505E-13
7.178E+01  1.319E-22  2.511E-13
7.112E+01  1.334E-22  2.517E-13
7.047E+01  1.349E-22  2.523E-13
6.982E+01  1.365E-22  2.528E-13
6.918E+01  1.380E-22  2.533E-13
6.855E+01  1.395E-22  2.537E-13
6.792E+01  1.410E-22  2.540E-13
6.730E+01  1.425E-22  2.544E-13
6.668E+01  1.440E-22  2.546E-13
6.607E+01  1.454E-22  2.549E-13
6.546E+01  1.469E-22  2.551E-13
6.486E+01  1.483E-22  2.552E-13
6.427E+01  1.498E-22  2.553E-13
6.368E+01  1.512E-22  2.554E-13
6.310E+01  1.526E-22  2.554E-13
6.252E+01  1.540E-22  2.554E-13
6.194E+01  1.554E-22  2.553E-13
6.138E+01  1.568E-22  2.552E-13
6.081E+01  1.582E-22  2.551E-13
6.026E+01  1.595E-22  2.549E-13
5.970E+01  1.608E-22  2.547E-13
5.916E+01  1.622E-22  2.545E-13
5.861E+01  1.635E-22  2.542E-13
5.808E+01  1.648E-22  2.538E-13
5.754E+01  1.661E-22  2.535E-13
5.702E+01  1.673E-22  2.531E-13
5.649E+01  1.686E-22  2.527E-13
5.598E+01  1.699E-22  2.522E-13
5.546E+01  1.711E-22  2.517E-13
5.495E+01  1.723E-22  2.512E-13
5.445E+01  1.736E-22  2.507E-13
5.395E+01  1.748E-22  2.501E-13
5.346E+01  1.760E-22  2.496E-13
5.297E+01  1.772E-22  2.490E-13
5.248E+01  1.784E-22  2.483E-13
5.200E+01  1.796E-22  2.477E-13
5.152E+01  1.807E-22  2.470E-13
5.105E+01  1.819E-22  2.463E-13
5.058E+01  1.830E-22  2.456E-13
5.012E+01  1.841E-22  2.448E-13
4.966E+01  1.853E-22  2.440E-13
4.920E+01  1.864E-22  2.432E-13
4.875E+01  1.875E-22  2.424E-13
4.831E+01  1.886E-22  2.416E-13
4.786E+01  1.897E-22  2.408E-13
4.742E+01  1.907E-22  2.399E-13
4.699E+01  1.918E-22  2.391E-13
4.656E+01  1.929E-22  2.382E-13
4.613E+01  1.939E-22  2.373E-13
4.571E+01  1.950E-22  2.364E-13
4.529E+01  1.960E-22  2.354E-13
4.487E+01  1.970E-22  2.345E-13
4.446E+01  1.980E-22  2.335E-13
4.406E+01  1.990E-22  2.325E-13
4.365E+01  1.999E-22  2.315E-13
4.325E+01  2.009E-22  2.304E-13
4.285E+01  2.017E-22  2.293E-13
4.246E+01  2.026E-22  2.282E-13
4.207E+01  2.034E-22  2.270E-13
4.169E+01  2.042E-22  2.258E-13
4.130E+01  2.049E-22  2.245E-13
4.093E+01  2.056E-22  2.232E-13
4.055E+01  2.062E-22  2.218E-13
4.018E+01  2.067E-22  2.203E-13
3.981E+01  2.071E-22  2.187E-13
3.945E+01  2.074E-22  2.170E-13
3.908E+01  2.077E-22  2.153E-13
3.873E+01  2.078E-22  2.134E-13
3.837E+01  2.078E-22  2.115E-13
3.802E+01  2.076E-22  2.094E-13
3.767E+01  2.073E-22  2.072E-13
3.733E+01  2.069E-22  2.048E-13
3.698E+01  2.062E-22  2.023E-13
3.664E+01  2.054E-22  1.996E-13
3.631E+01  2.044E-22  1.968E-13
3.597E+01  2.031E-22  1.938E-13
3.565E+01  2.017E-22  1.907E-13
3.532E+01  2.001E-22  1.874E-13
3.499E+01  1.982E-22  1.840E-13
3.467E+01  1.961E-22  1.804E-13
3.436E+01  1.938E-22  1.766E-13
3.404E+01  1.912E-22  1.727E-13
3.373E+01  1.885E-22  1.686E-13
3.342E+01  1.855E-22  1.644E-13
3.311E+01  1.823E-22  1.601E-13
3.281E+01  1.789E-22  1.557E-13
3.251E+01  1.753E-22  1.511E-13
3.221E+01  1.715E-22  1.465E-13
3.192E+01  1.676E-22  1.418E-13
3.162E+01  1.635E-22  1.371E-13
3.133E+01  1.593E-22  1.324E-13
3.105E+01  1.549E-22  1.276E-13
3.076E+01  1.506E-22  1.229E-13
3.048E+01  1.461E-22  1.181E-13
3.020E+01  1.417E-22  1.135E-13
2.992E+01  1.372E-22  1.089E-13
2.965E+01  1.327E-22  1.044E-13
2.938E+01  1.283E-22  9.994E-14
2.911E+01  1.239E-22  9.563E-14
2.884E+01  1.195E-22  9.145E-14
2.858E+01  1.153E-22  8.739E-14
2.831E+01  1.111E-22  8.348E-14
2.805E+01  1.071E-22  7.971E-14
2.780E+01  1.032E-22  7.610E-14
2.754E+01  9.941E-23  7.263E-14
2.729E+01  9.575E-23  6.931E-14
2.704E+01  9.224E-23  6.616E-14
2.679E+01  8.886E-23  6.315E-14
2.655E+01  8.562E-23  6.029E-14
2.630E+01  8.253E-23  5.758E-14
2.606E+01  7.957E-23  5.501E-14
2.582E+01  7.675E-23  5.257E-14
2.559E+01  7.408E-23  5.028E-14
2.535E+01  7.153E-23  4.810E-14
2.512E+01  6.912E-23  4.606E-14
2.489E+01  6.683E-23  4.412E-14
2.466E+01  6.466E-23  4.230E-14
2.443E+01  6.261E-23  4.058E-14
2.421E+01  6.066E-23  3.896E-14
2.399E+01  5.881E-23  3.742E-14
2.377E+01  5.707E-23  3.598E-14
2.355E+01  5.545E-23  3.464E-14
2.333E+01  5.392E-23  3.337E-14
2.312E+01  5.246E-23  3.217E-14
2.291E+01  5.109E-23  3.104E-14
2.270E+01  4.982E-23  3.000E-14
2.249E+01  4.866E-23  2.903E-14
2.228E+01  4.758E-23  2.813E-14
2.208E+01  4.656E-23  2.727E-14
2.188E+01  4.559E-23  2.645E-14
2.168E+01  4.466E-23  2.568E-14
2.148E+01  4.381E-23  2.496E-14
2.128E+01  4.303E-23  2.429E-14
2.109E+01  4.231E-23  2.367E-14
2.089E+01  4.165E-23  2.308E-14
2.070E+01  4.103E-23  2.253E-14
2.051E+01  4.046E-23  2.201E-14
2.032E+01  3.995E-23  2.153E-14
2.014E+01  3.952E-23  2.111E-14
1.995E+01  3.913E-23  2.071E-14
1.977E+01  3.879E-23  2.034E-14
1.959E+01  3.848E-23  1.999E-14
1.941E+01  3.822E-23  1.968E-14
1.923E+01  3.800E-23  1.938E-14
1.905E+01  3.784E-23  1.913E-14
1.888E+01  3.776E-23  1.891E-14
1.871E+01  3.779E-23  1.875E-14
1.854E+01  3.796E-23  1.866E-14
1.837E+01  3.838E-23  1.869E-14
1.820E+01  3.925E-23  1.894E-14
1.803E+01  4.133E-23  1.977E-14
1.786E+01  4.498E-23  2.131E-14
1.770E+01  4.480E-23  2.103E-14
1.754E+01  4.840E-23  2.252E-14
1.738E+01  5.880E-23  2.710E-14
1.722E+01  5.455E-23  2.491E-14
1.706E+01  5.405E-23  2.446E-14
1.690E+01  5.247E-23  2.353E-14
1.675E+01  5.005E-23  2.224E-14
1.660E+01  5.141E-23  2.263E-14
1.644E+01  6.157E-23  2.686E-14
1.629E+01  4.567E-23  1.974E-14
1.614E+01  4.028E-23  1.725E-14
1.600E+01  4.152E-23  1.762E-14
1.585E+01  4.138E-23  1.740E-14
1.570E+01  3.545E-23  1.477E-14
1.556E+01  3.259E-23  1.345E-14
1.542E+01  3.117E-23  1.275E-14
1.528E+01  3.028E-23  1.227E-14
1.514E+01  2.965E-23  1.190E-14
1.500E+01  2.919E-23  1.161E-14
1.486E+01  2.885E-23  1.137E-14
1.472E+01  2.868E-23  1.120E-14
1.459E+01  2.876E-23  1.113E-14
1.445E+01  2.935E-23  1.125E-14
1.432E+01  3.110E-23  1.182E-14
1.419E+01  3.304E-23  1.244E-14
1.406E+01  3.110E-23  1.160E-14
1.393E+01  2.962E-23  1.095E-14
1.380E+01  3.001E-23  1.099E-14
1.368E+01  3.286E-23  1.192E-14
1.355E+01  3.403E-23  1.223E-14
1.343E+01  3.150E-23  1.122E-14
1.330E+01  3.156E-23  1.114E-14
1.318E+01  3.339E-23  1.168E-14
1.306E+01  3.702E-23  1.283E-14
1.294E+01  4.332E-23  1.487E-14
1.282E+01  5.344E-23  1.818E-14
1.271E+01  6.601E-23  2.225E-14
1.259E+01  7.142E-23  2.385E-14
1.247E+01  6.414E-23  2.122E-14
1.236E+01  5.519E-23  1.809E-14
1.225E+01  5.145E-23  1.671E-14
1.213E+01  5.245E-23  1.688E-14
1.202E+01  5.431E-23  1.732E-14
1.191E+01  5.238E-23  1.655E-14
1.180E+01  4.822E-23  1.510E-14
1.169E+01  4.686E-23  1.454E-14
1.159E+01  5.206E-23  1.600E-14
1.148E+01  6.955E-23  2.118E-14
1.138E+01  1.064E-22  3.211E-14
1.127E+01  1.481E-22  4.427E-14
1.117E+01  1.011E-22  2.994E-14
1.107E+01  5.347E-23  1.570E-14
1.096E+01  3.653E-23  1.062E-14
1.086E+01  2.853E-23  8.221E-15
1.076E+01  2.414E-23  6.892E-15
1.067E+01  2.147E-23  6.074E-15
1.057E+01  1.972E-23  5.529E-15
1.047E+01  1.852E-23  5.145E-15
1.038E+01  1.767E-23  4.862E-15
1.028E+01  1.704E-23  4.647E-15
1.019E+01  1.658E-23  4.480E-15
1.009E+01  1.626E-23  4.353E-15
1.000E+01  1.605E-23  4.258E-15
9.908E+00  1.595E-23  4.191E-15
9.817E+00  1.594E-23  4.152E-15
9.727E+00  1.604E-23  4.138E-15
9.638E+00  1.623E-23  4.150E-15
9.550E+00  1.654E-23  4.189E-15
9.462E+00  1.697E-23  4.259E-15
9.376E+00  1.755E-23  4.366E-15
9.290E+00  1.835E-23  4.521E-15
9.204E+00  1.943E-23  4.745E-15
9.120E+00  2.095E-23  5.069E-15
9.036E+00  2.315E-23  5.549E-15
8.954E+00  2.646E-23  6.285E-15
8.872E+00  3.172E-23  7.464E-15
8.790E+00  4.033E-23  9.405E-15
8.710E+00  5.348E-23  1.236E-14
8.630E+00  6.571E-23  1.504E-14
8.551E+00  6.407E-23  1.453E-14
8.472E+00  5.544E-23  1.246E-14
8.395E+00  5.101E-23  1.136E-14
8.318E+00  5.066E-23  1.118E-14
8.241E+00  5.282E-23  1.155E-14
8.166E+00  5.838E-23  1.265E-14
8.091E+00  6.904E-23  1.482E-14
8.017E+00  8.610E-23  1.831E-14
7.943E+00  1.086E-22  2.289E-14
7.870E+00  1.291E-22  2.695E-14
7.798E+00  1.386E-22  2.867E-14
7.727E+00  1.440E-22  2.951E-14
7.656E+00  1.538E-22  3.123E-14
7.586E+00  1.516E-22  3.051E-14
7.516E+00  1.250E-22  2.493E-14
7.447E+00  9.460E-23  1.869E-14
7.379E+00  7.266E-23  1.422E-14
7.311E+00  5.808E-23  1.126E-14
7.244E+00  4.801E-23  9.225E-15
7.178E+00  4.071E-23  7.751E-15
7.112E+00  3.533E-23  6.665E-15
7.047E+00  3.142E-23  5.873E-15
6.982E+00  2.876E-23  5.327E-15
6.918E+00  2.722E-23  4.996E-15
6.855E+00  2.667E-23  4.849E-15
6.792E+00  2.682E-23  4.831E-15
6.730E+00  2.706E-23  4.831E-15
6.668E+00  2.670E-23  4.723E-15
6.607E+00  2.577E-23  4.516E-15
6.546E+00  2.518E-23  4.372E-15
6.486E+00  2.613E-23  4.495E-15
6.427E+00  3.013E-23  5.136E-15
6.368E+00  4.018E-23  6.788E-15
6.310E+00  6.315E-23  1.057E-14
6.252E+00  1.027E-22  1.703E-14
6.194E+00  1.046E-22  1.718E-14
6.138E+00  6.274E-23  1.021E-14
6.081E+00  3.674E-23  5.927E-15
6.026E+00  2.463E-23  3.937E-15
5.970E+00  1.886E-23  2.986E-15
5.916E+00  1.624E-23  2.549E-15
5.861E+00  1.572E-23  2.444E-15
5.808E+00  1.716E-23  2.644E-15
5.754E+00  2.035E-23  3.106E-15
5.702E+00  2.220E-23  3.358E-15
5.649E+00  1.892E-23  2.836E-15
5.598E+00  1.409E-23  2.092E-15
5.546E+00  1.075E-23  1.581E-15
5.495E+00  8.797E-24  1.282E-15
5.445E+00  7.743E-24  1.118E-15
5.395E+00  7.356E-24  1.053E-15
5.346E+00  7.715E-24  1.094E-15
5.297E+00  9.089E-24  1.277E-15
5.248E+00  1.010E-23  1.405E-15
5.200E+00  8.164E-24  1.126E-15
5.152E+00  6.157E-24  8.414E-16
5.105E+00  5.055E-24  6.845E-16
5.058E+00  4.440E-24  5.957E-16
5.012E+00  4.055E-24  5.391E-16
4.966E+00  3.788E-24  4.990E-16
4.920E+00  3.589E-24  4.684E-16
4.875E+00  3.432E-24  4.438E-16
4.831E+00  3.303E-24  4.232E-16
4.786E+00  3.195E-24  4.056E-16
4.742E+00  3.102E-24  3.902E-16
4.699E+00  3.021E-24  3.765E-16
4.656E+00  2.949E-24  3.642E-16
4.613E+00  2.885E-24  3.531E-16
4.571E+00  2.828E-24  3.429E-16
4.529E+00  2.776E-24  3.335E-16
4.487E+00  2.729E-24  3.249E-16
4.446E+00  2.686E-24  3.168E-16
4.406E+00  2.647E-24  3.094E-16
4.365E+00  2.612E-24  3.024E-16
4.325E+00  2.579E-24  2.959E-16
4.285E+00  2.549E-24  2.898E-16
4.246E+00  2.522E-24  2.840E-16
4.207E+00  2.497E-24  2.786E-16
4.169E+00  2.474E-24  2.736E-16
4.130E+00  2.454E-24  2.689E-16
4.093E+00  2.436E-24  2.645E-16
4.055E+00  2.420E-24  2.603E-16
4.018E+00  2.407E-24  2.565E-16
3.981E+00  2.396E-24  2.530E-16
3.945E+00  2.388E-24  2.499E-16
3.908E+00  2.383E-24  2.471E-16
3.873E+00  2.382E-24  2.447E-16
3.837E+00  2.385E-24  2.427E-16
3.802E+00  2.393E-24  2.413E-16
3.767E+00  2.407E-24  2.405E-16
3.733E+00  2.429E-24  2.405E-16
3.698E+00  2.461E-24  2.414E-16
3.664E+00  2.507E-24  2.436E-16
3.631E+00  2.571E-24  2.476E-16
3.597E+00  2.662E-24  2.540E-16
3.565E+00  2.793E-24  2.641E-16
3.532E+00  2.985E-24  2.797E-16
3.499E+00  3.279E-24  3.044E-16
3.467E+00  3.754E-24  3.453E-16
3.436E+00  4.587E-24  4.180E-16
3.404E+00  6.230E-24  5.626E-16
3.373E+00  1.016E-23  9.086E-16
3.342E+00  2.316E-23  2.053E-15
3.311E+00  8.764E-23  7.698E-15
3.281E+00  5.984E-23  5.208E-15
3.251E+00  1.708E-23  1.473E-15
3.221E+00  8.147E-24  6.961E-16
3.192E+00  5.192E-24  4.395E-16
3.162E+00  3.886E-24  3.260E-16
3.133E+00  3.199E-24  2.659E-16
3.105E+00  2.793E-24  2.300E-16
3.076E+00  2.531E-24  2.066E-16
3.048E+00  2.352E-24  1.902E-16
3.020E+00  2.223E-24  1.781E-16
2.992E+00  2.126E-24  1.687E-16
2.965E+00  2.050E-24  1.612E-16
2.938E+00  1.989E-24  1.550E-16
2.911E+00  1.939E-24  1.497E-16
2.884E+00  1.896E-24  1.450E-16
2.858E+00  1.859E-24  1.409E-16
2.831E+00  1.827E-24  1.372E-16
2.805E+00  1.798E-24  1.338E-16
2.780E+00  1.771E-24  1.306E-16
2.754E+00  1.747E-24  1.277E-16
2.729E+00  1.725E-24  1.249E-16
2.704E+00  1.704E-24  1.222E-16
2.679E+00  1.684E-24  1.197E-16
2.655E+00  1.665E-24  1.172E-16
2.630E+00  1.646E-24  1.149E-16
2.606E+00  1.629E-24  1.126E-16
2.582E+00  1.611E-24  1.104E-16
2.559E+00  1.595E-24  1.082E-16
2.535E+00  1.578E-24  1.061E-16
2.512E+00  1.562E-24  1.041E-16
2.489E+00  1.546E-24  1.021E-16
2.466E+00  1.530E-24  1.001E-16
2.443E+00  1.514E-24  9.813E-17
2.421E+00  1.498E-24  9.621E-17
2.399E+00  1.483E-24  9.435E-17
2.377E+00  1.467E-24  9.251E-17
2.355E+00  1.452E-24  9.071E-17
2.333E+00  1.437E-24  8.894E-17
2.312E+00  1.422E-24  8.719E-17
2.291E+00  1.407E-24  8.547E-17
2.270E+00  1.391E-24  8.377E-17
2.249E+00  1.376E-24  8.209E-17
2.228E+00  1.360E-24  8.042E-17
2.208E+00  1.345E-24  7.876E-17
2.188E+00  1.329E-24  7.710E-17
2.168E+00  1.312E-24  7.545E-17
2.148E+00  1.295E-24  7.379E-17
2.128E+00  1.277E-24  7.211E-17
2.109E+00  1.259E-24  7.040E-17
2.089E+00  1.239E-24  6.866E-17
2.070E+00  1.218E-24  6.686E-17
2.051E+00  1.194E-24  6.498E-17
2.032E+00  1.169E-24  6.300E-17
2.014E+00  1.140E-24  6.089E-17
1.995E+00  1.108E-24  5.863E-17
1.977E+00  1.072E-24  5.622E-17
1.959E+00  1.034E-24  5.373E-17
1.941E+00  9.972E-25  5.134E-17
1.923E+00  9.682E-25  4.939E-17
1.905E+00  9.541E-25  4.822E-17
1.888E+00  9.573E-25  4.794E-17
1.871E+00  9.726E-25  4.826E-17
1.854E+00  9.919E-25  4.877E-17
1.837E+00  1.009E-24  4.916E-17
1.820E+00  1.021E-24  4.930E-17
1.803E+00  1.029E-24  4.920E-17
1.786E+00  1.032E-24  4.891E-17
1.770E+00  1.032E-24  4.846E-17
1.754E+00  1.030E-24  4.790E-17
1.738E+00  1.026E-24  4.727E-17
1.722E+00  1.020E-24  4.659E-17
1.706E+00  1.014E-24  4.589E-17
1.690E+00  1.007E-24  4.516E-17
1.675E+00  1.000E-24  4.443E-17
1.660E+00  9.927E-25  4.370E-17
1.644E+00  9.853E-25  4.297E-17
1.629E+00  9.778E-25  4.226E-17
1.614E+00  9.706E-25  4.156E-17
1.600E+00  9.637E-25  4.089E-17
1.585E+00  9.572E-25  4.024E-17
1.570E+00  9.512E-25  3.962E-17
1.556E+00  9.458E-25  3.904E-17
1.542E+00  9.411E-25  3.849E-17
1.528E+00  9.374E-25  3.798E-17
1.514E+00  9.347E-25  3.753E-17
1.500E+00  9.332E-25  3.712E-17
1.486E+00  9.331E-25  3.678E-17
1.472E+00  9.348E-25  3.651E-17
1.459E+00  9.384E-25  3.631E-17
1.445E+00  9.444E-25  3.621E-17
1.432E+00  9.533E-25  3.622E-17
1.419E+00  9.655E-25  3.634E-17
1.406E+00  9.818E-25  3.662E-17
1.393E+00  1.003E-24  3.706E-17
1.380E+00  1.030E-24  3.771E-17
1.368E+00  1.064E-24  3.859E-17
1.355E+00  1.106E-24  3.975E-17
1.343E+00  1.157E-24  4.120E-17
1.330E+00  1.218E-24  4.297E-17
1.318E+00  1.287E-24  4.499E-17
1.306E+00  1.360E-24  4.713E-17
1.294E+00  1.430E-24  4.908E-17
1.282E+00  1.480E-24  5.036E-17
1.271E+00  1.495E-24  5.040E-17
1.259E+00  1.462E-24  4.883E-17
1.247E+00  1.382E-24  4.573E-17
1.236E+00  1.270E-24  4.164E-17
1.225E+00  1.147E-24  3.727E-17
1.213E+00  1.031E-24  3.320E-17
1.202E+00  9.312E-25  2.970E-17
1.191E+00  8.499E-25  2.686E-17
1.180E+00  7.868E-25  2.463E-17
1.169E+00  7.403E-25  2.297E-17
1.159E+00  7.085E-25  2.178E-17
1.148E+00  6.904E-25  2.103E-17
1.138E+00  6.859E-25  2.070E-17
1.127E+00  6.963E-25  2.082E-17
1.117E+00  7.245E-25  2.147E-17
1.107E+00  7.764E-25  2.279E-17
1.096E+00  8.610E-25  2.504E-17
1.086E+00  9.917E-25  2.858E-17
1.076E+00  1.182E-24  3.375E-17
1.067E+00  1.420E-24  4.018E-17
1.057E+00  1.611E-24  4.517E-17
1.047E+00  1.579E-24  4.386E-17
1.038E+00  1.309E-24  3.602E-17
1.028E+00  9.905E-25  2.701E-17
1.019E+00  7.436E-25  2.009E-17
1.009E+00  5.764E-25  1.543E-17
1.000E+00  4.656E-25  1.235E-17
