Dust emission from Draine & Li (2007): ApJ 657, 810-837
==========================================================
         2 = grain model
 4.000E-08 4.000E-01 7.500E-06 = a_01 (cm) , sigma_1 , b_C1/0.92
 2.000E-07 5.500E-01 2.500E-06 = a_02 (cm) , sigma_2 , b_C2/0.92
 1.000E+01 1.000E+06 2.000E+00 = Umin , Umax, beta (dN/dU propto U^{-beta})
 1.151E+02 = <U> 
     mmp83 = radfield
 5.089E-22 = power/H (erg s-1)
 band   nu*P_nu(band) j_nu(band)
 (um)   (erg s-1 H-1)(Jy cm2 sr-1 H-1)
1.270E+00  4.975E-25  1.676E-17 COBE-DIRBE
2.220E+00  6.604E-25  3.889E-17 COBE-DIRBE
3.530E+00  5.117E-24  4.792E-16 COBE-DIRBE
4.880E+00  6.428E-24  8.321E-16 COBE-DIRBE
1.229E+01  7.678E-23  2.503E-14 COBE-DIRBE
2.079E+01  1.613E-22  8.895E-14 COBE-DIRBE
5.599E+01  2.268E-22  3.368E-13 COBE-DIRBE
9.770E+01  9.268E-23  2.402E-13 COBE-DIRBE
1.479E+02  3.556E-23  1.395E-13 COBE-DIRBE
2.479E+02  6.652E-24  4.373E-14 COBE-DIRBE
1.200E+01  7.318E-23  2.329E-14 IRAS
2.500E+01  2.024E-22  1.342E-13 IRAS
6.000E+01  2.132E-22  3.393E-13 IRAS
1.000E+02  8.767E-23  2.325E-13 IRAS
3.550E+00  5.856E-24  5.515E-16 SST-IRAC
4.493E+00  4.360E-24  5.196E-16 SST-IRAC
5.731E+00  2.456E-23  3.734E-15 SST-IRAC
7.872E+00  7.139E-23  1.491E-14 SST-IRAC
2.368E+01  1.910E-22  1.200E-13 SST-MIPS
7.142E+01  1.463E-22  2.771E-13 SST-MIPS
1.559E+02  2.766E-23  1.144E-13 SST-MIPS
1.600E+01  1.005E-22  4.265E-14 SST-IRSPU
2.200E+01  1.859E-22  1.085E-13 SST-IRSPU
7.500E+01  1.268E-22  2.523E-13 Herschel-PACS
1.100E+02  6.194E-23  1.807E-13 Herschel-PACS
1.700E+02  2.107E-23  9.503E-14 Herschel-PACS
2.500E+02  5.406E-24  3.585E-14 Herschel-SPIRE
3.600E+02  1.210E-24  1.156E-14 Herschel-SPIRE
5.200E+02  2.579E-25  3.557E-15 Herschel-SPIRE
2.400E+00  7.993E-25  5.088E-17 Akari IRC NIR N2
3.200E+00  3.813E-24  3.236E-16 Akari IRC NIR N3
4.100E+00  4.287E-24  4.662E-16 Akari IRC NIR N4
7.000E+00  7.232E-23  1.343E-14 Akari IRC MIR-S S7
9.000E+00  6.826E-23  1.629E-14 Akari IRC MIR-S S9W
1.100E+01  6.883E-23  2.008E-14 Akari IRC MIR-S S11
1.500E+01  1.062E-22  4.226E-14 Akari IRC MIR-L L15
1.800E+01  1.428E-22  6.819E-14 Akari IRC MIR-L L18W
2.400E+01  1.870E-22  1.190E-13 Akari IRC MIR-L L24
6.500E+01  1.787E-22  3.081E-13 Akari FIS N60
8.000E+01  1.195E-22  2.536E-13 Akari FIS WIDE-S
1.400E+02  3.515E-23  1.305E-13 Akari FIS WIDE-L
1.600E+02  2.527E-23  1.073E-13 Akari FIS N160
 
 
 
 


lambda    nu*dP/dnu     j_nu
 (um)   (erg s-1 H-1)(Jy cm2 sr-1 H-1)
1.000E+04  9.671E-31  2.565E-19
9.908E+03  1.003E-30  2.635E-19
9.817E+03  1.039E-30  2.707E-19
9.727E+03  1.078E-30  2.781E-19
9.638E+03  1.117E-30  2.857E-19
9.550E+03  1.158E-30  2.934E-19
9.462E+03  1.201E-30  3.014E-19
9.376E+03  1.245E-30  3.097E-19
9.290E+03  1.291E-30  3.181E-19
9.204E+03  1.338E-30  3.268E-19
9.120E+03  1.388E-30  3.357E-19
9.036E+03  1.439E-30  3.448E-19
8.954E+03  1.491E-30  3.542E-19
8.872E+03  1.546E-30  3.638E-19
8.790E+03  1.603E-30  3.737E-19
8.710E+03  1.661E-30  3.838E-19
8.630E+03  1.722E-30  3.942E-19
8.551E+03  1.785E-30  4.049E-19
8.472E+03  1.851E-30  4.160E-19
8.395E+03  1.919E-30  4.273E-19
8.318E+03  1.989E-30  4.389E-19
8.241E+03  2.063E-30  4.509E-19
8.166E+03  2.138E-30  4.632E-19
8.091E+03  2.217E-30  4.759E-19
8.017E+03  2.299E-30  4.889E-19
7.943E+03  2.384E-30  5.022E-19
7.870E+03  2.472E-30  5.160E-19
7.798E+03  2.563E-30  5.301E-19
7.727E+03  2.658E-30  5.447E-19
7.656E+03  2.756E-30  5.596E-19
7.586E+03  2.858E-30  5.750E-19
7.516E+03  2.963E-30  5.908E-19
7.447E+03  3.073E-30  6.071E-19
7.379E+03  3.187E-30  6.238E-19
7.311E+03  3.305E-30  6.410E-19
7.244E+03  3.428E-30  6.587E-19
7.178E+03  3.555E-30  6.769E-19
7.112E+03  3.687E-30  6.956E-19
7.047E+03  3.824E-30  7.148E-19
6.982E+03  3.966E-30  7.346E-19
6.918E+03  4.113E-30  7.549E-19
6.855E+03  4.266E-30  7.758E-19
6.792E+03  4.425E-30  7.972E-19
6.730E+03  4.590E-30  8.193E-19
6.668E+03  4.761E-30  8.420E-19
6.607E+03  4.938E-30  8.654E-19
6.546E+03  5.122E-30  8.894E-19
6.486E+03  5.313E-30  9.142E-19
6.427E+03  5.512E-30  9.396E-19
6.368E+03  5.718E-30  9.658E-19
6.310E+03  5.931E-30  9.927E-19
6.252E+03  6.153E-30  1.020E-18
6.194E+03  6.384E-30  1.049E-18
6.138E+03  6.623E-30  1.078E-18
6.081E+03  6.871E-30  1.108E-18
6.026E+03  7.129E-30  1.139E-18
5.970E+03  7.397E-30  1.171E-18
5.916E+03  7.674E-30  1.204E-18
5.861E+03  7.963E-30  1.238E-18
5.808E+03  8.262E-30  1.273E-18
5.754E+03  8.573E-30  1.309E-18
5.702E+03  8.896E-30  1.345E-18
5.649E+03  9.231E-30  1.383E-18
5.598E+03  9.579E-30  1.422E-18
5.546E+03  9.941E-30  1.462E-18
5.495E+03  1.032E-29  1.504E-18
5.445E+03  1.071E-29  1.546E-18
5.395E+03  1.111E-29  1.590E-18
5.346E+03  1.153E-29  1.635E-18
5.297E+03  1.197E-29  1.681E-18
5.248E+03  1.242E-29  1.729E-18
5.200E+03  1.289E-29  1.778E-18
5.152E+03  1.338E-29  1.829E-18
5.105E+03  1.389E-29  1.881E-18
5.058E+03  1.441E-29  1.934E-18
5.012E+03  1.496E-29  1.989E-18
4.966E+03  1.553E-29  2.046E-18
4.920E+03  1.612E-29  2.104E-18
4.875E+03  1.673E-29  2.164E-18
4.831E+03  1.737E-29  2.226E-18
4.786E+03  1.803E-29  2.289E-18
4.742E+03  1.872E-29  2.355E-18
4.699E+03  1.943E-29  2.422E-18
4.656E+03  2.017E-29  2.491E-18
4.613E+03  2.094E-29  2.563E-18
4.571E+03  2.174E-29  2.636E-18
4.529E+03  2.257E-29  2.712E-18
4.487E+03  2.344E-29  2.790E-18
4.446E+03  2.434E-29  2.870E-18
4.406E+03  2.527E-29  2.953E-18
4.365E+03  2.624E-29  3.038E-18
4.325E+03  2.724E-29  3.126E-18
4.285E+03  2.829E-29  3.216E-18
4.246E+03  2.938E-29  3.309E-18
4.207E+03  3.050E-29  3.404E-18
4.169E+03  3.168E-29  3.503E-18
4.130E+03  3.290E-29  3.604E-18
4.093E+03  3.416E-29  3.709E-18
4.055E+03  3.548E-29  3.816E-18
4.018E+03  3.685E-29  3.927E-18
3.981E+03  3.827E-29  4.041E-18
3.945E+03  3.974E-29  4.159E-18
3.908E+03  4.128E-29  4.279E-18
3.873E+03  4.287E-29  4.404E-18
3.837E+03  4.453E-29  4.532E-18
3.802E+03  4.625E-29  4.664E-18
3.767E+03  4.804E-29  4.800E-18
3.733E+03  4.990E-29  4.941E-18
3.698E+03  5.183E-29  5.085E-18
3.664E+03  5.384E-29  5.234E-18
3.631E+03  5.594E-29  5.387E-18
3.597E+03  5.811E-29  5.545E-18
3.565E+03  6.037E-29  5.708E-18
3.532E+03  6.272E-29  5.876E-18
3.499E+03  6.516E-29  6.048E-18
3.467E+03  6.770E-29  6.226E-18
3.436E+03  7.034E-29  6.410E-18
3.404E+03  7.308E-29  6.599E-18
3.373E+03  7.594E-29  6.794E-18
3.342E+03  7.890E-29  6.995E-18
3.311E+03  8.199E-29  7.202E-18
3.281E+03  8.520E-29  7.415E-18
3.251E+03  8.854E-29  7.635E-18
3.221E+03  9.201E-29  7.861E-18
3.192E+03  9.561E-29  8.094E-18
3.162E+03  9.937E-29  8.335E-18
3.133E+03  1.033E-28  8.583E-18
3.105E+03  1.073E-28  8.839E-18
3.076E+03  1.115E-28  9.102E-18
3.048E+03  1.159E-28  9.373E-18
3.020E+03  1.205E-28  9.653E-18
2.992E+03  1.252E-28  9.941E-18
2.965E+03  1.302E-28  1.024E-17
2.938E+03  1.353E-28  1.054E-17
2.911E+03  1.406E-28  1.086E-17
2.884E+03  1.462E-28  1.118E-17
2.858E+03  1.519E-28  1.152E-17
2.831E+03  1.579E-28  1.186E-17
2.805E+03  1.642E-28  1.222E-17
2.780E+03  1.706E-28  1.258E-17
2.754E+03  1.774E-28  1.296E-17
2.729E+03  1.844E-28  1.335E-17
2.704E+03  1.917E-28  1.375E-17
2.679E+03  1.993E-28  1.416E-17
2.655E+03  2.072E-28  1.459E-17
2.630E+03  2.154E-28  1.503E-17
2.606E+03  2.240E-28  1.549E-17
2.582E+03  2.329E-28  1.595E-17
2.559E+03  2.422E-28  1.644E-17
2.535E+03  2.518E-28  1.693E-17
2.512E+03  2.618E-28  1.745E-17
2.489E+03  2.723E-28  1.798E-17
2.466E+03  2.831E-28  1.852E-17
2.443E+03  2.944E-28  1.908E-17
2.421E+03  3.062E-28  1.966E-17
2.399E+03  3.184E-28  2.026E-17
2.377E+03  3.312E-28  2.088E-17
2.355E+03  3.444E-28  2.152E-17
2.333E+03  3.582E-28  2.217E-17
2.312E+03  3.726E-28  2.285E-17
2.291E+03  3.875E-28  2.355E-17
2.270E+03  4.030E-28  2.427E-17
2.249E+03  4.192E-28  2.501E-17
2.228E+03  4.361E-28  2.578E-17
2.208E+03  4.536E-28  2.657E-17
2.188E+03  4.718E-28  2.738E-17
2.168E+03  4.908E-28  2.822E-17
2.148E+03  5.105E-28  2.909E-17
2.128E+03  5.311E-28  2.998E-17
2.109E+03  5.525E-28  3.090E-17
2.089E+03  5.748E-28  3.185E-17
2.070E+03  5.979E-28  3.283E-17
2.051E+03  6.221E-28  3.385E-17
2.032E+03  6.472E-28  3.489E-17
2.014E+03  6.733E-28  3.596E-17
1.995E+03  7.005E-28  3.707E-17
1.977E+03  7.288E-28  3.822E-17
1.959E+03  7.583E-28  3.940E-17
1.941E+03  7.889E-28  4.062E-17
1.923E+03  8.208E-28  4.187E-17
1.905E+03  8.541E-28  4.317E-17
1.888E+03  8.887E-28  4.450E-17
1.871E+03  9.247E-28  4.588E-17
1.854E+03  9.621E-28  4.731E-17
1.837E+03  1.001E-27  4.877E-17
1.820E+03  1.042E-27  5.029E-17
1.803E+03  1.084E-27  5.185E-17
1.786E+03  1.128E-27  5.346E-17
1.770E+03  1.174E-27  5.512E-17
1.754E+03  1.222E-27  5.683E-17
1.738E+03  1.271E-27  5.860E-17
1.722E+03  1.323E-27  6.043E-17
1.706E+03  1.377E-27  6.231E-17
1.690E+03  1.433E-27  6.425E-17
1.675E+03  1.491E-27  6.625E-17
1.660E+03  1.552E-27  6.832E-17
1.644E+03  1.615E-27  7.045E-17
1.629E+03  1.681E-27  7.265E-17
1.614E+03  1.750E-27  7.492E-17
1.600E+03  1.821E-27  7.726E-17
1.585E+03  1.895E-27  7.967E-17
1.570E+03  1.972E-27  8.216E-17
1.556E+03  2.053E-27  8.473E-17
1.542E+03  2.137E-27  8.738E-17
1.528E+03  2.224E-27  9.012E-17
1.514E+03  2.315E-27  9.294E-17
1.500E+03  2.409E-27  9.584E-17
1.486E+03  2.508E-27  9.885E-17
1.472E+03  2.610E-27  1.019E-16
1.459E+03  2.717E-27  1.051E-16
1.445E+03  2.828E-27  1.084E-16
1.432E+03  2.944E-27  1.118E-16
1.419E+03  3.065E-27  1.154E-16
1.406E+03  3.190E-27  1.190E-16
1.393E+03  3.321E-27  1.227E-16
1.380E+03  3.457E-27  1.266E-16
1.368E+03  3.598E-27  1.306E-16
1.355E+03  3.746E-27  1.347E-16
1.343E+03  3.899E-27  1.389E-16
1.330E+03  4.059E-27  1.433E-16
1.318E+03  4.226E-27  1.478E-16
1.306E+03  4.399E-27  1.524E-16
1.294E+03  4.579E-27  1.572E-16
1.282E+03  4.767E-27  1.621E-16
1.271E+03  4.962E-27  1.672E-16
1.259E+03  5.166E-27  1.725E-16
1.247E+03  5.377E-27  1.779E-16
1.236E+03  5.598E-27  1.835E-16
1.225E+03  5.827E-27  1.893E-16
1.213E+03  6.066E-27  1.953E-16
1.202E+03  6.315E-27  2.014E-16
1.191E+03  6.574E-27  2.077E-16
1.180E+03  6.844E-27  2.143E-16
1.169E+03  7.124E-27  2.210E-16
1.159E+03  7.416E-27  2.280E-16
1.148E+03  7.720E-27  2.351E-16
1.138E+03  8.037E-27  2.425E-16
1.127E+03  8.366E-27  2.501E-16
1.117E+03  8.709E-27  2.580E-16
1.107E+03  9.066E-27  2.661E-16
1.096E+03  9.437E-27  2.745E-16
1.086E+03  9.824E-27  2.831E-16
1.076E+03  1.023E-26  2.920E-16
1.067E+03  1.064E-26  3.012E-16
1.057E+03  1.108E-26  3.106E-16
1.047E+03  1.153E-26  3.204E-16
1.038E+03  1.201E-26  3.304E-16
1.028E+03  1.250E-26  3.408E-16
1.019E+03  1.301E-26  3.515E-16
1.009E+03  1.354E-26  3.625E-16
1.000E+03  1.409E-26  3.739E-16
9.908E+02  1.467E-26  3.856E-16
9.817E+02  1.527E-26  3.977E-16
9.727E+02  1.590E-26  4.102E-16
9.638E+02  1.655E-26  4.230E-16
9.550E+02  1.722E-26  4.363E-16
9.462E+02  1.793E-26  4.500E-16
9.376E+02  1.866E-26  4.641E-16
9.290E+02  1.942E-26  4.786E-16
9.204E+02  2.022E-26  4.936E-16
9.120E+02  2.104E-26  5.090E-16
9.036E+02  2.190E-26  5.249E-16
8.954E+02  2.279E-26  5.413E-16
8.872E+02  2.372E-26  5.582E-16
8.790E+02  2.469E-26  5.756E-16
8.710E+02  2.569E-26  5.936E-16
8.630E+02  2.674E-26  6.121E-16
8.551E+02  2.783E-26  6.311E-16
8.472E+02  2.896E-26  6.508E-16
8.395E+02  3.013E-26  6.710E-16
8.318E+02  3.136E-26  6.918E-16
8.241E+02  3.263E-26  7.133E-16
8.166E+02  3.395E-26  7.354E-16
8.091E+02  3.533E-26  7.582E-16
8.017E+02  3.676E-26  7.817E-16
7.943E+02  3.825E-26  8.058E-16
7.870E+02  3.979E-26  8.307E-16
7.798E+02  4.140E-26  8.564E-16
7.727E+02  4.307E-26  8.829E-16
7.656E+02  4.481E-26  9.101E-16
7.586E+02  4.662E-26  9.382E-16
7.516E+02  4.851E-26  9.671E-16
7.447E+02  5.046E-26  9.969E-16
7.379E+02  5.250E-26  1.028E-15
7.311E+02  5.463E-26  1.059E-15
7.244E+02  5.683E-26  1.092E-15
7.178E+02  5.913E-26  1.126E-15
7.112E+02  6.152E-26  1.161E-15
7.047E+02  6.401E-26  1.196E-15
6.982E+02  6.659E-26  1.233E-15
6.918E+02  6.928E-26  1.271E-15
6.855E+02  7.208E-26  1.311E-15
6.792E+02  7.499E-26  1.351E-15
6.730E+02  7.801E-26  1.393E-15
6.668E+02  8.116E-26  1.435E-15
6.607E+02  8.442E-26  1.480E-15
6.546E+02  8.783E-26  1.525E-15
6.486E+02  9.139E-26  1.572E-15
6.427E+02  9.508E-26  1.621E-15
6.368E+02  9.893E-26  1.671E-15
6.310E+02  1.029E-25  1.723E-15
6.252E+02  1.071E-25  1.776E-15
6.194E+02  1.114E-25  1.831E-15
6.138E+02  1.159E-25  1.888E-15
6.081E+02  1.206E-25  1.946E-15
6.026E+02  1.255E-25  2.006E-15
5.970E+02  1.306E-25  2.068E-15
5.916E+02  1.359E-25  2.132E-15
5.861E+02  1.414E-25  2.198E-15
5.808E+02  1.471E-25  2.266E-15
5.754E+02  1.530E-25  2.336E-15
5.702E+02  1.592E-25  2.408E-15
5.649E+02  1.657E-25  2.483E-15
5.598E+02  1.724E-25  2.560E-15
5.546E+02  1.794E-25  2.639E-15
5.495E+02  1.866E-25  2.721E-15
5.445E+02  1.942E-25  2.805E-15
5.395E+02  2.021E-25  2.892E-15
5.346E+02  2.102E-25  2.981E-15
5.297E+02  2.188E-25  3.073E-15
5.248E+02  2.276E-25  3.169E-15
5.200E+02  2.368E-25  3.267E-15
5.152E+02  2.464E-25  3.368E-15
5.105E+02  2.564E-25  3.472E-15
5.058E+02  2.668E-25  3.579E-15
5.012E+02  2.776E-25  3.690E-15
4.966E+02  2.888E-25  3.804E-15
4.920E+02  3.005E-25  3.922E-15
4.875E+02  3.126E-25  4.043E-15
4.831E+02  3.253E-25  4.168E-15
4.786E+02  3.384E-25  4.297E-15
4.742E+02  3.521E-25  4.429E-15
4.699E+02  3.663E-25  4.566E-15
4.656E+02  3.811E-25  4.707E-15
4.613E+02  3.965E-25  4.852E-15
4.571E+02  4.125E-25  5.002E-15
4.529E+02  4.292E-25  5.156E-15
4.487E+02  4.465E-25  5.315E-15
4.446E+02  4.645E-25  5.479E-15
4.406E+02  4.833E-25  5.647E-15
4.365E+02  5.027E-25  5.821E-15
4.325E+02  5.230E-25  6.000E-15
4.285E+02  5.441E-25  6.185E-15
4.246E+02  5.660E-25  6.375E-15
4.207E+02  5.887E-25  6.571E-15
4.169E+02  6.124E-25  6.772E-15
4.130E+02  6.371E-25  6.980E-15
4.093E+02  6.627E-25  7.194E-15
4.055E+02  6.894E-25  7.415E-15
4.018E+02  7.171E-25  7.642E-15
3.981E+02  7.459E-25  7.876E-15
3.945E+02  7.758E-25  8.118E-15
3.908E+02  8.070E-25  8.366E-15
3.873E+02  8.394E-25  8.622E-15
3.837E+02  8.731E-25  8.886E-15
3.802E+02  9.081E-25  9.158E-15
3.767E+02  9.445E-25  9.438E-15
3.733E+02  9.823E-25  9.726E-15
3.698E+02  1.022E-24  1.002E-14
3.664E+02  1.062E-24  1.033E-14
3.631E+02  1.105E-24  1.064E-14
3.597E+02  1.149E-24  1.097E-14
3.565E+02  1.195E-24  1.130E-14
3.532E+02  1.243E-24  1.164E-14
3.499E+02  1.292E-24  1.200E-14
3.467E+02  1.344E-24  1.236E-14
3.436E+02  1.397E-24  1.273E-14
3.404E+02  1.453E-24  1.312E-14
3.373E+02  1.510E-24  1.351E-14
3.342E+02  1.570E-24  1.392E-14
3.311E+02  1.633E-24  1.434E-14
3.281E+02  1.697E-24  1.477E-14
3.251E+02  1.765E-24  1.522E-14
3.221E+02  1.834E-24  1.567E-14
3.192E+02  1.907E-24  1.614E-14
3.162E+02  1.982E-24  1.663E-14
3.133E+02  2.060E-24  1.712E-14
3.105E+02  2.141E-24  1.764E-14
3.076E+02  2.226E-24  1.816E-14
3.048E+02  2.313E-24  1.870E-14
3.020E+02  2.404E-24  1.926E-14
2.992E+02  2.498E-24  1.983E-14
2.965E+02  2.596E-24  2.042E-14
2.938E+02  2.697E-24  2.102E-14
2.911E+02  2.803E-24  2.164E-14
2.884E+02  2.912E-24  2.228E-14
2.858E+02  3.025E-24  2.293E-14
2.831E+02  3.143E-24  2.361E-14
2.805E+02  3.265E-24  2.430E-14
2.780E+02  3.392E-24  2.501E-14
2.754E+02  3.523E-24  2.574E-14
2.729E+02  3.660E-24  2.649E-14
2.704E+02  3.801E-24  2.727E-14
2.679E+02  3.949E-24  2.806E-14
2.655E+02  4.101E-24  2.888E-14
2.630E+02  4.259E-24  2.972E-14
2.606E+02  4.424E-24  3.058E-14
2.582E+02  4.594E-24  3.146E-14
2.559E+02  4.769E-24  3.237E-14
2.535E+02  4.951E-24  3.329E-14
2.512E+02  5.138E-24  3.423E-14
2.489E+02  5.329E-24  3.518E-14
2.466E+02  5.524E-24  3.614E-14
2.443E+02  5.725E-24  3.711E-14
2.421E+02  5.932E-24  3.809E-14
2.399E+02  6.144E-24  3.909E-14
2.377E+02  6.360E-24  4.010E-14
2.355E+02  6.583E-24  4.112E-14
2.333E+02  6.813E-24  4.217E-14
2.312E+02  7.051E-24  4.324E-14
2.291E+02  7.296E-24  4.434E-14
2.270E+02  7.549E-24  4.545E-14
2.249E+02  7.810E-24  4.659E-14
2.228E+02  8.079E-24  4.775E-14
2.208E+02  8.356E-24  4.894E-14
2.188E+02  8.642E-24  5.015E-14
2.168E+02  8.937E-24  5.139E-14
2.148E+02  9.241E-24  5.265E-14
2.128E+02  9.554E-24  5.393E-14
2.109E+02  9.877E-24  5.524E-14
2.089E+02  1.021E-23  5.658E-14
2.070E+02  1.055E-23  5.794E-14
2.051E+02  1.090E-23  5.932E-14
2.032E+02  1.127E-23  6.074E-14
2.014E+02  1.164E-23  6.218E-14
1.995E+02  1.202E-23  6.364E-14
1.977E+02  1.242E-23  6.513E-14
1.959E+02  1.283E-23  6.665E-14
1.941E+02  1.325E-23  6.820E-14
1.923E+02  1.368E-23  6.977E-14
1.905E+02  1.412E-23  7.138E-14
1.888E+02  1.458E-23  7.301E-14
1.871E+02  1.505E-23  7.467E-14
1.854E+02  1.553E-23  7.636E-14
1.837E+02  1.603E-23  7.808E-14
1.820E+02  1.654E-23  7.983E-14
1.803E+02  1.706E-23  8.161E-14
1.786E+02  1.760E-23  8.342E-14
1.770E+02  1.816E-23  8.527E-14
1.754E+02  1.873E-23  8.715E-14
1.738E+02  1.932E-23  8.906E-14
1.722E+02  1.992E-23  9.100E-14
1.706E+02  2.055E-23  9.298E-14
1.690E+02  2.119E-23  9.500E-14
1.675E+02  2.184E-23  9.705E-14
1.660E+02  2.252E-23  9.914E-14
1.644E+02  2.322E-23  1.013E-13
1.629E+02  2.394E-23  1.034E-13
1.614E+02  2.468E-23  1.057E-13
1.600E+02  2.544E-23  1.079E-13
1.585E+02  2.622E-23  1.102E-13
1.570E+02  2.703E-23  1.126E-13
1.556E+02  2.787E-23  1.150E-13
1.542E+02  2.873E-23  1.175E-13
1.528E+02  2.961E-23  1.200E-13
1.514E+02  3.053E-23  1.226E-13
1.500E+02  3.147E-23  1.252E-13
1.486E+02  3.245E-23  1.279E-13
1.472E+02  3.345E-23  1.306E-13
1.459E+02  3.447E-23  1.334E-13
1.445E+02  3.551E-23  1.362E-13
1.432E+02  3.656E-23  1.389E-13
1.419E+02  3.762E-23  1.416E-13
1.406E+02  3.865E-23  1.442E-13
1.393E+02  3.967E-23  1.466E-13
1.380E+02  4.066E-23  1.489E-13
1.368E+02  4.161E-23  1.510E-13
1.355E+02  4.255E-23  1.529E-13
1.343E+02  4.347E-23  1.548E-13
1.330E+02  4.439E-23  1.566E-13
1.318E+02  4.531E-23  1.584E-13
1.306E+02  4.626E-23  1.603E-13
1.294E+02  4.722E-23  1.621E-13
1.282E+02  4.821E-23  1.640E-13
1.271E+02  4.923E-23  1.659E-13
1.259E+02  5.027E-23  1.679E-13
1.247E+02  5.134E-23  1.699E-13
1.236E+02  5.244E-23  1.719E-13
1.225E+02  5.357E-23  1.740E-13
1.213E+02  5.473E-23  1.762E-13
1.202E+02  5.591E-23  1.783E-13
1.191E+02  5.713E-23  1.805E-13
1.180E+02  5.837E-23  1.827E-13
1.169E+02  5.962E-23  1.850E-13
1.159E+02  6.091E-23  1.872E-13
1.148E+02  6.222E-23  1.895E-13
1.138E+02  6.356E-23  1.918E-13
1.127E+02  6.492E-23  1.941E-13
1.117E+02  6.631E-23  1.965E-13
1.107E+02  6.773E-23  1.988E-13
1.096E+02  6.917E-23  2.012E-13
1.086E+02  7.064E-23  2.036E-13
1.076E+02  7.213E-23  2.060E-13
1.067E+02  7.364E-23  2.084E-13
1.057E+02  7.518E-23  2.108E-13
1.047E+02  7.675E-23  2.132E-13
1.038E+02  7.833E-23  2.156E-13
1.028E+02  7.994E-23  2.180E-13
1.019E+02  8.156E-23  2.204E-13
1.009E+02  8.321E-23  2.228E-13
1.000E+02  8.487E-23  2.251E-13
9.908E+01  8.656E-23  2.275E-13
9.817E+01  8.826E-23  2.299E-13
9.727E+01  8.999E-23  2.322E-13
9.638E+01  9.173E-23  2.345E-13
9.550E+01  9.349E-23  2.368E-13
9.462E+01  9.526E-23  2.391E-13
9.376E+01  9.706E-23  2.414E-13
9.290E+01  9.887E-23  2.436E-13
9.204E+01  1.007E-22  2.458E-13
9.120E+01  1.025E-22  2.480E-13
9.036E+01  1.044E-22  2.502E-13
8.954E+01  1.063E-22  2.524E-13
8.872E+01  1.082E-22  2.545E-13
8.790E+01  1.101E-22  2.566E-13
8.710E+01  1.120E-22  2.587E-13
8.630E+01  1.139E-22  2.608E-13
8.551E+01  1.159E-22  2.629E-13
8.472E+01  1.179E-22  2.649E-13
8.395E+01  1.199E-22  2.669E-13
8.318E+01  1.219E-22  2.689E-13
8.241E+01  1.239E-22  2.708E-13
8.166E+01  1.259E-22  2.727E-13
8.091E+01  1.280E-22  2.746E-13
8.017E+01  1.300E-22  2.765E-13
7.943E+01  1.321E-22  2.783E-13
7.870E+01  1.342E-22  2.801E-13
7.798E+01  1.363E-22  2.819E-13
7.727E+01  1.384E-22  2.836E-13
7.656E+01  1.405E-22  2.853E-13
7.586E+01  1.426E-22  2.869E-13
7.516E+01  1.447E-22  2.886E-13
7.447E+01  1.469E-22  2.901E-13
7.379E+01  1.490E-22  2.917E-13
7.311E+01  1.512E-22  2.932E-13
7.244E+01  1.533E-22  2.946E-13
7.178E+01  1.555E-22  2.961E-13
7.112E+01  1.577E-22  2.974E-13
7.047E+01  1.599E-22  2.988E-13
6.982E+01  1.621E-22  3.002E-13
6.918E+01  1.643E-22  3.015E-13
6.855E+01  1.665E-22  3.028E-13
6.792E+01  1.687E-22  3.040E-13
6.730E+01  1.710E-22  3.052E-13
6.668E+01  1.732E-22  3.064E-13
6.607E+01  1.755E-22  3.075E-13
6.546E+01  1.777E-22  3.087E-13
6.486E+01  1.800E-22  3.097E-13
6.427E+01  1.823E-22  3.108E-13
6.368E+01  1.846E-22  3.118E-13
6.310E+01  1.869E-22  3.128E-13
6.252E+01  1.893E-22  3.138E-13
6.194E+01  1.916E-22  3.148E-13
6.138E+01  1.940E-22  3.158E-13
6.081E+01  1.963E-22  3.167E-13
6.026E+01  1.987E-22  3.176E-13
5.970E+01  2.011E-22  3.185E-13
5.916E+01  2.035E-22  3.194E-13
5.861E+01  2.060E-22  3.202E-13
5.808E+01  2.084E-22  3.211E-13
5.754E+01  2.109E-22  3.219E-13
5.702E+01  2.134E-22  3.227E-13
5.649E+01  2.159E-22  3.235E-13
5.598E+01  2.184E-22  3.243E-13
5.546E+01  2.210E-22  3.251E-13
5.495E+01  2.236E-22  3.259E-13
5.445E+01  2.262E-22  3.268E-13
5.395E+01  2.289E-22  3.276E-13
5.346E+01  2.316E-22  3.284E-13
5.297E+01  2.343E-22  3.292E-13
5.248E+01  2.371E-22  3.300E-13
5.200E+01  2.399E-22  3.309E-13
5.152E+01  2.427E-22  3.317E-13
5.105E+01  2.456E-22  3.326E-13
5.058E+01  2.485E-22  3.334E-13
5.012E+01  2.515E-22  3.343E-13
4.966E+01  2.545E-22  3.352E-13
4.920E+01  2.575E-22  3.361E-13
4.875E+01  2.606E-22  3.370E-13
4.831E+01  2.638E-22  3.380E-13
4.786E+01  2.670E-22  3.390E-13
4.742E+01  2.703E-22  3.400E-13
4.699E+01  2.736E-22  3.410E-13
4.656E+01  2.770E-22  3.421E-13
4.613E+01  2.804E-22  3.432E-13
4.571E+01  2.839E-22  3.443E-13
4.529E+01  2.875E-22  3.454E-13
4.487E+01  2.912E-22  3.466E-13
4.446E+01  2.949E-22  3.478E-13
4.406E+01  2.986E-22  3.490E-13
4.365E+01  3.025E-22  3.502E-13
4.325E+01  3.063E-22  3.514E-13
4.285E+01  3.102E-22  3.527E-13
4.246E+01  3.142E-22  3.539E-13
4.207E+01  3.182E-22  3.551E-13
4.169E+01  3.222E-22  3.563E-13
4.130E+01  3.263E-22  3.575E-13
4.093E+01  3.304E-22  3.586E-13
4.055E+01  3.344E-22  3.597E-13
4.018E+01  3.385E-22  3.607E-13
3.981E+01  3.425E-22  3.617E-13
3.945E+01  3.465E-22  3.625E-13
3.908E+01  3.504E-22  3.633E-13
3.873E+01  3.543E-22  3.639E-13
3.837E+01  3.580E-22  3.644E-13
3.802E+01  3.616E-22  3.647E-13
3.767E+01  3.651E-22  3.648E-13
3.733E+01  3.684E-22  3.647E-13
3.698E+01  3.714E-22  3.644E-13
3.664E+01  3.742E-22  3.638E-13
3.631E+01  3.768E-22  3.629E-13
3.597E+01  3.791E-22  3.618E-13
3.565E+01  3.811E-22  3.603E-13
3.532E+01  3.827E-22  3.585E-13
3.499E+01  3.840E-22  3.564E-13
3.467E+01  3.848E-22  3.539E-13
3.436E+01  3.853E-22  3.511E-13
3.404E+01  3.852E-22  3.479E-13
3.373E+01  3.848E-22  3.442E-13
3.342E+01  3.838E-22  3.403E-13
3.311E+01  3.824E-22  3.359E-13
3.281E+01  3.805E-22  3.312E-13
3.251E+01  3.782E-22  3.261E-13
3.221E+01  3.753E-22  3.207E-13
3.192E+01  3.720E-22  3.149E-13
3.162E+01  3.682E-22  3.089E-13
3.133E+01  3.640E-22  3.025E-13
3.105E+01  3.594E-22  2.960E-13
3.076E+01  3.544E-22  2.892E-13
3.048E+01  3.491E-22  2.822E-13
3.020E+01  3.435E-22  2.752E-13
2.992E+01  3.376E-22  2.680E-13
2.965E+01  3.315E-22  2.607E-13
2.938E+01  3.252E-22  2.534E-13
2.911E+01  3.188E-22  2.462E-13
2.884E+01  3.123E-22  2.389E-13
2.858E+01  3.057E-22  2.317E-13
2.831E+01  2.991E-22  2.246E-13
2.805E+01  2.925E-22  2.177E-13
2.780E+01  2.860E-22  2.109E-13
2.754E+01  2.795E-22  2.042E-13
2.729E+01  2.731E-22  1.977E-13
2.704E+01  2.668E-22  1.914E-13
2.679E+01  2.606E-22  1.852E-13
2.655E+01  2.546E-22  1.793E-13
2.630E+01  2.488E-22  1.736E-13
2.606E+01  2.431E-22  1.680E-13
2.582E+01  2.376E-22  1.627E-13
2.559E+01  2.322E-22  1.576E-13
2.535E+01  2.271E-22  1.527E-13
2.512E+01  2.221E-22  1.480E-13
2.489E+01  2.173E-22  1.435E-13
2.466E+01  2.127E-22  1.391E-13
2.443E+01  2.082E-22  1.350E-13
2.421E+01  2.039E-22  1.310E-13
2.399E+01  1.998E-22  1.271E-13
2.377E+01  1.958E-22  1.234E-13
2.355E+01  1.920E-22  1.200E-13
2.333E+01  1.884E-22  1.166E-13
2.312E+01  1.848E-22  1.134E-13
2.291E+01  1.815E-22  1.103E-13
2.270E+01  1.783E-22  1.074E-13
2.249E+01  1.754E-22  1.047E-13
2.228E+01  1.727E-22  1.021E-13
2.208E+01  1.701E-22  9.961E-14
2.188E+01  1.674E-22  9.716E-14
2.168E+01  1.648E-22  9.478E-14
2.148E+01  1.624E-22  9.250E-14
2.128E+01  1.601E-22  9.035E-14
2.109E+01  1.579E-22  8.835E-14
2.089E+01  1.559E-22  8.639E-14
2.070E+01  1.539E-22  8.449E-14
2.051E+01  1.519E-22  8.264E-14
2.032E+01  1.501E-22  8.090E-14
2.014E+01  1.486E-22  7.936E-14
1.995E+01  1.471E-22  7.787E-14
1.977E+01  1.457E-22  7.640E-14
1.959E+01  1.442E-22  7.494E-14
1.941E+01  1.427E-22  7.349E-14
1.923E+01  1.414E-22  7.211E-14
1.905E+01  1.404E-22  7.099E-14
1.888E+01  1.393E-22  6.975E-14
1.871E+01  1.361E-22  6.755E-14
1.854E+01  1.337E-22  6.571E-14
1.837E+01  1.315E-22  6.406E-14
1.820E+01  1.296E-22  6.254E-14
1.803E+01  1.281E-22  6.125E-14
1.786E+01  1.272E-22  6.028E-14
1.770E+01  1.250E-22  5.867E-14
1.754E+01  1.240E-22  5.770E-14
1.738E+01  1.254E-22  5.782E-14
1.722E+01  1.224E-22  5.588E-14
1.706E+01  1.200E-22  5.432E-14
1.690E+01  1.167E-22  5.234E-14
1.675E+01  1.128E-22  5.013E-14
1.660E+01  1.109E-22  4.880E-14
1.644E+01  1.134E-22  4.947E-14
1.629E+01  1.026E-22  4.432E-14
1.614E+01  9.680E-23  4.145E-14
1.600E+01  9.342E-23  3.964E-14
1.585E+01  9.057E-23  3.808E-14
1.570E+01  8.770E-23  3.653E-14
1.556E+01  8.524E-23  3.518E-14
1.542E+01  8.306E-23  3.397E-14
1.528E+01  8.107E-23  3.285E-14
1.514E+01  7.925E-23  3.182E-14
1.500E+01  7.760E-23  3.087E-14
1.486E+01  7.608E-23  2.999E-14
1.472E+01  7.476E-23  2.920E-14
1.459E+01  7.369E-23  2.852E-14
1.445E+01  7.314E-23  2.804E-14
1.432E+01  7.356E-23  2.794E-14
1.419E+01  7.432E-23  2.797E-14
1.406E+01  7.267E-23  2.710E-14
1.393E+01  7.168E-23  2.649E-14
1.380E+01  7.225E-23  2.646E-14
1.368E+01  7.432E-23  2.696E-14
1.355E+01  7.712E-23  2.772E-14
1.343E+01  7.771E-23  2.768E-14
1.330E+01  7.584E-23  2.676E-14
1.318E+01  7.483E-23  2.617E-14
1.306E+01  7.597E-23  2.632E-14
1.294E+01  7.978E-23  2.739E-14
1.282E+01  8.699E-23  2.959E-14
1.271E+01  9.617E-23  3.241E-14
1.259E+01  9.905E-23  3.308E-14
1.247E+01  9.225E-23  3.052E-14
1.236E+01  8.522E-23  2.794E-14
1.225E+01  8.260E-23  2.683E-14
1.213E+01  8.402E-23  2.704E-14
1.202E+01  8.624E-23  2.750E-14
1.191E+01  8.452E-23  2.671E-14
1.180E+01  8.062E-23  2.524E-14
1.169E+01  7.942E-23  2.464E-14
1.159E+01  8.392E-23  2.580E-14
1.148E+01  1.001E-22  3.050E-14
1.138E+01  1.198E-22  3.615E-14
1.127E+01  1.438E-22  4.301E-14
1.117E+01  1.140E-22  3.376E-14
1.107E+01  7.950E-23  2.334E-14
1.096E+01  6.783E-23  1.973E-14
1.086E+01  6.230E-23  1.795E-14
1.076E+01  5.925E-23  1.692E-14
1.067E+01  5.737E-23  1.623E-14
1.057E+01  5.572E-23  1.562E-14
1.047E+01  5.451E-23  1.514E-14
1.038E+01  5.352E-23  1.473E-14
1.028E+01  5.260E-23  1.434E-14
1.019E+01  5.174E-23  1.398E-14
1.009E+01  5.093E-23  1.363E-14
1.000E+01  5.021E-23  1.332E-14
9.908E+00  4.960E-23  1.304E-14
9.817E+00  4.909E-23  1.278E-14
9.727E+00  4.865E-23  1.255E-14
9.638E+00  4.830E-23  1.235E-14
9.550E+00  4.797E-23  1.215E-14
9.462E+00  4.769E-23  1.197E-14
9.376E+00  4.745E-23  1.180E-14
9.290E+00  4.732E-23  1.166E-14
9.204E+00  4.738E-23  1.157E-14
9.120E+00  4.778E-23  1.156E-14
9.036E+00  4.878E-23  1.169E-14
8.954E+00  5.077E-23  1.206E-14
8.872E+00  5.447E-23  1.282E-14
8.790E+00  6.110E-23  1.425E-14
8.710E+00  7.160E-23  1.654E-14
8.630E+00  8.131E-23  1.861E-14
8.551E+00  7.931E-23  1.799E-14
8.472E+00  7.152E-23  1.607E-14
8.395E+00  6.736E-23  1.500E-14
8.318E+00  6.673E-23  1.472E-14
8.241E+00  6.831E-23  1.493E-14
8.166E+00  7.287E-23  1.578E-14
8.091E+00  8.185E-23  1.757E-14
8.017E+00  9.629E-23  2.048E-14
7.943E+00  1.151E-22  2.426E-14
7.870E+00  1.313E-22  2.740E-14
7.798E+00  1.362E-22  2.818E-14
7.727E+00  1.358E-22  2.784E-14
7.656E+00  1.383E-22  2.809E-14
7.586E+00  1.340E-22  2.696E-14
7.516E+00  1.144E-22  2.281E-14
7.447E+00  9.283E-23  1.834E-14
7.379E+00  7.699E-23  1.507E-14
7.311E+00  6.592E-23  1.278E-14
7.244E+00  5.776E-23  1.110E-14
7.178E+00  5.146E-23  9.798E-15
7.112E+00  4.655E-23  8.783E-15
7.047E+00  4.282E-23  8.004E-15
6.982E+00  4.014E-23  7.434E-15
6.918E+00  3.844E-23  7.054E-15
6.855E+00  3.763E-23  6.843E-15
6.792E+00  3.743E-23  6.744E-15
6.730E+00  3.725E-23  6.649E-15
6.668E+00  3.640E-23  6.438E-15
6.607E+00  3.489E-23  6.115E-15
6.546E+00  3.359E-23  5.833E-15
6.486E+00  3.353E-23  5.769E-15
6.427E+00  3.588E-23  6.116E-15
6.368E+00  4.276E-23  7.223E-15
6.310E+00  5.854E-23  9.798E-15
6.252E+00  8.441E-23  1.400E-14
6.194E+00  8.448E-23  1.388E-14
6.138E+00  5.583E-23  9.089E-15
6.081E+00  3.675E-23  5.929E-15
6.026E+00  2.726E-23  4.357E-15
5.970E+00  2.231E-23  3.533E-15
5.916E+00  1.958E-23  3.072E-15
5.861E+00  1.818E-23  2.827E-15
5.808E+00  1.792E-23  2.760E-15
5.754E+00  1.876E-23  2.863E-15
5.702E+00  1.924E-23  2.910E-15
5.649E+00  1.709E-23  2.560E-15
5.598E+00  1.446E-23  2.147E-15
5.546E+00  1.274E-23  1.875E-15
5.495E+00  1.171E-23  1.707E-15
5.445E+00  1.112E-23  1.605E-15
5.395E+00  1.090E-23  1.559E-15
5.346E+00  1.114E-23  1.580E-15
5.297E+00  1.172E-23  1.646E-15
5.248E+00  1.132E-23  1.575E-15
5.200E+00  9.857E-24  1.360E-15
5.152E+00  8.684E-24  1.187E-15
5.105E+00  7.917E-24  1.072E-15
5.058E+00  7.374E-24  9.894E-16
5.012E+00  6.949E-24  9.239E-16
4.966E+00  6.591E-24  8.682E-16
4.920E+00  6.275E-24  8.190E-16
4.875E+00  5.989E-24  7.744E-16
4.831E+00  5.725E-24  7.335E-16
4.786E+00  5.479E-24  6.956E-16
4.742E+00  5.248E-24  6.602E-16
4.699E+00  5.031E-24  6.270E-16
4.656E+00  4.825E-24  5.958E-16
4.613E+00  4.629E-24  5.664E-16
4.571E+00  4.442E-24  5.386E-16
4.529E+00  4.265E-24  5.123E-16
4.487E+00  4.095E-24  4.875E-16
4.446E+00  3.934E-24  4.640E-16
4.406E+00  3.780E-24  4.417E-16
4.365E+00  3.633E-24  4.207E-16
4.325E+00  3.493E-24  4.007E-16
4.285E+00  3.359E-24  3.819E-16
4.246E+00  3.232E-24  3.640E-16
4.207E+00  3.111E-24  3.471E-16
4.169E+00  2.995E-24  3.312E-16
4.130E+00  2.886E-24  3.162E-16
4.093E+00  2.782E-24  3.020E-16
4.055E+00  2.683E-24  2.886E-16
4.018E+00  2.590E-24  2.760E-16
3.981E+00  2.502E-24  2.642E-16
3.945E+00  2.420E-24  2.532E-16
3.908E+00  2.343E-24  2.429E-16
3.873E+00  2.272E-24  2.333E-16
3.837E+00  2.206E-24  2.245E-16
3.802E+00  2.147E-24  2.165E-16
3.767E+00  2.094E-24  2.092E-16
3.733E+00  2.048E-24  2.028E-16
3.698E+00  2.011E-24  1.972E-16
3.664E+00  1.983E-24  1.928E-16
3.631E+00  1.968E-24  1.896E-16
3.597E+00  1.970E-24  1.880E-16
3.565E+00  1.994E-24  1.885E-16
3.532E+00  2.053E-24  1.923E-16
3.499E+00  2.166E-24  2.010E-16
3.467E+00  2.374E-24  2.183E-16
3.436E+00  2.768E-24  2.522E-16
3.404E+00  3.579E-24  3.232E-16
3.373E+00  5.561E-24  4.975E-16
3.342E+00  1.219E-23  1.081E-15
3.311E+00  4.516E-23  3.966E-15
3.281E+00  3.086E-23  2.686E-15
3.251E+00  8.970E-24  7.735E-16
3.221E+00  4.384E-24  3.746E-16
3.192E+00  2.856E-24  2.418E-16
3.162E+00  2.171E-24  1.821E-16
3.133E+00  1.804E-24  1.499E-16
3.105E+00  1.581E-24  1.302E-16
3.076E+00  1.433E-24  1.169E-16
3.048E+00  1.328E-24  1.074E-16
3.020E+00  1.249E-24  1.001E-16
2.992E+00  1.188E-24  9.428E-17
2.965E+00  1.138E-24  8.951E-17
2.938E+00  1.097E-24  8.547E-17
2.911E+00  1.062E-24  8.197E-17
2.884E+00  1.031E-24  7.889E-17
2.858E+00  1.004E-24  7.613E-17
2.831E+00  9.803E-25  7.363E-17
2.805E+00  9.587E-25  7.134E-17
2.780E+00  9.389E-25  6.923E-17
2.754E+00  9.207E-25  6.726E-17
2.729E+00  9.038E-25  6.542E-17
2.704E+00  8.880E-25  6.369E-17
2.679E+00  8.732E-25  6.206E-17
2.655E+00  8.592E-25  6.050E-17
2.630E+00  8.460E-25  5.903E-17
2.606E+00  8.334E-25  5.761E-17
2.582E+00  8.213E-25  5.626E-17
2.559E+00  8.097E-25  5.495E-17
2.535E+00  7.985E-25  5.370E-17
2.512E+00  7.877E-25  5.249E-17
2.489E+00  7.772E-25  5.131E-17
2.466E+00  7.670E-25  5.017E-17
2.443E+00  7.569E-25  4.906E-17
2.421E+00  7.470E-25  4.798E-17
2.399E+00  7.375E-25  4.693E-17
2.377E+00  7.282E-25  4.591E-17
2.355E+00  7.191E-25  4.492E-17
2.333E+00  7.102E-25  4.396E-17
2.312E+00  7.013E-25  4.301E-17
2.291E+00  6.926E-25  4.209E-17
2.270E+00  6.840E-25  4.118E-17
2.249E+00  6.754E-25  4.029E-17
2.228E+00  6.668E-25  3.941E-17
2.208E+00  6.582E-25  3.855E-17
2.188E+00  6.495E-25  3.769E-17
2.168E+00  6.406E-25  3.684E-17
2.148E+00  6.316E-25  3.598E-17
2.128E+00  6.223E-25  3.513E-17
2.109E+00  6.126E-25  3.427E-17
2.089E+00  6.024E-25  3.339E-17
2.070E+00  5.916E-25  3.249E-17
2.051E+00  5.799E-25  3.155E-17
2.032E+00  5.671E-25  3.057E-17
2.014E+00  5.530E-25  2.954E-17
1.995E+00  5.373E-25  2.844E-17
1.977E+00  5.200E-25  2.727E-17
1.959E+00  5.016E-25  2.606E-17
1.941E+00  4.839E-25  2.491E-17
1.923E+00  4.697E-25  2.396E-17
1.905E+00  4.626E-25  2.338E-17
1.888E+00  4.635E-25  2.321E-17
1.871E+00  4.701E-25  2.333E-17
1.854E+00  4.785E-25  2.353E-17
1.837E+00  4.859E-25  2.367E-17
1.820E+00  4.912E-25  2.371E-17
1.803E+00  4.942E-25  2.363E-17
1.786E+00  4.952E-25  2.347E-17
1.770E+00  4.947E-25  2.323E-17
1.754E+00  4.932E-25  2.295E-17
1.738E+00  4.909E-25  2.263E-17
1.722E+00  4.880E-25  2.229E-17
1.706E+00  4.847E-25  2.194E-17
1.690E+00  4.812E-25  2.158E-17
1.675E+00  4.775E-25  2.122E-17
1.660E+00  4.738E-25  2.086E-17
1.644E+00  4.700E-25  2.050E-17
1.629E+00  4.662E-25  2.015E-17
1.614E+00  4.625E-25  1.981E-17
1.600E+00  4.590E-25  1.948E-17
1.585E+00  4.557E-25  1.916E-17
1.570E+00  4.526E-25  1.885E-17
1.556E+00  4.498E-25  1.857E-17
1.542E+00  4.474E-25  1.830E-17
1.528E+00  4.454E-25  1.805E-17
1.514E+00  4.439E-25  1.782E-17
1.500E+00  4.430E-25  1.762E-17
1.486E+00  4.428E-25  1.745E-17
1.472E+00  4.433E-25  1.731E-17
1.459E+00  4.448E-25  1.721E-17
1.445E+00  4.475E-25  1.716E-17
1.432E+00  4.514E-25  1.715E-17
1.419E+00  4.570E-25  1.720E-17
1.406E+00  4.644E-25  1.732E-17
1.393E+00  4.741E-25  1.752E-17
1.380E+00  4.865E-25  1.782E-17
1.368E+00  5.022E-25  1.822E-17
1.355E+00  5.217E-25  1.875E-17
1.343E+00  5.455E-25  1.943E-17
1.330E+00  5.738E-25  2.025E-17
1.318E+00  6.060E-25  2.119E-17
1.306E+00  6.404E-25  2.219E-17
1.294E+00  6.727E-25  2.309E-17
1.282E+00  6.964E-25  2.369E-17
1.271E+00  7.034E-25  2.371E-17
1.259E+00  6.879E-25  2.297E-17
1.247E+00  6.504E-25  2.152E-17
1.236E+00  5.980E-25  1.961E-17
1.225E+00  5.407E-25  1.756E-17
1.213E+00  4.863E-25  1.565E-17
1.202E+00  4.394E-25  1.401E-17
1.191E+00  4.013E-25  1.268E-17
1.180E+00  3.717E-25  1.164E-17
1.169E+00  3.499E-25  1.085E-17
1.159E+00  3.350E-25  1.030E-17
1.148E+00  3.264E-25  9.942E-18
1.138E+00  3.243E-25  9.787E-18
1.127E+00  3.292E-25  9.842E-18
1.117E+00  3.424E-25  1.014E-17
1.107E+00  3.668E-25  1.077E-17
1.096E+00  4.066E-25  1.182E-17
1.086E+00  4.681E-25  1.349E-17
1.076E+00  5.576E-25  1.592E-17
1.067E+00  6.699E-25  1.895E-17
1.057E+00  7.599E-25  2.130E-17
1.047E+00  7.449E-25  2.069E-17
1.038E+00  6.179E-25  1.701E-17
1.028E+00  4.681E-25  1.276E-17
1.019E+00  3.518E-25  9.504E-18
1.009E+00  2.730E-25  7.308E-18
1.000E+00  2.207E-25  5.855E-18
