Dust emission from Draine & Li (2007): ApJ 657, 810-837
================================================================
         7 = grain model
 4.000E-08 4.000E-01 4.500E-05 = a_01 (cm) , sigma_1 , b_C1/0.92
 2.500E-07 4.000E-01 1.500E-05 = a_02 (cm) , sigma_2 , b_C2/0.92
 1.000E+01 1.000E+05 2.000E+00 = Umin , Umax, beta (dN/dU propto U^{-beta})
 9.211E+01 = <U> 
     mmp83 = radfield
 4.208E-22 = power/H (erg s-1)
 band   nu*P_nu(band) j_nu(band)
 (um)   (erg s-1 H-1)(Jy cm2 sr-1 H-1)
1.270E+00  1.703E-24  5.738E-17 COBE-DIRBE
2.220E+00  2.194E-24  1.292E-16 COBE-DIRBE
3.530E+00  1.438E-23  1.347E-15 COBE-DIRBE
4.880E+00  6.888E-24  8.916E-16 COBE-DIRBE
1.229E+01  7.276E-23  2.372E-14 COBE-DIRBE
2.079E+01  1.047E-22  5.774E-14 COBE-DIRBE
5.599E+01  1.854E-22  2.753E-13 COBE-DIRBE
9.770E+01  8.332E-23  2.159E-13 COBE-DIRBE
1.479E+02  3.312E-23  1.299E-13 COBE-DIRBE
2.479E+02  6.315E-24  4.152E-14 COBE-DIRBE
1.200E+01  7.496E-23  2.386E-14 IRAS
2.500E+01  1.284E-22  8.516E-14 IRAS
6.000E+01  1.753E-22  2.789E-13 IRAS
1.000E+02  7.909E-23  2.098E-13 IRAS
3.550E+00  1.672E-23  1.575E-15 SST-IRAC
4.493E+00  4.788E-24  5.706E-16 SST-IRAC
5.731E+00  4.211E-23  6.402E-15 SST-IRAC
7.872E+00  1.054E-22  2.200E-14 SST-IRAC
2.368E+01  1.188E-22  7.465E-14 SST-MIPS
7.142E+01  1.265E-22  2.397E-13 SST-MIPS
1.559E+02  2.591E-23  1.071E-13 SST-MIPS
1.600E+01  7.006E-23  2.974E-14 SST-IRSPU
2.200E+01  1.161E-22  6.772E-14 SST-IRSPU











lambda    nu*dP/dnu     j_nu
 (um)   (erg s-1 H-1)(Jy cm2 sr-1 H-1)
1.000E+04  9.666E-31  2.564E-19
9.908E+03  1.002E-30  2.633E-19
9.817E+03  1.039E-30  2.705E-19
9.727E+03  1.077E-30  2.778E-19
9.638E+03  1.116E-30  2.854E-19
9.550E+03  1.157E-30  2.931E-19
9.462E+03  1.199E-30  3.011E-19
9.376E+03  1.243E-30  3.092E-19
9.290E+03  1.289E-30  3.176E-19
9.204E+03  1.336E-30  3.262E-19
9.120E+03  1.385E-30  3.351E-19
9.036E+03  1.436E-30  3.442E-19
8.954E+03  1.488E-30  3.535E-19
8.872E+03  1.543E-30  3.630E-19
8.790E+03  1.599E-30  3.728E-19
8.710E+03  1.657E-30  3.829E-19
8.630E+03  1.718E-30  3.932E-19
8.551E+03  1.781E-30  4.038E-19
8.472E+03  1.846E-30  4.148E-19
8.395E+03  1.913E-30  4.260E-19
8.318E+03  1.983E-30  4.376E-19
8.241E+03  2.056E-30  4.494E-19
8.166E+03  2.131E-30  4.616E-19
8.091E+03  2.209E-30  4.742E-19
8.017E+03  2.291E-30  4.871E-19
7.943E+03  2.375E-30  5.003E-19
7.870E+03  2.462E-30  5.140E-19
7.798E+03  2.552E-30  5.280E-19
7.727E+03  2.646E-30  5.424E-19
7.656E+03  2.744E-30  5.572E-19
7.586E+03  2.845E-30  5.725E-19
7.516E+03  2.950E-30  5.881E-19
7.447E+03  3.059E-30  6.042E-19
7.379E+03  3.172E-30  6.208E-19
7.311E+03  3.289E-30  6.378E-19
7.244E+03  3.410E-30  6.554E-19
7.178E+03  3.537E-30  6.734E-19
7.112E+03  3.667E-30  6.919E-19
7.047E+03  3.803E-30  7.109E-19
6.982E+03  3.944E-30  7.305E-19
6.918E+03  4.090E-30  7.506E-19
6.855E+03  4.241E-30  7.712E-19
6.792E+03  4.399E-30  7.925E-19
6.730E+03  4.562E-30  8.143E-19
6.668E+03  4.731E-30  8.368E-19
6.607E+03  4.907E-30  8.599E-19
6.546E+03  5.089E-30  8.837E-19
6.486E+03  5.278E-30  9.082E-19
6.427E+03  5.475E-30  9.333E-19
6.368E+03  5.679E-30  9.592E-19
6.310E+03  5.890E-30  9.858E-19
6.252E+03  6.110E-30  1.013E-18
6.194E+03  6.338E-30  1.041E-18
6.138E+03  6.575E-30  1.070E-18
6.081E+03  6.820E-30  1.100E-18
6.026E+03  7.075E-30  1.131E-18
5.970E+03  7.340E-30  1.162E-18
5.916E+03  7.615E-30  1.195E-18
5.861E+03  7.900E-30  1.228E-18
5.808E+03  8.196E-30  1.263E-18
5.754E+03  8.504E-30  1.298E-18
5.702E+03  8.823E-30  1.334E-18
5.649E+03  9.155E-30  1.372E-18
5.598E+03  9.499E-30  1.410E-18
5.546E+03  9.856E-30  1.450E-18
5.495E+03  1.023E-29  1.491E-18
5.445E+03  1.061E-29  1.533E-18
5.395E+03  1.101E-29  1.576E-18
5.346E+03  1.143E-29  1.620E-18
5.297E+03  1.186E-29  1.666E-18
5.248E+03  1.231E-29  1.713E-18
5.200E+03  1.277E-29  1.762E-18
5.152E+03  1.325E-29  1.811E-18
5.105E+03  1.376E-29  1.863E-18
5.058E+03  1.428E-29  1.915E-18
5.012E+03  1.482E-29  1.970E-18
4.966E+03  1.538E-29  2.026E-18
4.920E+03  1.596E-29  2.083E-18
4.875E+03  1.657E-29  2.142E-18
4.831E+03  1.719E-29  2.203E-18
4.786E+03  1.785E-29  2.266E-18
4.742E+03  1.853E-29  2.330E-18
4.699E+03  1.923E-29  2.397E-18
4.656E+03  1.996E-29  2.465E-18
4.613E+03  2.072E-29  2.536E-18
4.571E+03  2.151E-29  2.608E-18
4.529E+03  2.233E-29  2.683E-18
4.487E+03  2.318E-29  2.760E-18
4.446E+03  2.407E-29  2.839E-18
4.406E+03  2.499E-29  2.920E-18
4.365E+03  2.595E-29  3.004E-18
4.325E+03  2.694E-29  3.091E-18
4.285E+03  2.797E-29  3.180E-18
4.246E+03  2.904E-29  3.271E-18
4.207E+03  3.016E-29  3.366E-18
4.169E+03  3.131E-29  3.463E-18
4.130E+03  3.252E-29  3.563E-18
4.093E+03  3.377E-29  3.666E-18
4.055E+03  3.507E-29  3.772E-18
4.018E+03  3.641E-29  3.881E-18
3.981E+03  3.782E-29  3.993E-18
3.945E+03  3.927E-29  4.109E-18
3.908E+03  4.078E-29  4.228E-18
3.873E+03  4.235E-29  4.351E-18
3.837E+03  4.399E-29  4.477E-18
3.802E+03  4.568E-29  4.607E-18
3.767E+03  4.745E-29  4.741E-18
3.733E+03  4.928E-29  4.879E-18
3.698E+03  5.119E-29  5.022E-18
3.664E+03  5.317E-29  5.168E-18
3.631E+03  5.523E-29  5.319E-18
3.597E+03  5.737E-29  5.475E-18
3.565E+03  5.960E-29  5.635E-18
3.532E+03  6.192E-29  5.801E-18
3.499E+03  6.432E-29  5.971E-18
3.467E+03  6.683E-29  6.146E-18
3.436E+03  6.943E-29  6.327E-18
3.404E+03  7.213E-29  6.513E-18
3.373E+03  7.494E-29  6.705E-18
3.342E+03  7.787E-29  6.903E-18
3.311E+03  8.091E-29  7.107E-18
3.281E+03  8.407E-29  7.317E-18
3.251E+03  8.736E-29  7.533E-18
3.221E+03  9.078E-29  7.756E-18
3.192E+03  9.434E-29  7.986E-18
3.162E+03  9.803E-29  8.223E-18
3.133E+03  1.019E-28  8.468E-18
3.105E+03  1.059E-28  8.719E-18
3.076E+03  1.100E-28  8.979E-18
3.048E+03  1.144E-28  9.246E-18
3.020E+03  1.189E-28  9.522E-18
2.992E+03  1.235E-28  9.805E-18
2.965E+03  1.284E-28  1.010E-17
2.938E+03  1.334E-28  1.040E-17
2.911E+03  1.387E-28  1.071E-17
2.884E+03  1.441E-28  1.103E-17
2.858E+03  1.498E-28  1.136E-17
2.831E+03  1.557E-28  1.170E-17
2.805E+03  1.619E-28  1.205E-17
2.780E+03  1.683E-28  1.241E-17
2.754E+03  1.749E-28  1.278E-17
2.729E+03  1.818E-28  1.316E-17
2.704E+03  1.890E-28  1.356E-17
2.679E+03  1.965E-28  1.396E-17
2.655E+03  2.043E-28  1.438E-17
2.630E+03  2.124E-28  1.482E-17
2.606E+03  2.208E-28  1.526E-17
2.582E+03  2.296E-28  1.573E-17
2.559E+03  2.387E-28  1.620E-17
2.535E+03  2.482E-28  1.669E-17
2.512E+03  2.581E-28  1.720E-17
2.489E+03  2.684E-28  1.772E-17
2.466E+03  2.791E-28  1.825E-17
2.443E+03  2.902E-28  1.881E-17
2.421E+03  3.018E-28  1.938E-17
2.399E+03  3.138E-28  1.997E-17
2.377E+03  3.264E-28  2.058E-17
2.355E+03  3.394E-28  2.120E-17
2.333E+03  3.530E-28  2.185E-17
2.312E+03  3.671E-28  2.251E-17
2.291E+03  3.818E-28  2.320E-17
2.270E+03  3.971E-28  2.391E-17
2.249E+03  4.130E-28  2.464E-17
2.228E+03  4.296E-28  2.540E-17
2.208E+03  4.469E-28  2.617E-17
2.188E+03  4.648E-28  2.697E-17
2.168E+03  4.835E-28  2.780E-17
2.148E+03  5.029E-28  2.865E-17
2.128E+03  5.232E-28  2.953E-17
2.109E+03  5.442E-28  3.044E-17
2.089E+03  5.662E-28  3.138E-17
2.070E+03  5.890E-28  3.234E-17
2.051E+03  6.127E-28  3.334E-17
2.032E+03  6.374E-28  3.436E-17
2.014E+03  6.632E-28  3.542E-17
1.995E+03  6.899E-28  3.652E-17
1.977E+03  7.178E-28  3.764E-17
1.959E+03  7.468E-28  3.880E-17
1.941E+03  7.769E-28  4.000E-17
1.923E+03  8.083E-28  4.124E-17
1.905E+03  8.410E-28  4.251E-17
1.888E+03  8.751E-28  4.382E-17
1.871E+03  9.105E-28  4.518E-17
1.854E+03  9.474E-28  4.658E-17
1.837E+03  9.858E-28  4.802E-17
1.820E+03  1.026E-27  4.951E-17
1.803E+03  1.067E-27  5.105E-17
1.786E+03  1.111E-27  5.263E-17
1.770E+03  1.156E-27  5.426E-17
1.754E+03  1.203E-27  5.595E-17
1.738E+03  1.251E-27  5.769E-17
1.722E+03  1.302E-27  5.948E-17
1.706E+03  1.355E-27  6.133E-17
1.690E+03  1.410E-27  6.324E-17
1.675E+03  1.468E-27  6.521E-17
1.660E+03  1.527E-27  6.724E-17
1.644E+03  1.590E-27  6.933E-17
1.629E+03  1.654E-27  7.149E-17
1.614E+03  1.722E-27  7.372E-17
1.600E+03  1.792E-27  7.602E-17
1.585E+03  1.865E-27  7.839E-17
1.570E+03  1.941E-27  8.084E-17
1.556E+03  2.020E-27  8.336E-17
1.542E+03  2.102E-27  8.596E-17
1.528E+03  2.188E-27  8.864E-17
1.514E+03  2.277E-27  9.141E-17
1.500E+03  2.370E-27  9.427E-17
1.486E+03  2.466E-27  9.721E-17
1.472E+03  2.567E-27  1.003E-16
1.459E+03  2.672E-27  1.034E-16
1.445E+03  2.781E-27  1.066E-16
1.432E+03  2.895E-27  1.100E-16
1.419E+03  3.013E-27  1.134E-16
1.406E+03  3.136E-27  1.170E-16
1.393E+03  3.264E-27  1.206E-16
1.380E+03  3.398E-27  1.244E-16
1.368E+03  3.537E-27  1.283E-16
1.355E+03  3.681E-27  1.323E-16
1.343E+03  3.832E-27  1.365E-16
1.330E+03  3.988E-27  1.408E-16
1.318E+03  4.151E-27  1.452E-16
1.306E+03  4.321E-27  1.497E-16
1.294E+03  4.498E-27  1.544E-16
1.282E+03  4.682E-27  1.593E-16
1.271E+03  4.873E-27  1.643E-16
1.259E+03  5.073E-27  1.694E-16
1.247E+03  5.280E-27  1.747E-16
1.236E+03  5.496E-27  1.802E-16
1.225E+03  5.721E-27  1.858E-16
1.213E+03  5.955E-27  1.917E-16
1.202E+03  6.198E-27  1.977E-16
1.191E+03  6.452E-27  2.039E-16
1.180E+03  6.715E-27  2.103E-16
1.169E+03  6.990E-27  2.168E-16
1.159E+03  7.276E-27  2.236E-16
1.148E+03  7.573E-27  2.306E-16
1.138E+03  7.882E-27  2.379E-16
1.127E+03  8.204E-27  2.453E-16
1.117E+03  8.540E-27  2.530E-16
1.107E+03  8.888E-27  2.609E-16
1.096E+03  9.251E-27  2.691E-16
1.086E+03  9.629E-27  2.775E-16
1.076E+03  1.002E-26  2.862E-16
1.067E+03  1.043E-26  2.951E-16
1.057E+03  1.086E-26  3.043E-16
1.047E+03  1.130E-26  3.138E-16
1.038E+03  1.176E-26  3.236E-16
1.028E+03  1.224E-26  3.337E-16
1.019E+03  1.274E-26  3.442E-16
1.009E+03  1.326E-26  3.549E-16
1.000E+03  1.380E-26  3.659E-16
9.908E+02  1.436E-26  3.774E-16
9.817E+02  1.494E-26  3.892E-16
9.727E+02  1.555E-26  4.013E-16
9.638E+02  1.619E-26  4.138E-16
9.550E+02  1.685E-26  4.267E-16
9.462E+02  1.753E-26  4.400E-16
9.376E+02  1.824E-26  4.537E-16
9.290E+02  1.899E-26  4.679E-16
9.204E+02  1.976E-26  4.824E-16
9.120E+02  2.056E-26  4.974E-16
9.036E+02  2.140E-26  5.129E-16
8.954E+02  2.227E-26  5.288E-16
8.872E+02  2.317E-26  5.452E-16
8.790E+02  2.411E-26  5.621E-16
8.710E+02  2.508E-26  5.795E-16
8.630E+02  2.610E-26  5.975E-16
8.551E+02  2.716E-26  6.159E-16
8.472E+02  2.825E-26  6.350E-16
8.395E+02  2.940E-26  6.546E-16
8.318E+02  3.058E-26  6.747E-16
8.241E+02  3.182E-26  6.955E-16
8.166E+02  3.310E-26  7.169E-16
8.091E+02  3.443E-26  7.390E-16
8.017E+02  3.582E-26  7.617E-16
7.943E+02  3.726E-26  7.851E-16
7.870E+02  3.876E-26  8.092E-16
7.798E+02  4.032E-26  8.340E-16
7.727E+02  4.194E-26  8.595E-16
7.656E+02  4.362E-26  8.859E-16
7.586E+02  4.537E-26  9.130E-16
7.516E+02  4.719E-26  9.409E-16
7.447E+02  4.909E-26  9.697E-16
7.379E+02  5.106E-26  9.994E-16
7.311E+02  5.311E-26  1.030E-15
7.244E+02  5.524E-26  1.062E-15
7.178E+02  5.746E-26  1.094E-15
7.112E+02  5.977E-26  1.128E-15
7.047E+02  6.217E-26  1.162E-15
6.982E+02  6.467E-26  1.198E-15
6.918E+02  6.726E-26  1.234E-15
6.855E+02  6.996E-26  1.272E-15
6.792E+02  7.277E-26  1.311E-15
6.730E+02  7.569E-26  1.351E-15
6.668E+02  7.871E-26  1.392E-15
6.607E+02  8.187E-26  1.435E-15
6.546E+02  8.515E-26  1.479E-15
6.486E+02  8.857E-26  1.524E-15
6.427E+02  9.214E-26  1.571E-15
6.368E+02  9.584E-26  1.619E-15
6.310E+02  9.970E-26  1.669E-15
6.252E+02  1.037E-25  1.720E-15
6.194E+02  1.079E-25  1.773E-15
6.138E+02  1.122E-25  1.827E-15
6.081E+02  1.167E-25  1.883E-15
6.026E+02  1.214E-25  1.941E-15
5.970E+02  1.263E-25  2.000E-15
5.916E+02  1.314E-25  2.062E-15
5.861E+02  1.367E-25  2.125E-15
5.808E+02  1.422E-25  2.190E-15
5.754E+02  1.479E-25  2.258E-15
5.702E+02  1.539E-25  2.327E-15
5.649E+02  1.601E-25  2.398E-15
5.598E+02  1.665E-25  2.472E-15
5.546E+02  1.732E-25  2.548E-15
5.495E+02  1.802E-25  2.626E-15
5.445E+02  1.874E-25  2.707E-15
5.395E+02  1.950E-25  2.790E-15
5.346E+02  2.028E-25  2.876E-15
5.297E+02  2.110E-25  2.964E-15
5.248E+02  2.195E-25  3.056E-15
5.200E+02  2.283E-25  3.149E-15
5.152E+02  2.375E-25  3.246E-15
5.105E+02  2.471E-25  3.346E-15
5.058E+02  2.570E-25  3.449E-15
5.012E+02  2.674E-25  3.555E-15
4.966E+02  2.782E-25  3.664E-15
4.920E+02  2.894E-25  3.777E-15
4.875E+02  3.010E-25  3.893E-15
4.831E+02  3.131E-25  4.012E-15
4.786E+02  3.257E-25  4.135E-15
4.742E+02  3.388E-25  4.262E-15
4.699E+02  3.524E-25  4.393E-15
4.656E+02  3.666E-25  4.528E-15
4.613E+02  3.814E-25  4.667E-15
4.571E+02  3.967E-25  4.810E-15
4.529E+02  4.126E-25  4.957E-15
4.487E+02  4.292E-25  5.109E-15
4.446E+02  4.464E-25  5.265E-15
4.406E+02  4.643E-25  5.426E-15
4.365E+02  4.830E-25  5.592E-15
4.325E+02  5.023E-25  5.763E-15
4.285E+02  5.225E-25  5.940E-15
4.246E+02  5.434E-25  6.121E-15
4.207E+02  5.652E-25  6.308E-15
4.169E+02  5.879E-25  6.501E-15
4.130E+02  6.114E-25  6.699E-15
4.093E+02  6.359E-25  6.904E-15
4.055E+02  6.614E-25  7.114E-15
4.018E+02  6.879E-25  7.331E-15
3.981E+02  7.154E-25  7.555E-15
3.945E+02  7.440E-25  7.785E-15
3.908E+02  7.738E-25  8.022E-15
3.873E+02  8.047E-25  8.266E-15
3.837E+02  8.369E-25  8.518E-15
3.802E+02  8.703E-25  8.777E-15
3.767E+02  9.051E-25  9.044E-15
3.733E+02  9.412E-25  9.319E-15
3.698E+02  9.787E-25  9.602E-15
3.664E+02  1.018E-24  9.893E-15
3.631E+02  1.058E-24  1.019E-14
3.597E+02  1.100E-24  1.050E-14
3.565E+02  1.144E-24  1.082E-14
3.532E+02  1.190E-24  1.115E-14
3.499E+02  1.237E-24  1.148E-14
3.467E+02  1.286E-24  1.183E-14
3.436E+02  1.337E-24  1.219E-14
3.404E+02  1.390E-24  1.255E-14
3.373E+02  1.445E-24  1.293E-14
3.342E+02  1.502E-24  1.332E-14
3.311E+02  1.562E-24  1.372E-14
3.281E+02  1.624E-24  1.413E-14
3.251E+02  1.688E-24  1.455E-14
3.221E+02  1.754E-24  1.499E-14
3.192E+02  1.823E-24  1.544E-14
3.162E+02  1.895E-24  1.590E-14
3.133E+02  1.970E-24  1.637E-14
3.105E+02  2.047E-24  1.686E-14
3.076E+02  2.127E-24  1.736E-14
3.048E+02  2.211E-24  1.787E-14
3.020E+02  2.297E-24  1.840E-14
2.992E+02  2.387E-24  1.894E-14
2.965E+02  2.480E-24  1.950E-14
2.938E+02  2.577E-24  2.008E-14
2.911E+02  2.677E-24  2.067E-14
2.884E+02  2.781E-24  2.128E-14
2.858E+02  2.889E-24  2.190E-14
2.831E+02  3.001E-24  2.254E-14
2.805E+02  3.117E-24  2.320E-14
2.780E+02  3.238E-24  2.387E-14
2.754E+02  3.363E-24  2.457E-14
2.729E+02  3.493E-24  2.529E-14
2.704E+02  3.628E-24  2.602E-14
2.679E+02  3.768E-24  2.678E-14
2.655E+02  3.913E-24  2.756E-14
2.630E+02  4.064E-24  2.835E-14
2.606E+02  4.220E-24  2.918E-14
2.582E+02  4.382E-24  3.002E-14
2.559E+02  4.550E-24  3.088E-14
2.535E+02  4.722E-24  3.175E-14
2.512E+02  4.900E-24  3.265E-14
2.489E+02  5.082E-24  3.355E-14
2.466E+02  5.267E-24  3.445E-14
2.443E+02  5.457E-24  3.537E-14
2.421E+02  5.652E-24  3.630E-14
2.399E+02  5.853E-24  3.724E-14
2.377E+02  6.057E-24  3.819E-14
2.355E+02  6.267E-24  3.915E-14
2.333E+02  6.484E-24  4.014E-14
2.312E+02  6.708E-24  4.114E-14
2.291E+02  6.939E-24  4.217E-14
2.270E+02  7.177E-24  4.321E-14
2.249E+02  7.422E-24  4.428E-14
2.228E+02  7.676E-24  4.537E-14
2.208E+02  7.937E-24  4.648E-14
2.188E+02  8.205E-24  4.762E-14
2.168E+02  8.482E-24  4.877E-14
2.148E+02  8.768E-24  4.995E-14
2.128E+02  9.062E-24  5.115E-14
2.109E+02  9.364E-24  5.238E-14
2.089E+02  9.676E-24  5.362E-14
2.070E+02  9.996E-24  5.489E-14
2.051E+02  1.033E-23  5.618E-14
2.032E+02  1.067E-23  5.750E-14
2.014E+02  1.102E-23  5.884E-14
1.995E+02  1.137E-23  6.020E-14
1.977E+02  1.174E-23  6.159E-14
1.959E+02  1.212E-23  6.300E-14
1.941E+02  1.252E-23  6.444E-14
1.923E+02  1.292E-23  6.590E-14
1.905E+02  1.333E-23  6.738E-14
1.888E+02  1.376E-23  6.890E-14
1.871E+02  1.419E-23  7.044E-14
1.854E+02  1.464E-23  7.200E-14
1.837E+02  1.511E-23  7.360E-14
1.820E+02  1.558E-23  7.522E-14
1.803E+02  1.607E-23  7.686E-14
1.786E+02  1.657E-23  7.853E-14
1.770E+02  1.709E-23  8.024E-14
1.754E+02  1.762E-23  8.197E-14
1.738E+02  1.817E-23  8.374E-14
1.722E+02  1.873E-23  8.553E-14
1.706E+02  1.930E-23  8.736E-14
1.690E+02  1.990E-23  8.922E-14
1.675E+02  2.051E-23  9.112E-14
1.660E+02  2.114E-23  9.305E-14
1.644E+02  2.179E-23  9.502E-14
1.629E+02  2.245E-23  9.703E-14
1.614E+02  2.314E-23  9.909E-14
1.600E+02  2.385E-23  1.012E-13
1.585E+02  2.457E-23  1.033E-13
1.570E+02  2.533E-23  1.055E-13
1.556E+02  2.611E-23  1.077E-13
1.542E+02  2.691E-23  1.100E-13
1.528E+02  2.774E-23  1.124E-13
1.514E+02  2.860E-23  1.148E-13
1.500E+02  2.948E-23  1.173E-13
1.486E+02  3.039E-23  1.198E-13
1.472E+02  3.133E-23  1.223E-13
1.459E+02  3.228E-23  1.249E-13
1.445E+02  3.326E-23  1.275E-13
1.432E+02  3.424E-23  1.301E-13
1.419E+02  3.522E-23  1.326E-13
1.406E+02  3.618E-23  1.349E-13
1.393E+02  3.712E-23  1.372E-13
1.380E+02  3.802E-23  1.392E-13
1.368E+02  3.889E-23  1.411E-13
1.355E+02  3.973E-23  1.428E-13
1.343E+02  4.055E-23  1.444E-13
1.330E+02  4.136E-23  1.460E-13
1.318E+02  4.219E-23  1.475E-13
1.306E+02  4.302E-23  1.491E-13
1.294E+02  4.387E-23  1.506E-13
1.282E+02  4.475E-23  1.522E-13
1.271E+02  4.564E-23  1.538E-13
1.259E+02  4.657E-23  1.555E-13
1.247E+02  4.752E-23  1.572E-13
1.236E+02  4.849E-23  1.590E-13
1.225E+02  4.949E-23  1.608E-13
1.213E+02  5.052E-23  1.626E-13
1.202E+02  5.157E-23  1.645E-13
1.191E+02  5.264E-23  1.663E-13
1.180E+02  5.374E-23  1.683E-13
1.169E+02  5.485E-23  1.702E-13
1.159E+02  5.599E-23  1.721E-13
1.148E+02  5.714E-23  1.740E-13
1.138E+02  5.832E-23  1.760E-13
1.127E+02  5.952E-23  1.780E-13
1.117E+02  6.075E-23  1.800E-13
1.107E+02  6.199E-23  1.820E-13
1.096E+02  6.326E-23  1.840E-13
1.086E+02  6.455E-23  1.860E-13
1.076E+02  6.586E-23  1.880E-13
1.067E+02  6.718E-23  1.901E-13
1.057E+02  6.853E-23  1.921E-13
1.047E+02  6.989E-23  1.941E-13
1.038E+02  7.128E-23  1.962E-13
1.028E+02  7.267E-23  1.982E-13
1.019E+02  7.407E-23  2.001E-13
1.009E+02  7.550E-23  2.021E-13
1.000E+02  7.694E-23  2.041E-13
9.908E+01  7.839E-23  2.060E-13
9.817E+01  7.986E-23  2.080E-13
9.727E+01  8.133E-23  2.099E-13
9.638E+01  8.283E-23  2.118E-13
9.550E+01  8.434E-23  2.136E-13
9.462E+01  8.586E-23  2.155E-13
9.376E+01  8.739E-23  2.173E-13
9.290E+01  8.893E-23  2.191E-13
9.204E+01  9.049E-23  2.209E-13
9.120E+01  9.205E-23  2.227E-13
9.036E+01  9.362E-23  2.244E-13
8.954E+01  9.521E-23  2.261E-13
8.872E+01  9.680E-23  2.278E-13
8.790E+01  9.841E-23  2.295E-13
8.710E+01  1.000E-22  2.311E-13
8.630E+01  1.017E-22  2.327E-13
8.551E+01  1.033E-22  2.343E-13
8.472E+01  1.049E-22  2.358E-13
8.395E+01  1.066E-22  2.373E-13
8.318E+01  1.082E-22  2.388E-13
8.241E+01  1.099E-22  2.402E-13
8.166E+01  1.116E-22  2.417E-13
8.091E+01  1.133E-22  2.431E-13
8.017E+01  1.150E-22  2.444E-13
7.943E+01  1.166E-22  2.458E-13
7.870E+01  1.183E-22  2.471E-13
7.798E+01  1.200E-22  2.483E-13
7.727E+01  1.217E-22  2.495E-13
7.656E+01  1.235E-22  2.507E-13
7.586E+01  1.252E-22  2.519E-13
7.516E+01  1.269E-22  2.530E-13
7.447E+01  1.286E-22  2.540E-13
7.379E+01  1.303E-22  2.550E-13
7.311E+01  1.320E-22  2.560E-13
7.244E+01  1.337E-22  2.569E-13
7.178E+01  1.354E-22  2.578E-13
7.112E+01  1.371E-22  2.586E-13
7.047E+01  1.388E-22  2.595E-13
6.982E+01  1.406E-22  2.603E-13
6.918E+01  1.423E-22  2.611E-13
6.855E+01  1.440E-22  2.618E-13
6.792E+01  1.457E-22  2.625E-13
6.730E+01  1.474E-22  2.632E-13
6.668E+01  1.491E-22  2.638E-13
6.607E+01  1.508E-22  2.644E-13
6.546E+01  1.526E-22  2.649E-13
6.486E+01  1.543E-22  2.654E-13
6.427E+01  1.560E-22  2.659E-13
6.368E+01  1.577E-22  2.664E-13
6.310E+01  1.594E-22  2.668E-13
6.252E+01  1.611E-22  2.672E-13
6.194E+01  1.628E-22  2.676E-13
6.138E+01  1.646E-22  2.679E-13
6.081E+01  1.663E-22  2.682E-13
6.026E+01  1.680E-22  2.685E-13
5.970E+01  1.697E-22  2.688E-13
5.916E+01  1.714E-22  2.690E-13
5.861E+01  1.731E-22  2.692E-13
5.808E+01  1.749E-22  2.694E-13
5.754E+01  1.766E-22  2.695E-13
5.702E+01  1.783E-22  2.697E-13
5.649E+01  1.800E-22  2.698E-13
5.598E+01  1.818E-22  2.699E-13
5.546E+01  1.835E-22  2.700E-13
5.495E+01  1.853E-22  2.701E-13
5.445E+01  1.870E-22  2.702E-13
5.395E+01  1.888E-22  2.702E-13
5.346E+01  1.906E-22  2.703E-13
5.297E+01  1.924E-22  2.703E-13
5.248E+01  1.942E-22  2.703E-13
5.200E+01  1.960E-22  2.704E-13
5.152E+01  1.978E-22  2.704E-13
5.105E+01  1.997E-22  2.704E-13
5.058E+01  2.015E-22  2.704E-13
5.012E+01  2.034E-22  2.704E-13
4.966E+01  2.053E-22  2.704E-13
4.920E+01  2.071E-22  2.704E-13
4.875E+01  2.090E-22  2.703E-13
4.831E+01  2.110E-22  2.703E-13
4.786E+01  2.129E-22  2.703E-13
4.742E+01  2.149E-22  2.703E-13
4.699E+01  2.169E-22  2.704E-13
4.656E+01  2.189E-22  2.704E-13
4.613E+01  2.210E-22  2.704E-13
4.571E+01  2.230E-22  2.704E-13
4.529E+01  2.251E-22  2.704E-13
4.487E+01  2.272E-22  2.705E-13
4.446E+01  2.294E-22  2.705E-13
4.406E+01  2.315E-22  2.705E-13
4.365E+01  2.337E-22  2.706E-13
4.325E+01  2.358E-22  2.706E-13
4.285E+01  2.380E-22  2.706E-13
4.246E+01  2.402E-22  2.706E-13
4.207E+01  2.424E-22  2.705E-13
4.169E+01  2.446E-22  2.704E-13
4.130E+01  2.467E-22  2.703E-13
4.093E+01  2.489E-22  2.702E-13
4.055E+01  2.510E-22  2.700E-13
4.018E+01  2.530E-22  2.697E-13
3.981E+01  2.551E-22  2.693E-13
3.945E+01  2.570E-22  2.689E-13
3.908E+01  2.589E-22  2.684E-13
3.873E+01  2.607E-22  2.678E-13
3.837E+01  2.624E-22  2.671E-13
3.802E+01  2.640E-22  2.662E-13
3.767E+01  2.654E-22  2.652E-13
3.733E+01  2.667E-22  2.640E-13
3.698E+01  2.678E-22  2.627E-13
3.664E+01  2.687E-22  2.611E-13
3.631E+01  2.694E-22  2.594E-13
3.597E+01  2.699E-22  2.575E-13
3.565E+01  2.701E-22  2.554E-13
3.532E+01  2.701E-22  2.531E-13
3.499E+01  2.699E-22  2.505E-13
3.467E+01  2.693E-22  2.477E-13
3.436E+01  2.685E-22  2.447E-13
3.404E+01  2.674E-22  2.414E-13
3.373E+01  2.659E-22  2.379E-13
3.342E+01  2.642E-22  2.342E-13
3.311E+01  2.621E-22  2.302E-13
3.281E+01  2.598E-22  2.261E-13
3.251E+01  2.571E-22  2.217E-13
3.221E+01  2.541E-22  2.171E-13
3.192E+01  2.509E-22  2.124E-13
3.162E+01  2.474E-22  2.075E-13
3.133E+01  2.436E-22  2.025E-13
3.105E+01  2.396E-22  1.973E-13
3.076E+01  2.354E-22  1.921E-13
3.048E+01  2.311E-22  1.868E-13
3.020E+01  2.266E-22  1.815E-13
2.992E+01  2.219E-22  1.762E-13
2.965E+01  2.172E-22  1.708E-13
2.938E+01  2.124E-22  1.655E-13
2.911E+01  2.075E-22  1.602E-13
2.884E+01  2.026E-22  1.550E-13
2.858E+01  1.978E-22  1.499E-13
2.831E+01  1.929E-22  1.449E-13
2.805E+01  1.881E-22  1.400E-13
2.780E+01  1.834E-22  1.353E-13
2.754E+01  1.788E-22  1.306E-13
2.729E+01  1.742E-22  1.261E-13
2.704E+01  1.698E-22  1.218E-13
2.679E+01  1.655E-22  1.176E-13
2.655E+01  1.613E-22  1.136E-13
2.630E+01  1.573E-22  1.097E-13
2.606E+01  1.533E-22  1.060E-13
2.582E+01  1.495E-22  1.024E-13
2.559E+01  1.459E-22  9.902E-14
2.535E+01  1.424E-22  9.575E-14
2.512E+01  1.390E-22  9.262E-14
2.489E+01  1.358E-22  8.963E-14
2.466E+01  1.326E-22  8.676E-14
2.443E+01  1.296E-22  8.403E-14
2.421E+01  1.268E-22  8.140E-14
2.399E+01  1.240E-22  7.888E-14
2.377E+01  1.213E-22  7.648E-14
2.355E+01  1.188E-22  7.422E-14
2.333E+01  1.164E-22  7.205E-14
2.312E+01  1.140E-22  6.994E-14
2.291E+01  1.118E-22  6.794E-14
2.270E+01  1.097E-22  6.607E-14
2.249E+01  1.078E-22  6.433E-14
2.228E+01  1.060E-22  6.268E-14
2.208E+01  1.043E-22  6.109E-14
2.188E+01  1.026E-22  5.953E-14
2.168E+01  1.009E-22  5.801E-14
2.148E+01  9.929E-23  5.657E-14
2.128E+01  9.781E-23  5.521E-14
2.109E+01  9.645E-23  5.395E-14
2.089E+01  9.514E-23  5.273E-14
2.070E+01  9.386E-23  5.154E-14
2.051E+01  9.263E-23  5.040E-14
2.032E+01  9.150E-23  4.933E-14
2.014E+01  9.058E-23  4.838E-14
1.995E+01  8.969E-23  4.747E-14
1.977E+01  8.884E-23  4.659E-14
1.959E+01  8.798E-23  4.572E-14
1.941E+01  8.715E-23  4.487E-14
1.923E+01  8.633E-23  4.404E-14
1.905E+01  8.554E-23  4.323E-14
1.888E+01  8.481E-23  4.247E-14
1.871E+01  8.418E-23  4.177E-14
1.854E+01  8.371E-23  4.116E-14
1.837E+01  8.355E-23  4.070E-14
1.820E+01  8.401E-23  4.055E-14
1.803E+01  8.616E-23  4.121E-14
1.786E+01  9.054E-23  4.290E-14
1.770E+01  8.949E-23  4.202E-14
1.754E+01  9.383E-23  4.365E-14
1.738E+01  1.079E-22  4.975E-14
1.722E+01  1.011E-22  4.617E-14
1.706E+01  9.967E-23  4.511E-14
1.690E+01  9.670E-23  4.336E-14
1.675E+01  9.251E-23  4.110E-14
1.660E+01  9.382E-23  4.130E-14
1.644E+01  1.080E-22  4.712E-14
1.629E+01  8.419E-23  3.638E-14
1.614E+01  7.568E-23  3.241E-14
1.600E+01  7.694E-23  3.265E-14
1.585E+01  7.621E-23  3.204E-14
1.570E+01  6.692E-23  2.787E-14
1.556E+01  6.217E-23  2.566E-14
1.542E+01  5.959E-23  2.437E-14
1.528E+01  5.782E-23  2.343E-14
1.514E+01  5.648E-23  2.267E-14
1.500E+01  5.541E-23  2.204E-14
1.486E+01  5.456E-23  2.150E-14
1.472E+01  5.398E-23  2.108E-14
1.459E+01  5.380E-23  2.082E-14
1.445E+01  5.446E-23  2.088E-14
1.432E+01  5.693E-23  2.163E-14
1.419E+01  5.975E-23  2.249E-14
1.406E+01  5.662E-23  2.112E-14
1.393E+01  5.422E-23  2.004E-14
1.380E+01  5.475E-23  2.005E-14
1.368E+01  5.915E-23  2.146E-14
1.355E+01  6.096E-23  2.191E-14
1.343E+01  5.699E-23  2.030E-14
1.330E+01  5.706E-23  2.014E-14
1.318E+01  5.993E-23  2.096E-14
1.306E+01  6.567E-23  2.275E-14
1.294E+01  7.567E-23  2.598E-14
1.282E+01  9.181E-23  3.123E-14
1.271E+01  1.120E-22  3.773E-14
1.259E+01  1.207E-22  4.032E-14
1.247E+01  1.092E-22  3.613E-14
1.236E+01  9.491E-23  3.112E-14
1.225E+01  8.893E-23  2.889E-14
1.213E+01  9.060E-23  2.916E-14
1.202E+01  9.366E-23  2.987E-14
1.191E+01  9.059E-23  2.862E-14
1.180E+01  8.386E-23  2.626E-14
1.169E+01  8.168E-23  2.534E-14
1.159E+01  9.020E-23  2.773E-14
1.148E+01  1.192E-22  3.629E-14
1.138E+01  1.793E-22  5.411E-14
1.127E+01  2.479E-22  7.412E-14
1.117E+01  1.709E-22  5.063E-14
1.107E+01  9.265E-23  2.720E-14
1.096E+01  6.472E-23  1.882E-14
1.086E+01  5.148E-23  1.484E-14
1.076E+01  4.417E-23  1.261E-14
1.067E+01  3.970E-23  1.123E-14
1.057E+01  3.676E-23  1.030E-14
1.047E+01  3.471E-23  9.641E-15
1.038E+01  3.322E-23  9.142E-15
1.028E+01  3.210E-23  8.754E-15
1.019E+01  3.126E-23  8.445E-15
1.009E+01  3.064E-23  8.202E-15
1.000E+01  3.021E-23  8.015E-15
9.908E+00  2.997E-23  7.877E-15
9.817E+00  2.990E-23  7.787E-15
9.727E+00  3.000E-23  7.741E-15
9.638E+00  3.028E-23  7.741E-15
9.550E+00  3.074E-23  7.788E-15
9.462E+00  3.142E-23  7.887E-15
9.376E+00  3.237E-23  8.049E-15
9.290E+00  3.367E-23  8.296E-15
9.204E+00  3.547E-23  8.661E-15
9.120E+00  3.803E-23  9.201E-15
9.036E+00  4.177E-23  1.001E-14
8.954E+00  4.746E-23  1.127E-14
8.872E+00  5.652E-23  1.330E-14
8.790E+00  7.144E-23  1.666E-14
8.710E+00  9.423E-23  2.177E-14
8.630E+00  1.155E-22  2.643E-14
8.551E+00  1.126E-22  2.554E-14
8.472E+00  9.765E-23  2.195E-14
8.395E+00  8.998E-23  2.004E-14
8.318E+00  8.943E-23  1.973E-14
8.241E+00  9.327E-23  2.039E-14
8.166E+00  1.031E-22  2.233E-14
8.091E+00  1.218E-22  2.614E-14
8.017E+00  1.518E-22  3.227E-14
7.943E+00  1.913E-22  4.030E-14
7.870E+00  2.271E-22  4.741E-14
7.798E+00  2.437E-22  5.041E-14
7.727E+00  2.530E-22  5.186E-14
7.656E+00  2.700E-22  5.483E-14
7.586E+00  2.661E-22  5.354E-14
7.516E+00  2.193E-22  4.372E-14
7.447E+00  1.658E-22  3.275E-14
7.379E+00  1.273E-22  2.492E-14
7.311E+00  1.017E-22  1.972E-14
7.244E+00  8.400E-23  1.614E-14
7.178E+00  7.118E-23  1.355E-14
7.112E+00  6.171E-23  1.164E-14
7.047E+00  5.484E-23  1.025E-14
6.982E+00  5.015E-23  9.288E-15
6.918E+00  4.740E-23  8.698E-15
6.855E+00  4.637E-23  8.431E-15
6.792E+00  4.655E-23  8.388E-15
6.730E+00  4.691E-23  8.373E-15
6.668E+00  4.622E-23  8.176E-15
6.607E+00  4.455E-23  7.807E-15
6.546E+00  4.346E-23  7.547E-15
6.486E+00  4.503E-23  7.748E-15
6.427E+00  5.183E-23  8.836E-15
6.368E+00  6.900E-23  1.166E-14
6.310E+00  1.082E-22  1.811E-14
6.252E+00  1.757E-22  2.914E-14
6.194E+00  1.787E-22  2.936E-14
6.138E+00  1.071E-22  1.744E-14
6.081E+00  6.268E-23  1.011E-14
6.026E+00  4.199E-23  6.711E-15
5.970E+00  3.211E-23  5.086E-15
5.916E+00  2.763E-23  4.336E-15
5.861E+00  2.671E-23  4.153E-15
5.808E+00  2.912E-23  4.486E-15
5.754E+00  3.447E-23  5.262E-15
5.702E+00  3.756E-23  5.680E-15
5.649E+00  3.198E-23  4.792E-15
5.598E+00  2.379E-23  3.533E-15
5.546E+00  1.813E-23  2.668E-15
5.495E+00  1.483E-23  2.162E-15
5.445E+00  1.305E-23  1.884E-15
5.395E+00  1.238E-23  1.772E-15
5.346E+00  1.297E-23  1.839E-15
5.297E+00  1.525E-23  2.143E-15
5.248E+00  1.692E-23  2.356E-15
5.200E+00  1.368E-23  1.886E-15
5.152E+00  1.031E-23  1.409E-15
5.105E+00  8.462E-24  1.146E-15
5.058E+00  7.429E-24  9.967E-16
5.012E+00  6.781E-24  9.015E-16
4.966E+00  6.331E-24  8.339E-16
4.920E+00  5.993E-24  7.822E-16
4.875E+00  5.727E-24  7.406E-16
4.831E+00  5.509E-24  7.059E-16
4.786E+00  5.325E-24  6.760E-16
4.742E+00  5.166E-24  6.499E-16
4.699E+00  5.028E-24  6.267E-16
4.656E+00  4.906E-24  6.059E-16
4.613E+00  4.797E-24  5.870E-16
4.571E+00  4.699E-24  5.697E-16
4.529E+00  4.610E-24  5.538E-16
4.487E+00  4.530E-24  5.392E-16
4.446E+00  4.456E-24  5.256E-16
4.406E+00  4.389E-24  5.129E-16
4.365E+00  4.328E-24  5.011E-16
4.325E+00  4.271E-24  4.901E-16
4.285E+00  4.220E-24  4.797E-16
4.246E+00  4.173E-24  4.700E-16
4.207E+00  4.130E-24  4.609E-16
4.169E+00  4.091E-24  4.524E-16
4.130E+00  4.056E-24  4.444E-16
4.093E+00  4.024E-24  4.369E-16
4.055E+00  3.996E-24  4.299E-16
4.018E+00  3.973E-24  4.234E-16
3.981E+00  3.953E-24  4.175E-16
3.945E+00  3.938E-24  4.121E-16
3.908E+00  3.929E-24  4.073E-16
3.873E+00  3.925E-24  4.032E-16
3.837E+00  3.928E-24  3.998E-16
3.802E+00  3.939E-24  3.973E-16
3.767E+00  3.961E-24  3.958E-16
3.733E+00  3.995E-24  3.956E-16
3.698E+00  4.046E-24  3.969E-16
3.664E+00  4.119E-24  4.004E-16
3.631E+00  4.223E-24  4.067E-16
3.597E+00  4.370E-24  4.170E-16
3.565E+00  4.581E-24  4.332E-16
3.532E+00  4.893E-24  4.584E-16
3.499E+00  5.369E-24  4.984E-16
3.467E+00  6.141E-24  5.648E-16
3.436E+00  7.492E-24  6.828E-16
3.404E+00  1.016E-23  9.176E-16
3.373E+00  1.654E-23  1.480E-15
3.342E+00  3.767E-23  3.339E-15
3.311E+00  1.424E-22  1.251E-14
3.281E+00  9.723E-23  8.462E-15
3.251E+00  2.777E-23  2.395E-15
3.221E+00  1.326E-23  1.133E-15
3.192E+00  8.459E-24  7.161E-16
3.162E+00  6.338E-24  5.317E-16
3.133E+00  5.222E-24  4.340E-16
3.105E+00  4.562E-24  3.757E-16
3.076E+00  4.137E-24  3.375E-16
3.048E+00  3.845E-24  3.109E-16
3.020E+00  3.635E-24  2.912E-16
2.992E+00  3.476E-24  2.759E-16
2.965E+00  3.352E-24  2.637E-16
2.938E+00  3.253E-24  2.535E-16
2.911E+00  3.170E-24  2.448E-16
2.884E+00  3.100E-24  2.372E-16
2.858E+00  3.040E-24  2.304E-16
2.831E+00  2.987E-24  2.243E-16
2.805E+00  2.939E-24  2.187E-16
2.780E+00  2.896E-24  2.135E-16
2.754E+00  2.856E-24  2.087E-16
2.729E+00  2.819E-24  2.041E-16
2.704E+00  2.784E-24  1.997E-16
2.679E+00  2.751E-24  1.955E-16
2.655E+00  2.720E-24  1.915E-16
2.630E+00  2.690E-24  1.877E-16
2.606E+00  2.660E-24  1.839E-16
2.582E+00  2.632E-24  1.803E-16
2.559E+00  2.604E-24  1.767E-16
2.535E+00  2.577E-24  1.733E-16
2.512E+00  2.550E-24  1.699E-16
2.489E+00  2.524E-24  1.666E-16
2.466E+00  2.497E-24  1.634E-16
2.443E+00  2.471E-24  1.602E-16
2.421E+00  2.445E-24  1.570E-16
2.399E+00  2.419E-24  1.540E-16
2.377E+00  2.394E-24  1.509E-16
2.355E+00  2.369E-24  1.480E-16
2.333E+00  2.344E-24  1.451E-16
2.312E+00  2.319E-24  1.422E-16
2.291E+00  2.294E-24  1.394E-16
2.270E+00  2.269E-24  1.366E-16
2.249E+00  2.244E-24  1.339E-16
2.228E+00  2.218E-24  1.311E-16
2.208E+00  2.192E-24  1.284E-16
2.188E+00  2.166E-24  1.257E-16
2.168E+00  2.139E-24  1.230E-16
2.148E+00  2.111E-24  1.203E-16
2.128E+00  2.082E-24  1.175E-16
2.109E+00  2.051E-24  1.147E-16
2.089E+00  2.019E-24  1.119E-16
2.070E+00  1.984E-24  1.090E-16
2.051E+00  1.946E-24  1.059E-16
2.032E+00  1.905E-24  1.027E-16
2.014E+00  1.858E-24  9.925E-17
1.995E+00  1.806E-24  9.558E-17
1.977E+00  1.748E-24  9.168E-17
1.959E+00  1.687E-24  8.764E-17
1.941E+00  1.627E-24  8.376E-17
1.923E+00  1.580E-24  8.060E-17
1.905E+00  1.557E-24  7.869E-17
1.888E+00  1.562E-24  7.820E-17
1.871E+00  1.586E-24  7.869E-17
1.854E+00  1.616E-24  7.947E-17
1.837E+00  1.644E-24  8.006E-17
1.820E+00  1.663E-24  8.027E-17
1.803E+00  1.674E-24  8.008E-17
1.786E+00  1.679E-24  7.958E-17
1.770E+00  1.679E-24  7.883E-17
1.754E+00  1.675E-24  7.791E-17
1.738E+00  1.668E-24  7.688E-17
1.722E+00  1.659E-24  7.576E-17
1.706E+00  1.648E-24  7.460E-17
1.690E+00  1.637E-24  7.341E-17
1.675E+00  1.625E-24  7.221E-17
1.660E+00  1.613E-24  7.101E-17
1.644E+00  1.601E-24  6.983E-17
1.629E+00  1.589E-24  6.866E-17
1.614E+00  1.577E-24  6.752E-17
1.600E+00  1.565E-24  6.641E-17
1.585E+00  1.554E-24  6.535E-17
1.570E+00  1.544E-24  6.434E-17
1.556E+00  1.535E-24  6.337E-17
1.542E+00  1.528E-24  6.247E-17
1.528E+00  1.521E-24  6.164E-17
1.514E+00  1.517E-24  6.089E-17
1.500E+00  1.514E-24  6.023E-17
1.486E+00  1.514E-24  5.966E-17
1.472E+00  1.516E-24  5.920E-17
1.459E+00  1.521E-24  5.887E-17
1.445E+00  1.531E-24  5.869E-17
1.432E+00  1.545E-24  5.868E-17
1.419E+00  1.564E-24  5.887E-17
1.406E+00  1.590E-24  5.929E-17
1.393E+00  1.623E-24  5.999E-17
1.380E+00  1.666E-24  6.101E-17
1.368E+00  1.720E-24  6.241E-17
1.355E+00  1.787E-24  6.425E-17
1.343E+00  1.869E-24  6.657E-17
1.330E+00  1.966E-24  6.938E-17
1.318E+00  2.077E-24  7.261E-17
1.306E+00  2.194E-24  7.603E-17
1.294E+00  2.305E-24  7.914E-17
1.282E+00  2.386E-24  8.117E-17
1.271E+00  2.410E-24  8.122E-17
1.259E+00  2.356E-24  7.869E-17
1.247E+00  2.227E-24  7.370E-17
1.236E+00  2.048E-24  6.713E-17
1.225E+00  1.851E-24  6.012E-17
1.213E+00  1.665E-24  5.358E-17
1.202E+00  1.504E-24  4.796E-17
1.191E+00  1.373E-24  4.339E-17
1.180E+00  1.272E-24  3.982E-17
1.169E+00  1.197E-24  3.714E-17
1.159E+00  1.146E-24  3.522E-17
1.148E+00  1.117E-24  3.401E-17
1.138E+00  1.109E-24  3.347E-17
1.127E+00  1.126E-24  3.365E-17
1.117E+00  1.171E-24  3.468E-17
1.107E+00  1.253E-24  3.680E-17
1.096E+00  1.389E-24  4.039E-17
1.086E+00  1.598E-24  4.605E-17
1.076E+00  1.903E-24  5.432E-17
1.067E+00  2.284E-24  6.463E-17
1.057E+00  2.590E-24  7.259E-17
1.047E+00  2.538E-24  7.049E-17
1.038E+00  2.105E-24  5.793E-17
1.028E+00  1.595E-24  4.349E-17
1.019E+00  1.199E-24  3.240E-17
1.009E+00  9.311E-25  2.493E-17
1.000E+00  7.535E-25  1.999E-17
