Dust emission from Draine & Li (2007): ApJ 657, 810-837
================================================================
         3 = grain model
 4.000E-08 4.000E-01 1.500E-05 = a_01 (cm) , sigma_1 , b_C1/0.92
 2.500E-07 4.000E-01 5.000E-06 = a_02 (cm) , sigma_2 , b_C2/0.92
 1.000E+01 1.000E+04 2.000E+00 = Umin , Umax, beta (dN/dU propto U^{-beta})
 6.915E+01 = <U> 
     mmp83 = radfield
 3.075E-22 = power/H (erg s-1)
 band   nu*P_nu(band) j_nu(band)
 (um)   (erg s-1 H-1)(Jy cm2 sr-1 H-1)
1.270E+00  4.551E-25  1.533E-17 COBE-DIRBE
2.220E+00  5.736E-25  3.378E-17 COBE-DIRBE
3.530E+00  3.822E-24  3.579E-16 COBE-DIRBE
4.880E+00  1.783E-24  2.308E-16 COBE-DIRBE
1.229E+01  2.283E-23  7.444E-15 COBE-DIRBE
2.079E+01  4.400E-23  2.426E-14 COBE-DIRBE
5.599E+01  1.891E-22  2.808E-13 COBE-DIRBE
9.770E+01  8.847E-23  2.293E-13 COBE-DIRBE
1.479E+02  3.480E-23  1.365E-13 COBE-DIRBE
2.479E+02  6.574E-24  4.322E-14 COBE-DIRBE
1.200E+01  2.240E-23  7.130E-15 IRAS
2.500E+01  6.508E-23  4.316E-14 IRAS
6.000E+01  1.790E-22  2.849E-13 IRAS
1.000E+02  8.397E-23  2.227E-13 IRAS
3.550E+00  4.448E-24  4.188E-16 SST-IRAC
4.493E+00  1.239E-24  1.476E-16 SST-IRAC
5.731E+00  1.096E-23  1.666E-15 SST-IRAC
7.872E+00  2.855E-23  5.961E-15 SST-IRAC
2.368E+01  5.747E-23  3.610E-14 SST-MIPS
7.142E+01  1.338E-22  2.535E-13 SST-MIPS
1.559E+02  2.716E-23  1.123E-13 SST-MIPS
1.600E+01  2.531E-23  1.074E-14 SST-IRSPU
2.200E+01  5.373E-23  3.135E-14 SST-IRSPU











lambda    nu*dP/dnu     j_nu
 (um)   (erg s-1 H-1)(Jy cm2 sr-1 H-1)
1.000E+04  9.646E-31  2.559E-19
9.908E+03  1.000E-30  2.628E-19
9.817E+03  1.037E-30  2.700E-19
9.727E+03  1.075E-30  2.773E-19
9.638E+03  1.114E-30  2.849E-19
9.550E+03  1.155E-30  2.926E-19
9.462E+03  1.198E-30  3.006E-19
9.376E+03  1.242E-30  3.088E-19
9.290E+03  1.287E-30  3.172E-19
9.204E+03  1.335E-30  3.259E-19
9.120E+03  1.384E-30  3.347E-19
9.036E+03  1.435E-30  3.439E-19
8.954E+03  1.487E-30  3.532E-19
8.872E+03  1.541E-30  3.627E-19
8.790E+03  1.598E-30  3.726E-19
8.710E+03  1.656E-30  3.827E-19
8.630E+03  1.717E-30  3.930E-19
8.551E+03  1.780E-30  4.037E-19
8.472E+03  1.845E-30  4.147E-19
8.395E+03  1.913E-30  4.260E-19
8.318E+03  1.983E-30  4.376E-19
8.241E+03  2.056E-30  4.495E-19
8.166E+03  2.132E-30  4.617E-19
8.091E+03  2.210E-30  4.743E-19
8.017E+03  2.291E-30  4.873E-19
7.943E+03  2.376E-30  5.006E-19
7.870E+03  2.463E-30  5.143E-19
7.798E+03  2.554E-30  5.284E-19
7.727E+03  2.649E-30  5.429E-19
7.656E+03  2.746E-30  5.577E-19
7.586E+03  2.848E-30  5.731E-19
7.516E+03  2.953E-30  5.888E-19
7.447E+03  3.063E-30  6.050E-19
7.379E+03  3.176E-30  6.216E-19
7.311E+03  3.294E-30  6.388E-19
7.244E+03  3.416E-30  6.564E-19
7.178E+03  3.542E-30  6.745E-19
7.112E+03  3.674E-30  6.931E-19
7.047E+03  3.810E-30  7.122E-19
6.982E+03  3.952E-30  7.319E-19
6.918E+03  4.098E-30  7.521E-19
6.855E+03  4.251E-30  7.729E-19
6.792E+03  4.409E-30  7.943E-19
6.730E+03  4.573E-30  8.163E-19
6.668E+03  4.743E-30  8.389E-19
6.607E+03  4.919E-30  8.621E-19
6.546E+03  5.103E-30  8.861E-19
6.486E+03  5.293E-30  9.107E-19
6.427E+03  5.490E-30  9.360E-19
6.368E+03  5.695E-30  9.621E-19
6.310E+03  5.908E-30  9.889E-19
6.252E+03  6.129E-30  1.016E-18
6.194E+03  6.359E-30  1.045E-18
6.138E+03  6.597E-30  1.074E-18
6.081E+03  6.844E-30  1.104E-18
6.026E+03  7.100E-30  1.135E-18
5.970E+03  7.367E-30  1.167E-18
5.916E+03  7.643E-30  1.199E-18
5.861E+03  7.930E-30  1.233E-18
5.808E+03  8.229E-30  1.268E-18
5.754E+03  8.538E-30  1.303E-18
5.702E+03  8.859E-30  1.340E-18
5.649E+03  9.193E-30  1.378E-18
5.598E+03  9.539E-30  1.416E-18
5.546E+03  9.899E-30  1.456E-18
5.495E+03  1.027E-29  1.497E-18
5.445E+03  1.066E-29  1.540E-18
5.395E+03  1.106E-29  1.583E-18
5.346E+03  1.148E-29  1.628E-18
5.297E+03  1.192E-29  1.674E-18
5.248E+03  1.237E-29  1.722E-18
5.200E+03  1.284E-29  1.770E-18
5.152E+03  1.332E-29  1.821E-18
5.105E+03  1.383E-29  1.872E-18
5.058E+03  1.435E-29  1.926E-18
5.012E+03  1.490E-29  1.980E-18
4.966E+03  1.546E-29  2.037E-18
4.920E+03  1.605E-29  2.095E-18
4.875E+03  1.666E-29  2.154E-18
4.831E+03  1.729E-29  2.216E-18
4.786E+03  1.795E-29  2.279E-18
4.742E+03  1.863E-29  2.344E-18
4.699E+03  1.934E-29  2.411E-18
4.656E+03  2.008E-29  2.480E-18
4.613E+03  2.085E-29  2.551E-18
4.571E+03  2.164E-29  2.624E-18
4.529E+03  2.247E-29  2.700E-18
4.487E+03  2.333E-29  2.777E-18
4.446E+03  2.422E-29  2.857E-18
4.406E+03  2.515E-29  2.939E-18
4.365E+03  2.612E-29  3.024E-18
4.325E+03  2.712E-29  3.111E-18
4.285E+03  2.816E-29  3.201E-18
4.246E+03  2.924E-29  3.293E-18
4.207E+03  3.036E-29  3.389E-18
4.169E+03  3.153E-29  3.487E-18
4.130E+03  3.274E-29  3.588E-18
4.093E+03  3.401E-29  3.692E-18
4.055E+03  3.532E-29  3.799E-18
4.018E+03  3.668E-29  3.909E-18
3.981E+03  3.809E-29  4.022E-18
3.945E+03  3.956E-29  4.139E-18
3.908E+03  4.108E-29  4.259E-18
3.873E+03  4.267E-29  4.383E-18
3.837E+03  4.432E-29  4.511E-18
3.802E+03  4.603E-29  4.642E-18
3.767E+03  4.781E-29  4.778E-18
3.733E+03  4.967E-29  4.917E-18
3.698E+03  5.159E-29  5.061E-18
3.664E+03  5.359E-29  5.209E-18
3.631E+03  5.567E-29  5.362E-18
3.597E+03  5.783E-29  5.519E-18
3.565E+03  6.008E-29  5.681E-18
3.532E+03  6.242E-29  5.848E-18
3.499E+03  6.485E-29  6.020E-18
3.467E+03  6.738E-29  6.197E-18
3.436E+03  7.000E-29  6.380E-18
3.404E+03  7.274E-29  6.568E-18
3.373E+03  7.558E-29  6.762E-18
3.342E+03  7.853E-29  6.961E-18
3.311E+03  8.160E-29  7.167E-18
3.281E+03  8.479E-29  7.380E-18
3.251E+03  8.812E-29  7.598E-18
3.221E+03  9.157E-29  7.824E-18
3.192E+03  9.516E-29  8.056E-18
3.162E+03  9.890E-29  8.296E-18
3.133E+03  1.028E-28  8.542E-18
3.105E+03  1.068E-28  8.797E-18
3.076E+03  1.110E-28  9.059E-18
3.048E+03  1.154E-28  9.329E-18
3.020E+03  1.199E-28  9.608E-18
2.992E+03  1.247E-28  9.894E-18
2.965E+03  1.296E-28  1.019E-17
2.938E+03  1.347E-28  1.049E-17
2.911E+03  1.400E-28  1.081E-17
2.884E+03  1.455E-28  1.113E-17
2.858E+03  1.512E-28  1.146E-17
2.831E+03  1.572E-28  1.180E-17
2.805E+03  1.634E-28  1.216E-17
2.780E+03  1.698E-28  1.252E-17
2.754E+03  1.766E-28  1.290E-17
2.729E+03  1.836E-28  1.329E-17
2.704E+03  1.908E-28  1.369E-17
2.679E+03  1.984E-28  1.410E-17
2.655E+03  2.063E-28  1.452E-17
2.630E+03  2.144E-28  1.496E-17
2.606E+03  2.230E-28  1.541E-17
2.582E+03  2.318E-28  1.588E-17
2.559E+03  2.411E-28  1.636E-17
2.535E+03  2.507E-28  1.686E-17
2.512E+03  2.606E-28  1.737E-17
2.489E+03  2.710E-28  1.789E-17
2.466E+03  2.818E-28  1.844E-17
2.443E+03  2.931E-28  1.900E-17
2.421E+03  3.048E-28  1.957E-17
2.399E+03  3.170E-28  2.017E-17
2.377E+03  3.297E-28  2.078E-17
2.355E+03  3.429E-28  2.142E-17
2.333E+03  3.566E-28  2.207E-17
2.312E+03  3.709E-28  2.275E-17
2.291E+03  3.857E-28  2.344E-17
2.270E+03  4.012E-28  2.416E-17
2.249E+03  4.173E-28  2.490E-17
2.228E+03  4.341E-28  2.566E-17
2.208E+03  4.515E-28  2.645E-17
2.188E+03  4.697E-28  2.726E-17
2.168E+03  4.886E-28  2.809E-17
2.148E+03  5.083E-28  2.896E-17
2.128E+03  5.287E-28  2.985E-17
2.109E+03  5.500E-28  3.077E-17
2.089E+03  5.722E-28  3.171E-17
2.070E+03  5.953E-28  3.269E-17
2.051E+03  6.193E-28  3.370E-17
2.032E+03  6.443E-28  3.474E-17
2.014E+03  6.703E-28  3.581E-17
1.995E+03  6.974E-28  3.691E-17
1.977E+03  7.256E-28  3.805E-17
1.959E+03  7.549E-28  3.923E-17
1.941E+03  7.855E-28  4.044E-17
1.923E+03  8.173E-28  4.169E-17
1.905E+03  8.504E-28  4.298E-17
1.888E+03  8.848E-28  4.431E-17
1.871E+03  9.207E-28  4.568E-17
1.854E+03  9.580E-28  4.710E-17
1.837E+03  9.969E-28  4.856E-17
1.820E+03  1.037E-27  5.007E-17
1.803E+03  1.079E-27  5.163E-17
1.786E+03  1.123E-27  5.323E-17
1.770E+03  1.169E-27  5.488E-17
1.754E+03  1.216E-27  5.659E-17
1.738E+03  1.266E-27  5.835E-17
1.722E+03  1.317E-27  6.017E-17
1.706E+03  1.371E-27  6.204E-17
1.690E+03  1.427E-27  6.398E-17
1.675E+03  1.485E-27  6.597E-17
1.660E+03  1.545E-27  6.803E-17
1.644E+03  1.608E-27  7.015E-17
1.629E+03  1.674E-27  7.234E-17
1.614E+03  1.742E-27  7.460E-17
1.600E+03  1.813E-27  7.693E-17
1.585E+03  1.887E-27  7.934E-17
1.570E+03  1.964E-27  8.182E-17
1.556E+03  2.044E-27  8.438E-17
1.542E+03  2.128E-27  8.702E-17
1.528E+03  2.215E-27  8.974E-17
1.514E+03  2.305E-27  9.255E-17
1.500E+03  2.399E-27  9.544E-17
1.486E+03  2.497E-27  9.843E-17
1.472E+03  2.599E-27  1.015E-16
1.459E+03  2.706E-27  1.047E-16
1.445E+03  2.817E-27  1.080E-16
1.432E+03  2.932E-27  1.114E-16
1.419E+03  3.052E-27  1.149E-16
1.406E+03  3.177E-27  1.185E-16
1.393E+03  3.307E-27  1.222E-16
1.380E+03  3.442E-27  1.260E-16
1.368E+03  3.583E-27  1.300E-16
1.355E+03  3.730E-27  1.341E-16
1.343E+03  3.883E-27  1.383E-16
1.330E+03  4.042E-27  1.427E-16
1.318E+03  4.208E-27  1.471E-16
1.306E+03  4.380E-27  1.518E-16
1.294E+03  4.560E-27  1.565E-16
1.282E+03  4.747E-27  1.615E-16
1.271E+03  4.941E-27  1.665E-16
1.259E+03  5.144E-27  1.718E-16
1.247E+03  5.355E-27  1.772E-16
1.236E+03  5.574E-27  1.828E-16
1.225E+03  5.803E-27  1.885E-16
1.213E+03  6.041E-27  1.944E-16
1.202E+03  6.288E-27  2.005E-16
1.191E+03  6.546E-27  2.068E-16
1.180E+03  6.814E-27  2.133E-16
1.169E+03  7.094E-27  2.201E-16
1.159E+03  7.384E-27  2.270E-16
1.148E+03  7.687E-27  2.341E-16
1.138E+03  8.002E-27  2.415E-16
1.127E+03  8.330E-27  2.491E-16
1.117E+03  8.671E-27  2.569E-16
1.107E+03  9.026E-27  2.650E-16
1.096E+03  9.396E-27  2.733E-16
1.086E+03  9.781E-27  2.819E-16
1.076E+03  1.018E-26  2.907E-16
1.067E+03  1.060E-26  2.998E-16
1.057E+03  1.103E-26  3.093E-16
1.047E+03  1.148E-26  3.190E-16
1.038E+03  1.195E-26  3.290E-16
1.028E+03  1.244E-26  3.393E-16
1.019E+03  1.295E-26  3.499E-16
1.009E+03  1.348E-26  3.609E-16
1.000E+03  1.403E-26  3.722E-16
9.908E+02  1.460E-26  3.838E-16
9.817E+02  1.520E-26  3.959E-16
9.727E+02  1.582E-26  4.083E-16
9.638E+02  1.647E-26  4.211E-16
9.550E+02  1.714E-26  4.343E-16
9.462E+02  1.784E-26  4.479E-16
9.376E+02  1.857E-26  4.619E-16
9.290E+02  1.933E-26  4.764E-16
9.204E+02  2.012E-26  4.913E-16
9.120E+02  2.094E-26  5.066E-16
9.036E+02  2.180E-26  5.224E-16
8.954E+02  2.268E-26  5.388E-16
8.872E+02  2.361E-26  5.555E-16
8.790E+02  2.457E-26  5.729E-16
8.710E+02  2.557E-26  5.907E-16
8.630E+02  2.661E-26  6.091E-16
8.551E+02  2.769E-26  6.280E-16
8.472E+02  2.881E-26  6.475E-16
8.395E+02  2.998E-26  6.676E-16
8.318E+02  3.120E-26  6.884E-16
8.241E+02  3.246E-26  7.097E-16
8.166E+02  3.378E-26  7.317E-16
8.091E+02  3.515E-26  7.543E-16
8.017E+02  3.657E-26  7.776E-16
7.943E+02  3.805E-26  8.017E-16
7.870E+02  3.958E-26  8.264E-16
7.798E+02  4.118E-26  8.519E-16
7.727E+02  4.285E-26  8.782E-16
7.656E+02  4.458E-26  9.053E-16
7.586E+02  4.637E-26  9.331E-16
7.516E+02  4.824E-26  9.619E-16
7.447E+02  5.019E-26  9.915E-16
7.379E+02  5.222E-26  1.022E-15
7.311E+02  5.433E-26  1.054E-15
7.244E+02  5.652E-26  1.086E-15
7.178E+02  5.880E-26  1.120E-15
7.112E+02  6.118E-26  1.154E-15
7.047E+02  6.365E-26  1.190E-15
6.982E+02  6.621E-26  1.226E-15
6.918E+02  6.889E-26  1.264E-15
6.855E+02  7.167E-26  1.303E-15
6.792E+02  7.456E-26  1.343E-15
6.730E+02  7.756E-26  1.385E-15
6.668E+02  8.068E-26  1.427E-15
6.607E+02  8.392E-26  1.471E-15
6.546E+02  8.731E-26  1.516E-15
6.486E+02  9.084E-26  1.563E-15
6.427E+02  9.451E-26  1.611E-15
6.368E+02  9.833E-26  1.661E-15
6.310E+02  1.023E-25  1.712E-15
6.252E+02  1.064E-25  1.765E-15
6.194E+02  1.107E-25  1.820E-15
6.138E+02  1.152E-25  1.876E-15
6.081E+02  1.199E-25  1.934E-15
6.026E+02  1.247E-25  1.993E-15
5.970E+02  1.298E-25  2.055E-15
5.916E+02  1.350E-25  2.118E-15
5.861E+02  1.405E-25  2.184E-15
5.808E+02  1.461E-25  2.251E-15
5.754E+02  1.521E-25  2.321E-15
5.702E+02  1.582E-25  2.393E-15
5.649E+02  1.646E-25  2.467E-15
5.598E+02  1.713E-25  2.543E-15
5.546E+02  1.782E-25  2.621E-15
5.495E+02  1.854E-25  2.702E-15
5.445E+02  1.929E-25  2.786E-15
5.395E+02  2.007E-25  2.872E-15
5.346E+02  2.088E-25  2.961E-15
5.297E+02  2.173E-25  3.052E-15
5.248E+02  2.260E-25  3.147E-15
5.200E+02  2.352E-25  3.244E-15
5.152E+02  2.447E-25  3.344E-15
5.105E+02  2.546E-25  3.448E-15
5.058E+02  2.649E-25  3.554E-15
5.012E+02  2.756E-25  3.664E-15
4.966E+02  2.867E-25  3.777E-15
4.920E+02  2.983E-25  3.894E-15
4.875E+02  3.104E-25  4.014E-15
4.831E+02  3.229E-25  4.138E-15
4.786E+02  3.360E-25  4.265E-15
4.742E+02  3.495E-25  4.397E-15
4.699E+02  3.636E-25  4.533E-15
4.656E+02  3.783E-25  4.672E-15
4.613E+02  3.936E-25  4.816E-15
4.571E+02  4.095E-25  4.965E-15
4.529E+02  4.260E-25  5.118E-15
4.487E+02  4.432E-25  5.275E-15
4.446E+02  4.610E-25  5.437E-15
4.406E+02  4.796E-25  5.604E-15
4.365E+02  4.989E-25  5.777E-15
4.325E+02  5.190E-25  5.954E-15
4.285E+02  5.399E-25  6.137E-15
4.246E+02  5.616E-25  6.325E-15
4.207E+02  5.842E-25  6.519E-15
4.169E+02  6.077E-25  6.719E-15
4.130E+02  6.321E-25  6.925E-15
4.093E+02  6.575E-25  7.138E-15
4.055E+02  6.839E-25  7.356E-15
4.018E+02  7.113E-25  7.581E-15
3.981E+02  7.399E-25  7.813E-15
3.945E+02  7.696E-25  8.053E-15
3.908E+02  8.005E-25  8.299E-15
3.873E+02  8.326E-25  8.553E-15
3.837E+02  8.660E-25  8.814E-15
3.802E+02  9.006E-25  9.083E-15
3.767E+02  9.367E-25  9.360E-15
3.733E+02  9.742E-25  9.645E-15
3.698E+02  1.013E-24  9.939E-15
3.664E+02  1.054E-24  1.024E-14
3.631E+02  1.096E-24  1.055E-14
3.597E+02  1.139E-24  1.087E-14
3.565E+02  1.185E-24  1.120E-14
3.532E+02  1.232E-24  1.154E-14
3.499E+02  1.281E-24  1.189E-14
3.467E+02  1.332E-24  1.225E-14
3.436E+02  1.385E-24  1.262E-14
3.404E+02  1.440E-24  1.300E-14
3.373E+02  1.497E-24  1.340E-14
3.342E+02  1.557E-24  1.380E-14
3.311E+02  1.618E-24  1.422E-14
3.281E+02  1.683E-24  1.464E-14
3.251E+02  1.749E-24  1.508E-14
3.221E+02  1.818E-24  1.553E-14
3.192E+02  1.890E-24  1.600E-14
3.162E+02  1.964E-24  1.648E-14
3.133E+02  2.042E-24  1.697E-14
3.105E+02  2.122E-24  1.748E-14
3.076E+02  2.206E-24  1.800E-14
3.048E+02  2.292E-24  1.853E-14
3.020E+02  2.382E-24  1.908E-14
2.992E+02  2.475E-24  1.965E-14
2.965E+02  2.572E-24  2.023E-14
2.938E+02  2.672E-24  2.082E-14
2.911E+02  2.777E-24  2.144E-14
2.884E+02  2.885E-24  2.207E-14
2.858E+02  2.997E-24  2.272E-14
2.831E+02  3.113E-24  2.338E-14
2.805E+02  3.234E-24  2.407E-14
2.780E+02  3.359E-24  2.477E-14
2.754E+02  3.489E-24  2.549E-14
2.729E+02  3.624E-24  2.624E-14
2.704E+02  3.765E-24  2.700E-14
2.679E+02  3.910E-24  2.779E-14
2.655E+02  4.061E-24  2.859E-14
2.630E+02  4.217E-24  2.942E-14
2.606E+02  4.380E-24  3.028E-14
2.582E+02  4.548E-24  3.115E-14
2.559E+02  4.722E-24  3.204E-14
2.535E+02  4.901E-24  3.296E-14
2.512E+02  5.086E-24  3.389E-14
2.489E+02  5.275E-24  3.482E-14
2.466E+02  5.468E-24  3.577E-14
2.443E+02  5.666E-24  3.672E-14
2.421E+02  5.870E-24  3.769E-14
2.399E+02  6.079E-24  3.868E-14
2.377E+02  6.292E-24  3.967E-14
2.355E+02  6.512E-24  4.068E-14
2.333E+02  6.740E-24  4.172E-14
2.312E+02  6.974E-24  4.277E-14
2.291E+02  7.215E-24  4.385E-14
2.270E+02  7.465E-24  4.494E-14
2.249E+02  7.721E-24  4.606E-14
2.228E+02  7.987E-24  4.721E-14
2.208E+02  8.260E-24  4.838E-14
2.188E+02  8.542E-24  4.957E-14
2.168E+02  8.832E-24  5.079E-14
2.148E+02  9.131E-24  5.202E-14
2.128E+02  9.440E-24  5.329E-14
2.109E+02  9.757E-24  5.457E-14
2.089E+02  1.008E-23  5.589E-14
2.070E+02  1.042E-23  5.722E-14
2.051E+02  1.077E-23  5.858E-14
2.032E+02  1.112E-23  5.997E-14
2.014E+02  1.149E-23  6.138E-14
1.995E+02  1.187E-23  6.282E-14
1.977E+02  1.226E-23  6.428E-14
1.959E+02  1.266E-23  6.577E-14
1.941E+02  1.307E-23  6.729E-14
1.923E+02  1.349E-23  6.883E-14
1.905E+02  1.393E-23  7.040E-14
1.888E+02  1.438E-23  7.200E-14
1.871E+02  1.484E-23  7.363E-14
1.854E+02  1.531E-23  7.528E-14
1.837E+02  1.580E-23  7.697E-14
1.820E+02  1.630E-23  7.868E-14
1.803E+02  1.681E-23  8.042E-14
1.786E+02  1.734E-23  8.219E-14
1.770E+02  1.789E-23  8.400E-14
1.754E+02  1.845E-23  8.583E-14
1.738E+02  1.902E-23  8.770E-14
1.722E+02  1.962E-23  8.960E-14
1.706E+02  2.023E-23  9.153E-14
1.690E+02  2.085E-23  9.350E-14
1.675E+02  2.150E-23  9.550E-14
1.660E+02  2.216E-23  9.754E-14
1.644E+02  2.284E-23  9.962E-14
1.629E+02  2.354E-23  1.017E-13
1.614E+02  2.426E-23  1.039E-13
1.600E+02  2.501E-23  1.061E-13
1.585E+02  2.578E-23  1.084E-13
1.570E+02  2.657E-23  1.107E-13
1.556E+02  2.738E-23  1.130E-13
1.542E+02  2.822E-23  1.154E-13
1.528E+02  2.909E-23  1.179E-13
1.514E+02  2.998E-23  1.204E-13
1.500E+02  3.091E-23  1.229E-13
1.486E+02  3.185E-23  1.256E-13
1.472E+02  3.283E-23  1.282E-13
1.459E+02  3.383E-23  1.309E-13
1.445E+02  3.484E-23  1.336E-13
1.432E+02  3.587E-23  1.363E-13
1.419E+02  3.689E-23  1.389E-13
1.406E+02  3.790E-23  1.413E-13
1.393E+02  3.888E-23  1.437E-13
1.380E+02  3.984E-23  1.459E-13
1.368E+02  4.076E-23  1.479E-13
1.355E+02  4.166E-23  1.498E-13
1.343E+02  4.254E-23  1.515E-13
1.330E+02  4.343E-23  1.533E-13
1.318E+02  4.431E-23  1.550E-13
1.306E+02  4.522E-23  1.567E-13
1.294E+02  4.614E-23  1.584E-13
1.282E+02  4.709E-23  1.602E-13
1.271E+02  4.806E-23  1.620E-13
1.259E+02  4.906E-23  1.638E-13
1.247E+02  5.008E-23  1.657E-13
1.236E+02  5.113E-23  1.676E-13
1.225E+02  5.221E-23  1.696E-13
1.213E+02  5.331E-23  1.716E-13
1.202E+02  5.444E-23  1.736E-13
1.191E+02  5.559E-23  1.757E-13
1.180E+02  5.677E-23  1.777E-13
1.169E+02  5.797E-23  1.798E-13
1.159E+02  5.919E-23  1.819E-13
1.148E+02  6.043E-23  1.840E-13
1.138E+02  6.170E-23  1.862E-13
1.127E+02  6.299E-23  1.883E-13
1.117E+02  6.430E-23  1.905E-13
1.107E+02  6.564E-23  1.927E-13
1.096E+02  6.700E-23  1.949E-13
1.086E+02  6.838E-23  1.971E-13
1.076E+02  6.979E-23  1.993E-13
1.067E+02  7.121E-23  2.015E-13
1.057E+02  7.265E-23  2.037E-13
1.047E+02  7.412E-23  2.059E-13
1.038E+02  7.560E-23  2.081E-13
1.028E+02  7.710E-23  2.102E-13
1.019E+02  7.861E-23  2.124E-13
1.009E+02  8.014E-23  2.146E-13
1.000E+02  8.169E-23  2.167E-13
9.908E+01  8.325E-23  2.188E-13
9.817E+01  8.483E-23  2.209E-13
9.727E+01  8.642E-23  2.230E-13
9.638E+01  8.803E-23  2.250E-13
9.550E+01  8.964E-23  2.271E-13
9.462E+01  9.127E-23  2.291E-13
9.376E+01  9.292E-23  2.311E-13
9.290E+01  9.457E-23  2.330E-13
9.204E+01  9.623E-23  2.350E-13
9.120E+01  9.791E-23  2.369E-13
9.036E+01  9.959E-23  2.387E-13
8.954E+01  1.013E-22  2.406E-13
8.872E+01  1.030E-22  2.424E-13
8.790E+01  1.047E-22  2.441E-13
8.710E+01  1.064E-22  2.459E-13
8.630E+01  1.082E-22  2.476E-13
8.551E+01  1.099E-22  2.493E-13
8.472E+01  1.117E-22  2.510E-13
8.395E+01  1.134E-22  2.526E-13
8.318E+01  1.152E-22  2.541E-13
8.241E+01  1.170E-22  2.557E-13
8.166E+01  1.187E-22  2.572E-13
8.091E+01  1.205E-22  2.587E-13
8.017E+01  1.223E-22  2.601E-13
7.943E+01  1.241E-22  2.615E-13
7.870E+01  1.259E-22  2.628E-13
7.798E+01  1.277E-22  2.641E-13
7.727E+01  1.295E-22  2.654E-13
7.656E+01  1.313E-22  2.666E-13
7.586E+01  1.331E-22  2.677E-13
7.516E+01  1.348E-22  2.688E-13
7.447E+01  1.366E-22  2.699E-13
7.379E+01  1.384E-22  2.709E-13
7.311E+01  1.402E-22  2.719E-13
7.244E+01  1.419E-22  2.727E-13
7.178E+01  1.437E-22  2.736E-13
7.112E+01  1.455E-22  2.744E-13
7.047E+01  1.472E-22  2.752E-13
6.982E+01  1.490E-22  2.759E-13
6.918E+01  1.507E-22  2.766E-13
6.855E+01  1.525E-22  2.773E-13
6.792E+01  1.542E-22  2.778E-13
6.730E+01  1.559E-22  2.784E-13
6.668E+01  1.577E-22  2.788E-13
6.607E+01  1.594E-22  2.793E-13
6.546E+01  1.611E-22  2.797E-13
6.486E+01  1.628E-22  2.800E-13
6.427E+01  1.644E-22  2.803E-13
6.368E+01  1.661E-22  2.806E-13
6.310E+01  1.678E-22  2.808E-13
6.252E+01  1.694E-22  2.810E-13
6.194E+01  1.711E-22  2.811E-13
6.138E+01  1.728E-22  2.813E-13
6.081E+01  1.744E-22  2.813E-13
6.026E+01  1.760E-22  2.813E-13
5.970E+01  1.776E-22  2.813E-13
5.916E+01  1.792E-22  2.812E-13
5.861E+01  1.808E-22  2.811E-13
5.808E+01  1.824E-22  2.810E-13
5.754E+01  1.840E-22  2.808E-13
5.702E+01  1.855E-22  2.806E-13
5.649E+01  1.871E-22  2.803E-13
5.598E+01  1.886E-22  2.800E-13
5.546E+01  1.901E-22  2.797E-13
5.495E+01  1.917E-22  2.794E-13
5.445E+01  1.932E-22  2.790E-13
5.395E+01  1.947E-22  2.787E-13
5.346E+01  1.962E-22  2.782E-13
5.297E+01  1.977E-22  2.778E-13
5.248E+01  1.992E-22  2.773E-13
5.200E+01  2.007E-22  2.768E-13
5.152E+01  2.022E-22  2.763E-13
5.105E+01  2.036E-22  2.758E-13
5.058E+01  2.051E-22  2.752E-13
5.012E+01  2.066E-22  2.746E-13
4.966E+01  2.080E-22  2.740E-13
4.920E+01  2.094E-22  2.733E-13
4.875E+01  2.109E-22  2.727E-13
4.831E+01  2.123E-22  2.720E-13
4.786E+01  2.137E-22  2.713E-13
4.742E+01  2.151E-22  2.706E-13
4.699E+01  2.165E-22  2.699E-13
4.656E+01  2.179E-22  2.691E-13
4.613E+01  2.193E-22  2.683E-13
4.571E+01  2.207E-22  2.675E-13
4.529E+01  2.220E-22  2.667E-13
4.487E+01  2.234E-22  2.659E-13
4.446E+01  2.247E-22  2.650E-13
4.406E+01  2.260E-22  2.641E-13
4.365E+01  2.273E-22  2.632E-13
4.325E+01  2.285E-22  2.622E-13
4.285E+01  2.297E-22  2.612E-13
4.246E+01  2.309E-22  2.601E-13
4.207E+01  2.320E-22  2.589E-13
4.169E+01  2.331E-22  2.577E-13
4.130E+01  2.341E-22  2.565E-13
4.093E+01  2.350E-22  2.551E-13
4.055E+01  2.359E-22  2.537E-13
4.018E+01  2.366E-22  2.522E-13
3.981E+01  2.373E-22  2.505E-13
3.945E+01  2.378E-22  2.488E-13
3.908E+01  2.382E-22  2.469E-13
3.873E+01  2.385E-22  2.450E-13
3.837E+01  2.386E-22  2.428E-13
3.802E+01  2.385E-22  2.406E-13
3.767E+01  2.383E-22  2.381E-13
3.733E+01  2.379E-22  2.355E-13
3.698E+01  2.372E-22  2.327E-13
3.664E+01  2.363E-22  2.297E-13
3.631E+01  2.352E-22  2.265E-13
3.597E+01  2.338E-22  2.231E-13
3.565E+01  2.322E-22  2.196E-13
3.532E+01  2.304E-22  2.158E-13
3.499E+01  2.282E-22  2.118E-13
3.467E+01  2.258E-22  2.077E-13
3.436E+01  2.231E-22  2.033E-13
3.404E+01  2.201E-22  1.987E-13
3.373E+01  2.168E-22  1.939E-13
3.342E+01  2.132E-22  1.890E-13
3.311E+01  2.094E-22  1.839E-13
3.281E+01  2.054E-22  1.787E-13
3.251E+01  2.011E-22  1.734E-13
3.221E+01  1.965E-22  1.679E-13
3.192E+01  1.918E-22  1.624E-13
3.162E+01  1.869E-22  1.568E-13
3.133E+01  1.818E-22  1.511E-13
3.105E+01  1.766E-22  1.454E-13
3.076E+01  1.713E-22  1.398E-13
3.048E+01  1.660E-22  1.342E-13
3.020E+01  1.606E-22  1.286E-13
2.992E+01  1.551E-22  1.231E-13
2.965E+01  1.497E-22  1.177E-13
2.938E+01  1.443E-22  1.124E-13
2.911E+01  1.389E-22  1.073E-13
2.884E+01  1.337E-22  1.023E-13
2.858E+01  1.285E-22  9.742E-14
2.831E+01  1.235E-22  9.273E-14
2.805E+01  1.185E-22  8.822E-14
2.780E+01  1.138E-22  8.388E-14
2.754E+01  1.091E-22  7.972E-14
2.729E+01  1.046E-22  7.575E-14
2.704E+01  1.003E-22  7.196E-14
2.679E+01  9.619E-23  6.836E-14
2.655E+01  9.220E-23  6.493E-14
2.630E+01  8.840E-23  6.167E-14
2.606E+01  8.475E-23  5.859E-14
2.582E+01  8.128E-23  5.567E-14
2.559E+01  7.796E-23  5.291E-14
2.535E+01  7.481E-23  5.031E-14
2.512E+01  7.182E-23  4.785E-14
2.489E+01  6.897E-23  4.553E-14
2.466E+01  6.626E-23  4.335E-14
2.443E+01  6.370E-23  4.128E-14
2.421E+01  6.126E-23  3.934E-14
2.399E+01  5.894E-23  3.750E-14
2.377E+01  5.675E-23  3.578E-14
2.355E+01  5.470E-23  3.417E-14
2.333E+01  5.274E-23  3.265E-14
2.312E+01  5.088E-23  3.121E-14
2.291E+01  4.913E-23  2.986E-14
2.270E+01  4.750E-23  2.860E-14
2.249E+01  4.598E-23  2.743E-14
2.228E+01  4.455E-23  2.633E-14
2.208E+01  4.319E-23  2.530E-14
2.188E+01  4.190E-23  2.431E-14
2.168E+01  4.066E-23  2.338E-14
2.148E+01  3.950E-23  2.251E-14
2.128E+01  3.842E-23  2.169E-14
2.109E+01  3.742E-23  2.093E-14
2.089E+01  3.647E-23  2.021E-14
2.070E+01  3.558E-23  1.954E-14
2.051E+01  3.473E-23  1.890E-14
2.032E+01  3.395E-23  1.830E-14
2.014E+01  3.325E-23  1.776E-14
1.995E+01  3.259E-23  1.725E-14
1.977E+01  3.198E-23  1.677E-14
1.959E+01  3.140E-23  1.632E-14
1.941E+01  3.087E-23  1.589E-14
1.923E+01  3.037E-23  1.549E-14
1.905E+01  2.992E-23  1.512E-14
1.888E+01  2.953E-23  1.479E-14
1.871E+01  2.922E-23  1.450E-14
1.854E+01  2.902E-23  1.427E-14
1.837E+01  2.899E-23  1.412E-14
1.820E+01  2.927E-23  1.413E-14
1.803E+01  3.034E-23  1.451E-14
1.786E+01  3.245E-23  1.538E-14
1.770E+01  3.204E-23  1.504E-14
1.754E+01  3.411E-23  1.587E-14
1.738E+01  4.058E-23  1.870E-14
1.722E+01  3.752E-23  1.714E-14
1.706E+01  3.692E-23  1.671E-14
1.690E+01  3.563E-23  1.597E-14
1.675E+01  3.381E-23  1.502E-14
1.660E+01  3.442E-23  1.515E-14
1.644E+01  4.062E-23  1.772E-14
1.629E+01  3.031E-23  1.310E-14
1.614E+01  2.671E-23  1.144E-14
1.600E+01  2.728E-23  1.158E-14
1.585E+01  2.700E-23  1.135E-14
1.570E+01  2.313E-23  9.636E-15
1.556E+01  2.120E-23  8.749E-15
1.542E+01  2.017E-23  8.247E-15
1.528E+01  1.947E-23  7.891E-15
1.514E+01  1.895E-23  7.608E-15
1.500E+01  1.853E-23  7.372E-15
1.486E+01  1.820E-23  7.173E-15
1.472E+01  1.797E-23  7.017E-15
1.459E+01  1.789E-23  6.922E-15
1.445E+01  1.812E-23  6.949E-15
1.432E+01  1.904E-23  7.233E-15
1.419E+01  2.006E-23  7.551E-15
1.406E+01  1.879E-23  7.008E-15
1.393E+01  1.780E-23  6.579E-15
1.380E+01  1.791E-23  6.559E-15
1.368E+01  1.944E-23  7.054E-15
1.355E+01  1.999E-23  7.184E-15
1.343E+01  1.840E-23  6.555E-15
1.330E+01  1.830E-23  6.459E-15
1.318E+01  1.920E-23  6.713E-15
1.306E+01  2.108E-23  7.305E-15
1.294E+01  2.442E-23  8.382E-15
1.282E+01  2.981E-23  1.014E-14
1.271E+01  3.649E-23  1.230E-14
1.259E+01  3.922E-23  1.310E-14
1.247E+01  3.509E-23  1.161E-14
1.236E+01  3.009E-23  9.866E-15
1.225E+01  2.792E-23  9.071E-15
1.213E+01  2.830E-23  9.108E-15
1.202E+01  2.913E-23  9.289E-15
1.191E+01  2.796E-23  8.836E-15
1.180E+01  2.565E-23  8.030E-15
1.169E+01  2.482E-23  7.701E-15
1.159E+01  2.742E-23  8.427E-15
1.148E+01  3.637E-23  1.108E-14
1.138E+01  5.520E-23  1.666E-14
1.127E+01  7.636E-23  2.283E-14
1.117E+01  5.197E-23  1.540E-14
1.107E+01  2.749E-23  8.068E-15
1.096E+01  1.876E-23  5.458E-15
1.086E+01  1.464E-23  4.218E-15
1.076E+01  1.236E-23  3.529E-15
1.067E+01  1.096E-23  3.101E-15
1.057E+01  1.004E-23  2.813E-15
1.047E+01  9.391E-24  2.608E-15
1.038E+01  8.924E-24  2.456E-15
1.028E+01  8.578E-24  2.339E-15
1.019E+01  8.319E-24  2.248E-15
1.009E+01  8.131E-24  2.177E-15
1.000E+01  8.002E-24  2.123E-15
9.908E+00  7.927E-24  2.083E-15
9.817E+00  7.901E-24  2.058E-15
9.727E+00  7.925E-24  2.045E-15
9.638E+00  8.002E-24  2.046E-15
9.550E+00  8.135E-24  2.061E-15
9.462E+00  8.334E-24  2.092E-15
9.376E+00  8.615E-24  2.143E-15
9.290E+00  9.003E-24  2.219E-15
9.204E+00  9.540E-24  2.329E-15
9.120E+00  1.029E-23  2.490E-15
9.036E+00  1.138E-23  2.729E-15
8.954E+00  1.303E-23  3.094E-15
8.872E+00  1.562E-23  3.676E-15
8.790E+00  1.986E-23  4.632E-15
8.710E+00  2.631E-23  6.077E-15
8.630E+00  3.224E-23  7.380E-15
8.551E+00  3.132E-23  7.105E-15
8.472E+00  2.701E-23  6.071E-15
8.395E+00  2.478E-23  5.519E-15
8.318E+00  2.457E-23  5.420E-15
8.241E+00  2.557E-23  5.590E-15
8.166E+00  2.823E-23  6.114E-15
8.091E+00  3.333E-23  7.152E-15
8.017E+00  4.147E-23  8.819E-15
7.943E+00  5.217E-23  1.099E-14
7.870E+00  6.180E-23  1.290E-14
7.798E+00  6.611E-23  1.368E-14
7.727E+00  6.844E-23  1.403E-14
7.656E+00  7.283E-23  1.479E-14
7.586E+00  7.156E-23  1.440E-14
7.516E+00  5.879E-23  1.172E-14
7.447E+00  4.430E-23  8.751E-15
7.379E+00  3.390E-23  6.634E-15
7.311E+00  2.699E-23  5.235E-15
7.244E+00  2.223E-23  4.271E-15
7.178E+00  1.878E-23  3.576E-15
7.112E+00  1.624E-23  3.065E-15
7.047E+00  1.440E-23  2.692E-15
6.982E+00  1.314E-23  2.434E-15
6.918E+00  1.240E-23  2.276E-15
6.855E+00  1.212E-23  2.204E-15
6.792E+00  1.216E-23  2.190E-15
6.730E+00  1.224E-23  2.185E-15
6.668E+00  1.205E-23  2.132E-15
6.607E+00  1.161E-23  2.034E-15
6.546E+00  1.131E-23  1.965E-15
6.486E+00  1.172E-23  2.017E-15
6.427E+00  1.349E-23  2.301E-15
6.368E+00  1.798E-23  3.037E-15
6.310E+00  2.822E-23  4.723E-15
6.252E+00  4.584E-23  7.602E-15
6.194E+00  4.660E-23  7.656E-15
6.138E+00  2.791E-23  4.543E-15
6.081E+00  1.631E-23  2.631E-15
6.026E+00  1.091E-23  1.744E-15
5.970E+00  8.335E-24  1.320E-15
5.916E+00  7.168E-24  1.125E-15
5.861E+00  6.929E-24  1.077E-15
5.808E+00  7.560E-24  1.165E-15
5.754E+00  8.958E-24  1.367E-15
5.702E+00  9.765E-24  1.477E-15
5.649E+00  8.311E-24  1.246E-15
5.598E+00  6.179E-24  9.174E-16
5.546E+00  4.704E-24  6.920E-16
5.495E+00  3.844E-24  5.603E-16
5.445E+00  3.379E-24  4.880E-16
5.395E+00  3.207E-24  4.589E-16
5.346E+00  3.362E-24  4.768E-16
5.297E+00  3.962E-24  5.566E-16
5.248E+00  4.400E-24  6.125E-16
5.200E+00  3.553E-24  4.901E-16
5.152E+00  2.674E-24  3.654E-16
5.105E+00  2.191E-24  2.968E-16
5.058E+00  1.922E-24  2.579E-16
5.012E+00  1.754E-24  2.331E-16
4.966E+00  1.637E-24  2.156E-16
4.920E+00  1.549E-24  2.022E-16
4.875E+00  1.480E-24  1.914E-16
4.831E+00  1.424E-24  1.824E-16
4.786E+00  1.376E-24  1.747E-16
4.742E+00  1.335E-24  1.680E-16
4.699E+00  1.300E-24  1.620E-16
4.656E+00  1.268E-24  1.566E-16
4.613E+00  1.240E-24  1.518E-16
4.571E+00  1.215E-24  1.473E-16
4.529E+00  1.192E-24  1.432E-16
4.487E+00  1.172E-24  1.395E-16
4.446E+00  1.153E-24  1.360E-16
4.406E+00  1.136E-24  1.327E-16
4.365E+00  1.120E-24  1.297E-16
4.325E+00  1.106E-24  1.268E-16
4.285E+00  1.093E-24  1.242E-16
4.246E+00  1.081E-24  1.217E-16
4.207E+00  1.070E-24  1.194E-16
4.169E+00  1.060E-24  1.172E-16
4.130E+00  1.051E-24  1.151E-16
4.093E+00  1.043E-24  1.132E-16
4.055E+00  1.036E-24  1.114E-16
4.018E+00  1.030E-24  1.098E-16
3.981E+00  1.025E-24  1.083E-16
3.945E+00  1.022E-24  1.069E-16
3.908E+00  1.020E-24  1.057E-16
3.873E+00  1.019E-24  1.047E-16
3.837E+00  1.020E-24  1.038E-16
3.802E+00  1.024E-24  1.032E-16
3.767E+00  1.030E-24  1.029E-16
3.733E+00  1.039E-24  1.029E-16
3.698E+00  1.053E-24  1.033E-16
3.664E+00  1.073E-24  1.043E-16
3.631E+00  1.101E-24  1.061E-16
3.597E+00  1.141E-24  1.089E-16
3.565E+00  1.198E-24  1.133E-16
3.532E+00  1.281E-24  1.200E-16
3.499E+00  1.409E-24  1.308E-16
3.467E+00  1.616E-24  1.486E-16
3.436E+00  1.978E-24  1.802E-16
3.404E+00  2.692E-24  2.431E-16
3.373E+00  4.399E-24  3.935E-16
3.342E+00  1.005E-23  8.912E-16
3.311E+00  3.809E-23  3.346E-15
3.281E+00  2.601E-23  2.263E-15
3.251E+00  7.412E-24  6.391E-16
3.221E+00  3.527E-24  3.014E-16
3.192E+00  2.242E-24  1.898E-16
3.162E+00  1.674E-24  1.404E-16
3.133E+00  1.376E-24  1.143E-16
3.105E+00  1.199E-24  9.874E-17
3.076E+00  1.085E-24  8.857E-17
3.048E+00  1.008E-24  8.147E-17
3.020E+00  9.515E-25  7.622E-17
2.992E+00  9.093E-25  7.217E-17
2.965E+00  8.764E-25  6.892E-17
2.938E+00  8.499E-25  6.623E-17
2.911E+00  8.281E-25  6.394E-17
2.884E+00  8.096E-25  6.194E-17
2.858E+00  7.937E-25  6.016E-17
2.831E+00  7.797E-25  5.856E-17
2.805E+00  7.672E-25  5.709E-17
2.780E+00  7.559E-25  5.573E-17
2.754E+00  7.455E-25  5.446E-17
2.729E+00  7.358E-25  5.326E-17
2.704E+00  7.268E-25  5.213E-17
2.679E+00  7.182E-25  5.104E-17
2.655E+00  7.100E-25  4.999E-17
2.630E+00  7.021E-25  4.899E-17
2.606E+00  6.945E-25  4.801E-17
2.582E+00  6.872E-25  4.707E-17
2.559E+00  6.800E-25  4.615E-17
2.535E+00  6.729E-25  4.525E-17
2.512E+00  6.660E-25  4.437E-17
2.489E+00  6.591E-25  4.352E-17
2.466E+00  6.523E-25  4.267E-17
2.443E+00  6.455E-25  4.184E-17
2.421E+00  6.387E-25  4.102E-17
2.399E+00  6.321E-25  4.022E-17
2.377E+00  6.255E-25  3.944E-17
2.355E+00  6.190E-25  3.867E-17
2.333E+00  6.125E-25  3.791E-17
2.312E+00  6.060E-25  3.717E-17
2.291E+00  5.996E-25  3.643E-17
2.270E+00  5.931E-25  3.571E-17
2.249E+00  5.865E-25  3.499E-17
2.228E+00  5.799E-25  3.428E-17
2.208E+00  5.732E-25  3.357E-17
2.188E+00  5.663E-25  3.287E-17
2.168E+00  5.593E-25  3.216E-17
2.148E+00  5.520E-25  3.145E-17
2.128E+00  5.444E-25  3.073E-17
2.109E+00  5.364E-25  3.000E-17
2.089E+00  5.279E-25  2.926E-17
2.070E+00  5.188E-25  2.849E-17
2.051E+00  5.088E-25  2.768E-17
2.032E+00  4.978E-25  2.683E-17
2.014E+00  4.854E-25  2.593E-17
1.995E+00  4.716E-25  2.496E-17
1.977E+00  4.562E-25  2.392E-17
1.959E+00  4.398E-25  2.285E-17
1.941E+00  4.239E-25  2.183E-17
1.923E+00  4.114E-25  2.099E-17
1.905E+00  4.054E-25  2.049E-17
1.888E+00  4.069E-25  2.038E-17
1.871E+00  4.137E-25  2.053E-17
1.854E+00  4.222E-25  2.076E-17
1.837E+00  4.297E-25  2.094E-17
1.820E+00  4.352E-25  2.101E-17
1.803E+00  4.386E-25  2.098E-17
1.786E+00  4.401E-25  2.086E-17
1.770E+00  4.402E-25  2.067E-17
1.754E+00  4.393E-25  2.044E-17
1.738E+00  4.376E-25  2.017E-17
1.722E+00  4.354E-25  1.989E-17
1.706E+00  4.328E-25  1.959E-17
1.690E+00  4.300E-25  1.928E-17
1.675E+00  4.270E-25  1.897E-17
1.660E+00  4.239E-25  1.866E-17
1.644E+00  4.208E-25  1.836E-17
1.629E+00  4.177E-25  1.805E-17
1.614E+00  4.147E-25  1.776E-17
1.600E+00  4.118E-25  1.747E-17
1.585E+00  4.091E-25  1.720E-17
1.570E+00  4.066E-25  1.694E-17
1.556E+00  4.044E-25  1.669E-17
1.542E+00  4.025E-25  1.646E-17
1.528E+00  4.010E-25  1.625E-17
1.514E+00  3.999E-25  1.606E-17
1.500E+00  3.994E-25  1.589E-17
1.486E+00  3.995E-25  1.575E-17
1.472E+00  4.004E-25  1.564E-17
1.459E+00  4.021E-25  1.556E-17
1.445E+00  4.049E-25  1.552E-17
1.432E+00  4.089E-25  1.553E-17
1.419E+00  4.143E-25  1.560E-17
1.406E+00  4.216E-25  1.572E-17
1.393E+00  4.309E-25  1.592E-17
1.380E+00  4.428E-25  1.621E-17
1.368E+00  4.578E-25  1.661E-17
1.355E+00  4.762E-25  1.712E-17
1.343E+00  4.987E-25  1.776E-17
1.330E+00  5.254E-25  1.854E-17
1.318E+00  5.558E-25  1.943E-17
1.306E+00  5.881E-25  2.038E-17
1.294E+00  6.186E-25  2.124E-17
1.282E+00  6.409E-25  2.180E-17
1.271E+00  6.476E-25  2.183E-17
1.259E+00  6.333E-25  2.115E-17
1.247E+00  5.984E-25  1.980E-17
1.236E+00  5.496E-25  1.802E-17
1.225E+00  4.962E-25  1.612E-17
1.213E+00  4.456E-25  1.434E-17
1.202E+00  4.019E-25  1.282E-17
1.191E+00  3.665E-25  1.158E-17
1.180E+00  3.390E-25  1.061E-17
1.169E+00  3.188E-25  9.889E-18
1.159E+00  3.050E-25  9.375E-18
1.148E+00  2.972E-25  9.051E-18
1.138E+00  2.954E-25  8.913E-18
1.127E+00  3.000E-25  8.970E-18
1.117E+00  3.125E-25  9.259E-18
1.107E+00  3.354E-25  9.845E-18
1.096E+00  3.726E-25  1.084E-17
1.086E+00  4.301E-25  1.239E-17
1.076E+00  5.136E-25  1.467E-17
1.067E+00  6.184E-25  1.749E-17
1.057E+00  7.023E-25  1.969E-17
1.047E+00  6.883E-25  1.912E-17
1.038E+00  5.701E-25  1.569E-17
1.028E+00  4.305E-25  1.174E-17
1.019E+00  3.223E-25  8.708E-18
1.009E+00  2.490E-25  6.666E-18
1.000E+00  2.005E-25  5.318E-18
