Dust emission from Draine & Li (2007): ApJ 657, 810-837
================================================================
         4 = grain model
 4.000E-08 4.000E-01 2.250E-05 = a_01 (cm) , sigma_1 , b_C1/0.92
 2.500E-07 4.000E-01 7.500E-06 = a_02 (cm) , sigma_2 , b_C2/0.92
 1.000E+01 1.000E+05 2.000E+00 = Umin , Umax, beta (dN/dU propto U^{-beta})
 9.211E+01 = <U> 
     mmp83 = radfield
 4.101E-22 = power/H (erg s-1)
 band   nu*P_nu(band) j_nu(band)
 (um)   (erg s-1 H-1)(Jy cm2 sr-1 H-1)
1.270E+00  8.574E-25  2.888E-17 COBE-DIRBE
2.220E+00  1.092E-24  6.429E-17 COBE-DIRBE
3.530E+00  7.368E-24  6.899E-16 COBE-DIRBE
4.880E+00  3.547E-24  4.592E-16 COBE-DIRBE
1.229E+01  4.707E-23  1.535E-14 COBE-DIRBE
2.079E+01  9.874E-23  5.445E-14 COBE-DIRBE
5.599E+01  2.064E-22  3.066E-13 COBE-DIRBE
9.770E+01  8.941E-23  2.317E-13 COBE-DIRBE
1.479E+02  3.488E-23  1.368E-13 COBE-DIRBE
2.479E+02  6.573E-24  4.321E-14 COBE-DIRBE
1.200E+01  4.611E-23  1.468E-14 IRAS
2.500E+01  1.319E-22  8.746E-14 IRAS
6.000E+01  1.946E-22  3.097E-13 IRAS
1.000E+02  8.473E-23  2.248E-13 IRAS
3.550E+00  8.573E-24  8.073E-16 SST-IRAC
4.493E+00  2.440E-24  2.908E-16 SST-IRAC
5.731E+00  2.233E-23  3.395E-15 SST-IRAC
7.872E+00  5.916E-23  1.235E-14 SST-IRAC
2.368E+01  1.227E-22  7.705E-14 SST-MIPS
7.142E+01  1.382E-22  2.618E-13 SST-MIPS
1.559E+02  2.720E-23  1.125E-13 SST-MIPS
1.600E+01  5.450E-23  2.313E-14 SST-IRSPU
2.200E+01  1.171E-22  6.834E-14 SST-IRSPU











lambda    nu*dP/dnu     j_nu
 (um)   (erg s-1 H-1)(Jy cm2 sr-1 H-1)
1.000E+04  9.665E-31  2.564E-19
9.908E+03  1.002E-30  2.634E-19
9.817E+03  1.039E-30  2.705E-19
9.727E+03  1.077E-30  2.779E-19
9.638E+03  1.116E-30  2.854E-19
9.550E+03  1.157E-30  2.932E-19
9.462E+03  1.200E-30  3.012E-19
9.376E+03  1.244E-30  3.094E-19
9.290E+03  1.290E-30  3.178E-19
9.204E+03  1.337E-30  3.264E-19
9.120E+03  1.386E-30  3.353E-19
9.036E+03  1.437E-30  3.444E-19
8.954E+03  1.490E-30  3.538E-19
8.872E+03  1.544E-30  3.633E-19
8.790E+03  1.600E-30  3.732E-19
8.710E+03  1.659E-30  3.833E-19
8.630E+03  1.720E-30  3.936E-19
8.551E+03  1.783E-30  4.043E-19
8.472E+03  1.848E-30  4.153E-19
8.395E+03  1.916E-30  4.266E-19
8.318E+03  1.986E-30  4.382E-19
8.241E+03  2.059E-30  4.501E-19
8.166E+03  2.134E-30  4.623E-19
8.091E+03  2.213E-30  4.749E-19
8.017E+03  2.294E-30  4.879E-19
7.943E+03  2.379E-30  5.012E-19
7.870E+03  2.466E-30  5.149E-19
7.798E+03  2.557E-30  5.290E-19
7.727E+03  2.652E-30  5.435E-19
7.656E+03  2.749E-30  5.584E-19
7.586E+03  2.851E-30  5.737E-19
7.516E+03  2.956E-30  5.894E-19
7.447E+03  3.066E-30  6.056E-19
7.379E+03  3.179E-30  6.222E-19
7.311E+03  3.297E-30  6.394E-19
7.244E+03  3.419E-30  6.570E-19
7.178E+03  3.545E-30  6.751E-19
7.112E+03  3.677E-30  6.937E-19
7.047E+03  3.813E-30  7.128E-19
6.982E+03  3.955E-30  7.325E-19
6.918E+03  4.102E-30  7.527E-19
6.855E+03  4.254E-30  7.735E-19
6.792E+03  4.412E-30  7.948E-19
6.730E+03  4.576E-30  8.168E-19
6.668E+03  4.746E-30  8.394E-19
6.607E+03  4.922E-30  8.627E-19
6.546E+03  5.106E-30  8.866E-19
6.486E+03  5.296E-30  9.112E-19
6.427E+03  5.493E-30  9.365E-19
6.368E+03  5.698E-30  9.625E-19
6.310E+03  5.911E-30  9.893E-19
6.252E+03  6.132E-30  1.017E-18
6.194E+03  6.361E-30  1.045E-18
6.138E+03  6.599E-30  1.074E-18
6.081E+03  6.846E-30  1.104E-18
6.026E+03  7.103E-30  1.135E-18
5.970E+03  7.369E-30  1.167E-18
5.916E+03  7.646E-30  1.200E-18
5.861E+03  7.933E-30  1.233E-18
5.808E+03  8.231E-30  1.268E-18
5.754E+03  8.540E-30  1.304E-18
5.702E+03  8.861E-30  1.340E-18
5.649E+03  9.195E-30  1.378E-18
5.598E+03  9.541E-30  1.417E-18
5.546E+03  9.901E-30  1.457E-18
5.495E+03  1.027E-29  1.498E-18
5.445E+03  1.066E-29  1.540E-18
5.395E+03  1.106E-29  1.583E-18
5.346E+03  1.148E-29  1.628E-18
5.297E+03  1.192E-29  1.674E-18
5.248E+03  1.237E-29  1.722E-18
5.200E+03  1.284E-29  1.770E-18
5.152E+03  1.332E-29  1.821E-18
5.105E+03  1.383E-29  1.872E-18
5.058E+03  1.435E-29  1.925E-18
5.012E+03  1.489E-29  1.980E-18
4.966E+03  1.546E-29  2.036E-18
4.920E+03  1.605E-29  2.094E-18
4.875E+03  1.666E-29  2.154E-18
4.831E+03  1.729E-29  2.215E-18
4.786E+03  1.795E-29  2.279E-18
4.742E+03  1.863E-29  2.344E-18
4.699E+03  1.934E-29  2.411E-18
4.656E+03  2.008E-29  2.480E-18
4.613E+03  2.084E-29  2.551E-18
4.571E+03  2.164E-29  2.624E-18
4.529E+03  2.247E-29  2.699E-18
4.487E+03  2.333E-29  2.776E-18
4.446E+03  2.422E-29  2.856E-18
4.406E+03  2.514E-29  2.938E-18
4.365E+03  2.611E-29  3.023E-18
4.325E+03  2.711E-29  3.110E-18
4.285E+03  2.815E-29  3.200E-18
4.246E+03  2.923E-29  3.292E-18
4.207E+03  3.035E-29  3.387E-18
4.169E+03  3.152E-29  3.485E-18
4.130E+03  3.273E-29  3.586E-18
4.093E+03  3.399E-29  3.690E-18
4.055E+03  3.530E-29  3.797E-18
4.018E+03  3.666E-29  3.907E-18
3.981E+03  3.808E-29  4.021E-18
3.945E+03  3.954E-29  4.137E-18
3.908E+03  4.107E-29  4.258E-18
3.873E+03  4.265E-29  4.381E-18
3.837E+03  4.430E-29  4.509E-18
3.802E+03  4.601E-29  4.640E-18
3.767E+03  4.779E-29  4.775E-18
3.733E+03  4.964E-29  4.915E-18
3.698E+03  5.157E-29  5.059E-18
3.664E+03  5.357E-29  5.207E-18
3.631E+03  5.564E-29  5.359E-18
3.597E+03  5.781E-29  5.516E-18
3.565E+03  6.005E-29  5.678E-18
3.532E+03  6.239E-29  5.845E-18
3.499E+03  6.482E-29  6.017E-18
3.467E+03  6.734E-29  6.194E-18
3.436E+03  6.997E-29  6.376E-18
3.404E+03  7.270E-29  6.564E-18
3.373E+03  7.554E-29  6.758E-18
3.342E+03  7.849E-29  6.958E-18
3.311E+03  8.156E-29  7.164E-18
3.281E+03  8.475E-29  7.376E-18
3.251E+03  8.807E-29  7.595E-18
3.221E+03  9.152E-29  7.820E-18
3.192E+03  9.511E-29  8.052E-18
3.162E+03  9.885E-29  8.292E-18
3.133E+03  1.027E-28  8.538E-18
3.105E+03  1.068E-28  8.792E-18
3.076E+03  1.110E-28  9.055E-18
3.048E+03  1.153E-28  9.325E-18
3.020E+03  1.199E-28  9.603E-18
2.992E+03  1.246E-28  9.890E-18
2.965E+03  1.295E-28  1.018E-17
2.938E+03  1.346E-28  1.049E-17
2.911E+03  1.399E-28  1.080E-17
2.884E+03  1.454E-28  1.112E-17
2.858E+03  1.511E-28  1.146E-17
2.831E+03  1.571E-28  1.180E-17
2.805E+03  1.633E-28  1.215E-17
2.780E+03  1.698E-28  1.252E-17
2.754E+03  1.765E-28  1.289E-17
2.729E+03  1.835E-28  1.328E-17
2.704E+03  1.907E-28  1.368E-17
2.679E+03  1.983E-28  1.409E-17
2.655E+03  2.062E-28  1.452E-17
2.630E+03  2.144E-28  1.496E-17
2.606E+03  2.229E-28  1.541E-17
2.582E+03  2.317E-28  1.587E-17
2.559E+03  2.410E-28  1.635E-17
2.535E+03  2.506E-28  1.685E-17
2.512E+03  2.606E-28  1.736E-17
2.489E+03  2.709E-28  1.789E-17
2.466E+03  2.818E-28  1.843E-17
2.443E+03  2.930E-28  1.899E-17
2.421E+03  3.047E-28  1.957E-17
2.399E+03  3.169E-28  2.016E-17
2.377E+03  3.296E-28  2.078E-17
2.355E+03  3.428E-28  2.141E-17
2.333E+03  3.565E-28  2.207E-17
2.312E+03  3.708E-28  2.274E-17
2.291E+03  3.857E-28  2.344E-17
2.270E+03  4.011E-28  2.415E-17
2.249E+03  4.173E-28  2.489E-17
2.228E+03  4.340E-28  2.566E-17
2.208E+03  4.515E-28  2.644E-17
2.188E+03  4.696E-28  2.725E-17
2.168E+03  4.885E-28  2.809E-17
2.148E+03  5.082E-28  2.895E-17
2.128E+03  5.287E-28  2.984E-17
2.109E+03  5.500E-28  3.076E-17
2.089E+03  5.722E-28  3.171E-17
2.070E+03  5.953E-28  3.269E-17
2.051E+03  6.193E-28  3.370E-17
2.032E+03  6.443E-28  3.473E-17
2.014E+03  6.703E-28  3.581E-17
1.995E+03  6.974E-28  3.691E-17
1.977E+03  7.256E-28  3.805E-17
1.959E+03  7.550E-28  3.923E-17
1.941E+03  7.855E-28  4.044E-17
1.923E+03  8.173E-28  4.169E-17
1.905E+03  8.504E-28  4.298E-17
1.888E+03  8.849E-28  4.432E-17
1.871E+03  9.208E-28  4.569E-17
1.854E+03  9.581E-28  4.711E-17
1.837E+03  9.970E-28  4.857E-17
1.820E+03  1.037E-27  5.008E-17
1.803E+03  1.080E-27  5.163E-17
1.786E+03  1.123E-27  5.324E-17
1.770E+03  1.169E-27  5.490E-17
1.754E+03  1.217E-27  5.660E-17
1.738E+03  1.266E-27  5.837E-17
1.722E+03  1.318E-27  6.019E-17
1.706E+03  1.371E-27  6.206E-17
1.690E+03  1.427E-27  6.400E-17
1.675E+03  1.485E-27  6.599E-17
1.660E+03  1.546E-27  6.805E-17
1.644E+03  1.609E-27  7.018E-17
1.629E+03  1.674E-27  7.237E-17
1.614E+03  1.743E-27  7.463E-17
1.600E+03  1.814E-27  7.696E-17
1.585E+03  1.888E-27  7.937E-17
1.570E+03  1.965E-27  8.185E-17
1.556E+03  2.045E-27  8.441E-17
1.542E+03  2.129E-27  8.705E-17
1.528E+03  2.216E-27  8.977E-17
1.514E+03  2.306E-27  9.259E-17
1.500E+03  2.400E-27  9.548E-17
1.486E+03  2.498E-27  9.848E-17
1.472E+03  2.601E-27  1.016E-16
1.459E+03  2.707E-27  1.048E-16
1.445E+03  2.818E-27  1.080E-16
1.432E+03  2.933E-27  1.114E-16
1.419E+03  3.053E-27  1.149E-16
1.406E+03  3.178E-27  1.185E-16
1.393E+03  3.309E-27  1.223E-16
1.380E+03  3.444E-27  1.261E-16
1.368E+03  3.585E-27  1.301E-16
1.355E+03  3.732E-27  1.342E-16
1.343E+03  3.885E-27  1.384E-16
1.330E+03  4.044E-27  1.427E-16
1.318E+03  4.210E-27  1.472E-16
1.306E+03  4.383E-27  1.518E-16
1.294E+03  4.562E-27  1.566E-16
1.282E+03  4.749E-27  1.615E-16
1.271E+03  4.944E-27  1.666E-16
1.259E+03  5.147E-27  1.719E-16
1.247E+03  5.358E-27  1.773E-16
1.236E+03  5.577E-27  1.829E-16
1.225E+03  5.806E-27  1.886E-16
1.213E+03  6.044E-27  1.945E-16
1.202E+03  6.292E-27  2.007E-16
1.191E+03  6.550E-27  2.070E-16
1.180E+03  6.818E-27  2.135E-16
1.169E+03  7.098E-27  2.202E-16
1.159E+03  7.389E-27  2.271E-16
1.148E+03  7.691E-27  2.342E-16
1.138E+03  8.006E-27  2.416E-16
1.127E+03  8.334E-27  2.492E-16
1.117E+03  8.676E-27  2.570E-16
1.107E+03  9.031E-27  2.651E-16
1.096E+03  9.401E-27  2.734E-16
1.086E+03  9.786E-27  2.820E-16
1.076E+03  1.019E-26  2.909E-16
1.067E+03  1.060E-26  3.000E-16
1.057E+03  1.104E-26  3.094E-16
1.047E+03  1.149E-26  3.191E-16
1.038E+03  1.196E-26  3.291E-16
1.028E+03  1.245E-26  3.394E-16
1.019E+03  1.296E-26  3.501E-16
1.009E+03  1.349E-26  3.610E-16
1.000E+03  1.404E-26  3.723E-16
9.908E+02  1.461E-26  3.840E-16
9.817E+02  1.521E-26  3.961E-16
9.727E+02  1.583E-26  4.085E-16
9.638E+02  1.648E-26  4.213E-16
9.550E+02  1.715E-26  4.345E-16
9.462E+02  1.785E-26  4.481E-16
9.376E+02  1.858E-26  4.621E-16
9.290E+02  1.934E-26  4.765E-16
9.204E+02  2.013E-26  4.914E-16
9.120E+02  2.095E-26  5.068E-16
9.036E+02  2.180E-26  5.226E-16
8.954E+02  2.269E-26  5.389E-16
8.872E+02  2.361E-26  5.557E-16
8.790E+02  2.458E-26  5.730E-16
8.710E+02  2.558E-26  5.909E-16
8.630E+02  2.661E-26  6.092E-16
8.551E+02  2.770E-26  6.282E-16
8.472E+02  2.882E-26  6.477E-16
8.395E+02  2.999E-26  6.678E-16
8.318E+02  3.120E-26  6.885E-16
8.241E+02  3.247E-26  7.098E-16
8.166E+02  3.378E-26  7.318E-16
8.091E+02  3.515E-26  7.544E-16
8.017E+02  3.657E-26  7.777E-16
7.943E+02  3.805E-26  8.017E-16
7.870E+02  3.959E-26  8.265E-16
7.798E+02  4.118E-26  8.519E-16
7.727E+02  4.285E-26  8.782E-16
7.656E+02  4.458E-26  9.052E-16
7.586E+02  4.637E-26  9.331E-16
7.516E+02  4.824E-26  9.618E-16
7.447E+02  5.019E-26  9.914E-16
7.379E+02  5.221E-26  1.022E-15
7.311E+02  5.432E-26  1.053E-15
7.244E+02  5.651E-26  1.086E-15
7.178E+02  5.879E-26  1.119E-15
7.112E+02  6.116E-26  1.154E-15
7.047E+02  6.363E-26  1.189E-15
6.982E+02  6.620E-26  1.226E-15
6.918E+02  6.887E-26  1.264E-15
6.855E+02  7.164E-26  1.303E-15
6.792E+02  7.453E-26  1.343E-15
6.730E+02  7.753E-26  1.384E-15
6.668E+02  8.065E-26  1.426E-15
6.607E+02  8.389E-26  1.470E-15
6.546E+02  8.727E-26  1.515E-15
6.486E+02  9.079E-26  1.562E-15
6.427E+02  9.446E-26  1.610E-15
6.368E+02  9.828E-26  1.660E-15
6.310E+02  1.022E-25  1.711E-15
6.252E+02  1.064E-25  1.764E-15
6.194E+02  1.107E-25  1.818E-15
6.138E+02  1.151E-25  1.875E-15
6.081E+02  1.198E-25  1.932E-15
6.026E+02  1.246E-25  1.992E-15
5.970E+02  1.297E-25  2.054E-15
5.916E+02  1.349E-25  2.117E-15
5.861E+02  1.404E-25  2.182E-15
5.808E+02  1.460E-25  2.250E-15
5.754E+02  1.519E-25  2.319E-15
5.702E+02  1.581E-25  2.391E-15
5.649E+02  1.645E-25  2.465E-15
5.598E+02  1.711E-25  2.541E-15
5.546E+02  1.780E-25  2.619E-15
5.495E+02  1.852E-25  2.700E-15
5.445E+02  1.927E-25  2.783E-15
5.395E+02  2.005E-25  2.869E-15
5.346E+02  2.086E-25  2.958E-15
5.297E+02  2.171E-25  3.050E-15
5.248E+02  2.258E-25  3.144E-15
5.200E+02  2.350E-25  3.241E-15
5.152E+02  2.445E-25  3.341E-15
5.105E+02  2.543E-25  3.444E-15
5.058E+02  2.646E-25  3.551E-15
5.012E+02  2.753E-25  3.660E-15
4.966E+02  2.864E-25  3.773E-15
4.920E+02  2.980E-25  3.890E-15
4.875E+02  3.100E-25  4.010E-15
4.831E+02  3.226E-25  4.133E-15
4.786E+02  3.356E-25  4.261E-15
4.742E+02  3.491E-25  4.392E-15
4.699E+02  3.632E-25  4.528E-15
4.656E+02  3.779E-25  4.667E-15
4.613E+02  3.931E-25  4.811E-15
4.571E+02  4.090E-25  4.959E-15
4.529E+02  4.255E-25  5.112E-15
4.487E+02  4.426E-25  5.269E-15
4.446E+02  4.605E-25  5.431E-15
4.406E+02  4.790E-25  5.598E-15
4.365E+02  4.983E-25  5.770E-15
4.325E+02  5.184E-25  5.947E-15
4.285E+02  5.392E-25  6.130E-15
4.246E+02  5.609E-25  6.318E-15
4.207E+02  5.835E-25  6.512E-15
4.169E+02  6.069E-25  6.711E-15
4.130E+02  6.313E-25  6.917E-15
4.093E+02  6.567E-25  7.129E-15
4.055E+02  6.831E-25  7.347E-15
4.018E+02  7.105E-25  7.572E-15
3.981E+02  7.390E-25  7.804E-15
3.945E+02  7.687E-25  8.043E-15
3.908E+02  7.995E-25  8.289E-15
3.873E+02  8.316E-25  8.542E-15
3.837E+02  8.649E-25  8.803E-15
3.802E+02  8.996E-25  9.072E-15
3.767E+02  9.356E-25  9.349E-15
3.733E+02  9.730E-25  9.634E-15
3.698E+02  1.012E-24  9.927E-15
3.664E+02  1.052E-24  1.023E-14
3.631E+02  1.094E-24  1.054E-14
3.597E+02  1.138E-24  1.086E-14
3.565E+02  1.184E-24  1.119E-14
3.532E+02  1.231E-24  1.153E-14
3.499E+02  1.280E-24  1.188E-14
3.467E+02  1.331E-24  1.224E-14
3.436E+02  1.384E-24  1.261E-14
3.404E+02  1.439E-24  1.299E-14
3.373E+02  1.496E-24  1.338E-14
3.342E+02  1.555E-24  1.379E-14
3.311E+02  1.617E-24  1.420E-14
3.281E+02  1.681E-24  1.463E-14
3.251E+02  1.747E-24  1.507E-14
3.221E+02  1.816E-24  1.552E-14
3.192E+02  1.888E-24  1.598E-14
3.162E+02  1.963E-24  1.646E-14
3.133E+02  2.040E-24  1.695E-14
3.105E+02  2.120E-24  1.746E-14
3.076E+02  2.204E-24  1.798E-14
3.048E+02  2.290E-24  1.852E-14
3.020E+02  2.380E-24  1.907E-14
2.992E+02  2.473E-24  1.963E-14
2.965E+02  2.570E-24  2.021E-14
2.938E+02  2.670E-24  2.081E-14
2.911E+02  2.775E-24  2.142E-14
2.884E+02  2.883E-24  2.205E-14
2.858E+02  2.995E-24  2.270E-14
2.831E+02  3.111E-24  2.337E-14
2.805E+02  3.232E-24  2.405E-14
2.780E+02  3.357E-24  2.475E-14
2.754E+02  3.487E-24  2.548E-14
2.729E+02  3.622E-24  2.622E-14
2.704E+02  3.763E-24  2.699E-14
2.679E+02  3.908E-24  2.777E-14
2.655E+02  4.059E-24  2.858E-14
2.630E+02  4.216E-24  2.941E-14
2.606E+02  4.378E-24  3.027E-14
2.582E+02  4.546E-24  3.114E-14
2.559E+02  4.720E-24  3.204E-14
2.535E+02  4.900E-24  3.295E-14
2.512E+02  5.085E-24  3.388E-14
2.489E+02  5.274E-24  3.482E-14
2.466E+02  5.467E-24  3.576E-14
2.443E+02  5.665E-24  3.672E-14
2.421E+02  5.869E-24  3.769E-14
2.399E+02  6.078E-24  3.868E-14
2.377E+02  6.291E-24  3.967E-14
2.355E+02  6.512E-24  4.068E-14
2.333E+02  6.739E-24  4.171E-14
2.312E+02  6.973E-24  4.276E-14
2.291E+02  7.214E-24  4.384E-14
2.270E+02  7.464E-24  4.494E-14
2.249E+02  7.720E-24  4.606E-14
2.228E+02  7.986E-24  4.720E-14
2.208E+02  8.259E-24  4.837E-14
2.188E+02  8.541E-24  4.956E-14
2.168E+02  8.831E-24  5.078E-14
2.148E+02  9.130E-24  5.202E-14
2.128E+02  9.439E-24  5.328E-14
2.109E+02  9.756E-24  5.457E-14
2.089E+02  1.008E-23  5.588E-14
2.070E+02  1.042E-23  5.722E-14
2.051E+02  1.077E-23  5.858E-14
2.032E+02  1.112E-23  5.996E-14
2.014E+02  1.149E-23  6.138E-14
1.995E+02  1.187E-23  6.282E-14
1.977E+02  1.226E-23  6.428E-14
1.959E+02  1.266E-23  6.577E-14
1.941E+02  1.307E-23  6.729E-14
1.923E+02  1.349E-23  6.883E-14
1.905E+02  1.393E-23  7.040E-14
1.888E+02  1.438E-23  7.200E-14
1.871E+02  1.484E-23  7.363E-14
1.854E+02  1.531E-23  7.529E-14
1.837E+02  1.580E-23  7.697E-14
1.820E+02  1.630E-23  7.869E-14
1.803E+02  1.682E-23  8.043E-14
1.786E+02  1.735E-23  8.221E-14
1.770E+02  1.789E-23  8.401E-14
1.754E+02  1.845E-23  8.585E-14
1.738E+02  1.903E-23  8.772E-14
1.722E+02  1.962E-23  8.963E-14
1.706E+02  2.023E-23  9.156E-14
1.690E+02  2.086E-23  9.354E-14
1.675E+02  2.151E-23  9.555E-14
1.660E+02  2.217E-23  9.760E-14
1.644E+02  2.285E-23  9.968E-14
1.629E+02  2.356E-23  1.018E-13
1.614E+02  2.428E-23  1.040E-13
1.600E+02  2.503E-23  1.062E-13
1.585E+02  2.580E-23  1.085E-13
1.570E+02  2.659E-23  1.108E-13
1.556E+02  2.741E-23  1.131E-13
1.542E+02  2.826E-23  1.156E-13
1.528E+02  2.913E-23  1.180E-13
1.514E+02  3.003E-23  1.206E-13
1.500E+02  3.096E-23  1.232E-13
1.486E+02  3.191E-23  1.258E-13
1.472E+02  3.290E-23  1.285E-13
1.459E+02  3.390E-23  1.312E-13
1.445E+02  3.492E-23  1.339E-13
1.432E+02  3.595E-23  1.366E-13
1.419E+02  3.698E-23  1.392E-13
1.406E+02  3.800E-23  1.417E-13
1.393E+02  3.899E-23  1.441E-13
1.380E+02  3.995E-23  1.463E-13
1.368E+02  4.088E-23  1.483E-13
1.355E+02  4.178E-23  1.502E-13
1.343E+02  4.267E-23  1.520E-13
1.330E+02  4.355E-23  1.537E-13
1.318E+02  4.444E-23  1.554E-13
1.306E+02  4.535E-23  1.571E-13
1.294E+02  4.628E-23  1.589E-13
1.282E+02  4.723E-23  1.607E-13
1.271E+02  4.820E-23  1.625E-13
1.259E+02  4.920E-23  1.643E-13
1.247E+02  5.023E-23  1.662E-13
1.236E+02  5.129E-23  1.682E-13
1.225E+02  5.237E-23  1.701E-13
1.213E+02  5.349E-23  1.721E-13
1.202E+02  5.462E-23  1.742E-13
1.191E+02  5.579E-23  1.763E-13
1.180E+02  5.697E-23  1.784E-13
1.169E+02  5.818E-23  1.805E-13
1.159E+02  5.941E-23  1.826E-13
1.148E+02  6.067E-23  1.848E-13
1.138E+02  6.195E-23  1.869E-13
1.127E+02  6.325E-23  1.891E-13
1.117E+02  6.458E-23  1.913E-13
1.107E+02  6.593E-23  1.935E-13
1.096E+02  6.731E-23  1.958E-13
1.086E+02  6.871E-23  1.980E-13
1.076E+02  7.013E-23  2.003E-13
1.067E+02  7.158E-23  2.025E-13
1.057E+02  7.305E-23  2.048E-13
1.047E+02  7.453E-23  2.070E-13
1.038E+02  7.604E-23  2.093E-13
1.028E+02  7.757E-23  2.115E-13
1.019E+02  7.910E-23  2.137E-13
1.009E+02  8.066E-23  2.159E-13
1.000E+02  8.224E-23  2.182E-13
9.908E+01  8.383E-23  2.203E-13
9.817E+01  8.545E-23  2.225E-13
9.727E+01  8.707E-23  2.247E-13
9.638E+01  8.872E-23  2.268E-13
9.550E+01  9.038E-23  2.289E-13
9.462E+01  9.205E-23  2.310E-13
9.376E+01  9.374E-23  2.331E-13
9.290E+01  9.544E-23  2.352E-13
9.204E+01  9.715E-23  2.372E-13
9.120E+01  9.888E-23  2.392E-13
9.036E+01  1.006E-22  2.412E-13
8.954E+01  1.024E-22  2.431E-13
8.872E+01  1.041E-22  2.451E-13
8.790E+01  1.059E-22  2.470E-13
8.710E+01  1.077E-22  2.489E-13
8.630E+01  1.095E-22  2.507E-13
8.551E+01  1.114E-22  2.526E-13
8.472E+01  1.132E-22  2.543E-13
8.395E+01  1.150E-22  2.561E-13
8.318E+01  1.169E-22  2.578E-13
8.241E+01  1.187E-22  2.596E-13
8.166E+01  1.206E-22  2.612E-13
8.091E+01  1.225E-22  2.629E-13
8.017E+01  1.244E-22  2.645E-13
7.943E+01  1.263E-22  2.661E-13
7.870E+01  1.282E-22  2.676E-13
7.798E+01  1.301E-22  2.691E-13
7.727E+01  1.320E-22  2.706E-13
7.656E+01  1.340E-22  2.720E-13
7.586E+01  1.359E-22  2.734E-13
7.516E+01  1.378E-22  2.748E-13
7.447E+01  1.398E-22  2.761E-13
7.379E+01  1.417E-22  2.773E-13
7.311E+01  1.436E-22  2.786E-13
7.244E+01  1.456E-22  2.797E-13
7.178E+01  1.475E-22  2.809E-13
7.112E+01  1.495E-22  2.820E-13
7.047E+01  1.514E-22  2.830E-13
6.982E+01  1.534E-22  2.841E-13
6.918E+01  1.554E-22  2.851E-13
6.855E+01  1.573E-22  2.861E-13
6.792E+01  1.593E-22  2.870E-13
6.730E+01  1.613E-22  2.879E-13
6.668E+01  1.632E-22  2.887E-13
6.607E+01  1.652E-22  2.896E-13
6.546E+01  1.672E-22  2.903E-13
6.486E+01  1.692E-22  2.911E-13
6.427E+01  1.712E-22  2.918E-13
6.368E+01  1.732E-22  2.925E-13
6.310E+01  1.751E-22  2.931E-13
6.252E+01  1.771E-22  2.938E-13
6.194E+01  1.792E-22  2.944E-13
6.138E+01  1.812E-22  2.950E-13
6.081E+01  1.832E-22  2.955E-13
6.026E+01  1.852E-22  2.960E-13
5.970E+01  1.872E-22  2.965E-13
5.916E+01  1.893E-22  2.970E-13
5.861E+01  1.913E-22  2.974E-13
5.808E+01  1.933E-22  2.978E-13
5.754E+01  1.953E-22  2.982E-13
5.702E+01  1.974E-22  2.985E-13
5.649E+01  1.995E-22  2.989E-13
5.598E+01  2.015E-22  2.992E-13
5.546E+01  2.036E-22  2.996E-13
5.495E+01  2.057E-22  2.999E-13
5.445E+01  2.078E-22  3.002E-13
5.395E+01  2.100E-22  3.005E-13
5.346E+01  2.121E-22  3.008E-13
5.297E+01  2.143E-22  3.011E-13
5.248E+01  2.165E-22  3.013E-13
5.200E+01  2.187E-22  3.016E-13
5.152E+01  2.209E-22  3.019E-13
5.105E+01  2.231E-22  3.021E-13
5.058E+01  2.254E-22  3.024E-13
5.012E+01  2.276E-22  3.026E-13
4.966E+01  2.299E-22  3.029E-13
4.920E+01  2.322E-22  3.031E-13
4.875E+01  2.346E-22  3.033E-13
4.831E+01  2.369E-22  3.036E-13
4.786E+01  2.393E-22  3.039E-13
4.742E+01  2.418E-22  3.041E-13
4.699E+01  2.442E-22  3.044E-13
4.656E+01  2.467E-22  3.047E-13
4.613E+01  2.492E-22  3.050E-13
4.571E+01  2.518E-22  3.052E-13
4.529E+01  2.543E-22  3.055E-13
4.487E+01  2.569E-22  3.058E-13
4.446E+01  2.596E-22  3.062E-13
4.406E+01  2.622E-22  3.064E-13
4.365E+01  2.649E-22  3.067E-13
4.325E+01  2.676E-22  3.070E-13
4.285E+01  2.703E-22  3.073E-13
4.246E+01  2.730E-22  3.075E-13
4.207E+01  2.757E-22  3.077E-13
4.169E+01  2.784E-22  3.079E-13
4.130E+01  2.811E-22  3.080E-13
4.093E+01  2.838E-22  3.081E-13
4.055E+01  2.864E-22  3.080E-13
4.018E+01  2.889E-22  3.080E-13
3.981E+01  2.915E-22  3.078E-13
3.945E+01  2.939E-22  3.075E-13
3.908E+01  2.963E-22  3.071E-13
3.873E+01  2.985E-22  3.066E-13
3.837E+01  3.006E-22  3.060E-13
3.802E+01  3.026E-22  3.052E-13
3.767E+01  3.044E-22  3.042E-13
3.733E+01  3.060E-22  3.030E-13
3.698E+01  3.074E-22  3.015E-13
3.664E+01  3.085E-22  2.999E-13
3.631E+01  3.095E-22  2.980E-13
3.597E+01  3.101E-22  2.959E-13
3.565E+01  3.105E-22  2.935E-13
3.532E+01  3.105E-22  2.909E-13
3.499E+01  3.102E-22  2.880E-13
3.467E+01  3.096E-22  2.848E-13
3.436E+01  3.086E-22  2.812E-13
3.404E+01  3.072E-22  2.774E-13
3.373E+01  3.055E-22  2.733E-13
3.342E+01  3.033E-22  2.689E-13
3.311E+01  3.008E-22  2.642E-13
3.281E+01  2.979E-22  2.593E-13
3.251E+01  2.947E-22  2.541E-13
3.221E+01  2.910E-22  2.486E-13
3.192E+01  2.870E-22  2.430E-13
3.162E+01  2.827E-22  2.371E-13
3.133E+01  2.780E-22  2.311E-13
3.105E+01  2.731E-22  2.249E-13
3.076E+01  2.679E-22  2.186E-13
3.048E+01  2.625E-22  2.122E-13
3.020E+01  2.569E-22  2.058E-13
2.992E+01  2.511E-22  1.993E-13
2.965E+01  2.452E-22  1.929E-13
2.938E+01  2.392E-22  1.864E-13
2.911E+01  2.332E-22  1.801E-13
2.884E+01  2.271E-22  1.738E-13
2.858E+01  2.211E-22  1.676E-13
2.831E+01  2.151E-22  1.615E-13
2.805E+01  2.091E-22  1.556E-13
2.780E+01  2.032E-22  1.498E-13
2.754E+01  1.974E-22  1.442E-13
2.729E+01  1.917E-22  1.388E-13
2.704E+01  1.862E-22  1.335E-13
2.679E+01  1.808E-22  1.285E-13
2.655E+01  1.755E-22  1.236E-13
2.630E+01  1.704E-22  1.189E-13
2.606E+01  1.655E-22  1.144E-13
2.582E+01  1.607E-22  1.101E-13
2.559E+01  1.561E-22  1.060E-13
2.535E+01  1.517E-22  1.020E-13
2.512E+01  1.474E-22  9.822E-14
2.489E+01  1.433E-22  9.461E-14
2.466E+01  1.393E-22  9.115E-14
2.443E+01  1.355E-22  8.785E-14
2.421E+01  1.319E-22  8.469E-14
2.399E+01  1.283E-22  8.165E-14
2.377E+01  1.249E-22  7.877E-14
2.355E+01  1.217E-22  7.605E-14
2.333E+01  1.186E-22  7.343E-14
2.312E+01  1.156E-22  7.091E-14
2.291E+01  1.127E-22  6.851E-14
2.270E+01  1.101E-22  6.627E-14
2.249E+01  1.075E-22  6.416E-14
2.228E+01  1.052E-22  6.216E-14
2.208E+01  1.029E-22  6.024E-14
2.188E+01  1.006E-22  5.836E-14
2.168E+01  9.835E-23  5.655E-14
2.148E+01  9.623E-23  5.483E-14
2.128E+01  9.424E-23  5.320E-14
2.109E+01  9.238E-23  5.167E-14
2.089E+01  9.058E-23  5.020E-14
2.070E+01  8.882E-23  4.877E-14
2.051E+01  8.712E-23  4.740E-14
2.032E+01  8.552E-23  4.611E-14
2.014E+01  8.413E-23  4.494E-14
1.995E+01  8.278E-23  4.381E-14
1.977E+01  8.146E-23  4.272E-14
1.959E+01  8.015E-23  4.164E-14
1.941E+01  7.885E-23  4.059E-14
1.923E+01  7.755E-23  3.956E-14
1.905E+01  7.628E-23  3.856E-14
1.888E+01  7.505E-23  3.759E-14
1.871E+01  7.388E-23  3.666E-14
1.854E+01  7.282E-23  3.580E-14
1.837E+01  7.196E-23  3.506E-14
1.820E+01  7.149E-23  3.451E-14
1.803E+01  7.213E-23  3.450E-14
1.786E+01  7.420E-23  3.516E-14
1.770E+01  7.278E-23  3.417E-14
1.754E+01  7.483E-23  3.481E-14
1.738E+01  8.311E-23  3.831E-14
1.722E+01  7.803E-23  3.564E-14
1.706E+01  7.642E-23  3.458E-14
1.690E+01  7.385E-23  3.311E-14
1.675E+01  7.054E-23  3.134E-14
1.660E+01  7.073E-23  3.114E-14
1.644E+01  7.909E-23  3.450E-14
1.629E+01  6.345E-23  2.742E-14
1.614E+01  5.755E-23  2.464E-14
1.600E+01  5.781E-23  2.453E-14
1.585E+01  5.685E-23  2.390E-14
1.570E+01  5.056E-23  2.106E-14
1.556E+01  4.716E-23  1.946E-14
1.542E+01  4.513E-23  1.845E-14
1.528E+01  4.363E-23  1.768E-14
1.514E+01  4.241E-23  1.703E-14
1.500E+01  4.139E-23  1.647E-14
1.486E+01  4.052E-23  1.597E-14
1.472E+01  3.983E-23  1.556E-14
1.459E+01  3.941E-23  1.525E-14
1.445E+01  3.951E-23  1.515E-14
1.432E+01  4.073E-23  1.547E-14
1.419E+01  4.218E-23  1.588E-14
1.406E+01  4.001E-23  1.492E-14
1.393E+01  3.831E-23  1.416E-14
1.380E+01  3.839E-23  1.406E-14
1.368E+01  4.082E-23  1.481E-14
1.355E+01  4.168E-23  1.498E-14
1.343E+01  3.906E-23  1.391E-14
1.330E+01  3.888E-23  1.372E-14
1.318E+01  4.036E-23  1.411E-14
1.306E+01  4.352E-23  1.508E-14
1.294E+01  4.918E-23  1.688E-14
1.282E+01  5.842E-23  1.987E-14
1.271E+01  6.996E-23  2.358E-14
1.259E+01  7.482E-23  2.498E-14
1.247E+01  6.781E-23  2.244E-14
1.236E+01  5.925E-23  1.942E-14
1.225E+01  5.553E-23  1.804E-14
1.213E+01  5.625E-23  1.810E-14
1.202E+01  5.778E-23  1.843E-14
1.191E+01  5.578E-23  1.763E-14
1.180E+01  5.170E-23  1.619E-14
1.169E+01  5.024E-23  1.559E-14
1.159E+01  5.495E-23  1.689E-14
1.148E+01  7.159E-23  2.180E-14
1.138E+01  1.055E-22  3.182E-14
1.127E+01  1.442E-22  4.312E-14
1.117E+01  1.000E-22  2.963E-14
1.107E+01  5.528E-23  1.623E-14
1.096E+01  3.924E-23  1.141E-14
1.086E+01  3.158E-23  9.101E-15
1.076E+01  2.730E-23  7.794E-15
1.067E+01  2.463E-23  6.968E-15
1.057E+01  2.283E-23  6.400E-15
1.047E+01  2.154E-23  5.983E-15
1.038E+01  2.057E-23  5.662E-15
1.028E+01  1.982E-23  5.405E-15
1.019E+01  1.923E-23  5.197E-15
1.009E+01  1.878E-23  5.027E-15
1.000E+01  1.843E-23  4.890E-15
9.908E+00  1.820E-23  4.782E-15
9.817E+00  1.806E-23  4.703E-15
9.727E+00  1.802E-23  4.650E-15
9.638E+00  1.809E-23  4.625E-15
9.550E+00  1.827E-23  4.628E-15
9.462E+00  1.858E-23  4.663E-15
9.376E+00  1.905E-23  4.739E-15
9.290E+00  1.974E-23  4.865E-15
9.204E+00  2.074E-23  5.063E-15
9.120E+00  2.217E-23  5.362E-15
9.036E+00  2.427E-23  5.819E-15
8.954E+00  2.749E-23  6.530E-15
8.872E+00  3.263E-23  7.678E-15
8.790E+00  4.107E-23  9.575E-15
8.710E+00  5.394E-23  1.246E-14
8.630E+00  6.586E-23  1.508E-14
8.551E+00  6.412E-23  1.454E-14
8.472E+00  5.557E-23  1.249E-14
8.395E+00  5.117E-23  1.139E-14
8.318E+00  5.081E-23  1.121E-14
8.241E+00  5.293E-23  1.157E-14
8.166E+00  5.842E-23  1.265E-14
8.091E+00  6.891E-23  1.479E-14
8.017E+00  8.565E-23  1.821E-14
7.943E+00  1.077E-22  2.269E-14
7.870E+00  1.275E-22  2.662E-14
7.798E+00  1.365E-22  2.824E-14
7.727E+00  1.414E-22  2.898E-14
7.656E+00  1.505E-22  3.057E-14
7.586E+00  1.480E-22  2.978E-14
7.516E+00  1.217E-22  2.427E-14
7.447E+00  9.188E-23  1.815E-14
7.379E+00  7.042E-23  1.378E-14
7.311E+00  5.616E-23  1.089E-14
7.244E+00  4.631E-23  8.899E-15
7.178E+00  3.917E-23  7.459E-15
7.112E+00  3.390E-23  6.396E-15
7.047E+00  3.007E-23  5.621E-15
6.982E+00  2.744E-23  5.082E-15
6.918E+00  2.588E-23  4.750E-15
6.855E+00  2.526E-23  4.593E-15
6.792E+00  2.530E-23  4.559E-15
6.730E+00  2.544E-23  4.541E-15
6.668E+00  2.501E-23  4.424E-15
6.607E+00  2.406E-23  4.216E-15
6.546E+00  2.343E-23  4.068E-15
6.486E+00  2.422E-23  4.167E-15
6.427E+00  2.782E-23  4.742E-15
6.368E+00  3.695E-23  6.241E-15
6.310E+00  5.783E-23  9.679E-15
6.252E+00  9.373E-23  1.554E-14
6.194E+00  9.516E-23  1.564E-14
6.138E+00  5.698E-23  9.276E-15
6.081E+00  3.330E-23  5.372E-15
6.026E+00  2.228E-23  3.561E-15
5.970E+00  1.702E-23  2.695E-15
5.916E+00  1.462E-23  2.294E-15
5.861E+00  1.411E-23  2.194E-15
5.808E+00  1.537E-23  2.367E-15
5.754E+00  1.817E-23  2.773E-15
5.702E+00  1.977E-23  2.990E-15
5.649E+00  1.681E-23  2.519E-15
5.598E+00  1.249E-23  1.854E-15
5.546E+00  9.503E-24  1.398E-15
5.495E+00  7.761E-24  1.131E-15
5.445E+00  6.815E-24  9.843E-16
5.395E+00  6.459E-24  9.243E-16
5.346E+00  6.759E-24  9.584E-16
5.297E+00  7.947E-24  1.117E-15
5.248E+00  8.810E-24  1.226E-15
5.200E+00  7.108E-24  9.805E-16
5.152E+00  5.347E-24  7.307E-16
5.105E+00  4.378E-24  5.929E-16
5.058E+00  3.836E-24  5.147E-16
5.012E+00  3.495E-24  4.647E-16
4.966E+00  3.258E-24  4.292E-16
4.920E+00  3.080E-24  4.020E-16
4.875E+00  2.939E-24  3.801E-16
4.831E+00  2.824E-24  3.618E-16
4.786E+00  2.726E-24  3.461E-16
4.742E+00  2.642E-24  3.323E-16
4.699E+00  2.568E-24  3.201E-16
4.656E+00  2.503E-24  3.092E-16
4.613E+00  2.445E-24  2.992E-16
4.571E+00  2.393E-24  2.902E-16
4.529E+00  2.346E-24  2.818E-16
4.487E+00  2.303E-24  2.741E-16
4.446E+00  2.264E-24  2.670E-16
4.406E+00  2.228E-24  2.604E-16
4.365E+00  2.195E-24  2.542E-16
4.325E+00  2.165E-24  2.484E-16
4.285E+00  2.138E-24  2.430E-16
4.246E+00  2.113E-24  2.380E-16
4.207E+00  2.090E-24  2.332E-16
4.169E+00  2.069E-24  2.288E-16
4.130E+00  2.050E-24  2.246E-16
4.093E+00  2.034E-24  2.208E-16
4.055E+00  2.019E-24  2.171E-16
4.018E+00  2.006E-24  2.138E-16
3.981E+00  1.996E-24  2.107E-16
3.945E+00  1.987E-24  2.080E-16
3.908E+00  1.982E-24  2.055E-16
3.873E+00  1.980E-24  2.034E-16
3.837E+00  1.981E-24  2.016E-16
3.802E+00  1.987E-24  2.004E-16
3.767E+00  1.998E-24  1.996E-16
3.733E+00  2.015E-24  1.995E-16
3.698E+00  2.041E-24  2.002E-16
3.664E+00  2.079E-24  2.020E-16
3.631E+00  2.132E-24  2.053E-16
3.597E+00  2.207E-24  2.106E-16
3.565E+00  2.316E-24  2.190E-16
3.532E+00  2.476E-24  2.320E-16
3.499E+00  2.722E-24  2.527E-16
3.467E+00  3.120E-24  2.869E-16
3.436E+00  3.816E-24  3.478E-16
3.404E+00  5.192E-24  4.688E-16
3.373E+00  8.478E-24  7.585E-16
3.342E+00  1.937E-23  1.717E-15
3.311E+00  7.335E-23  6.443E-15
3.281E+00  5.006E-23  4.357E-15
3.251E+00  1.427E-23  1.230E-15
3.221E+00  6.788E-24  5.800E-16
3.192E+00  4.314E-24  3.652E-16
3.162E+00  3.221E-24  2.702E-16
3.133E+00  2.646E-24  2.199E-16
3.105E+00  2.306E-24  1.899E-16
3.076E+00  2.087E-24  1.703E-16
3.048E+00  1.937E-24  1.566E-16
3.020E+00  1.829E-24  1.465E-16
2.992E+00  1.747E-24  1.387E-16
2.965E+00  1.683E-24  1.324E-16
2.938E+00  1.632E-24  1.272E-16
2.911E+00  1.590E-24  1.227E-16
2.884E+00  1.554E-24  1.189E-16
2.858E+00  1.523E-24  1.154E-16
2.831E+00  1.495E-24  1.123E-16
2.805E+00  1.471E-24  1.095E-16
2.780E+00  1.449E-24  1.068E-16
2.754E+00  1.428E-24  1.044E-16
2.729E+00  1.409E-24  1.020E-16
2.704E+00  1.392E-24  9.982E-17
2.679E+00  1.375E-24  9.771E-17
2.655E+00  1.359E-24  9.568E-17
2.630E+00  1.343E-24  9.373E-17
2.606E+00  1.328E-24  9.183E-17
2.582E+00  1.314E-24  9.000E-17
2.559E+00  1.300E-24  8.822E-17
2.535E+00  1.286E-24  8.648E-17
2.512E+00  1.272E-24  8.478E-17
2.489E+00  1.259E-24  8.311E-17
2.466E+00  1.245E-24  8.147E-17
2.443E+00  1.232E-24  7.986E-17
2.421E+00  1.219E-24  7.827E-17
2.399E+00  1.206E-24  7.673E-17
2.377E+00  1.193E-24  7.522E-17
2.355E+00  1.180E-24  7.373E-17
2.333E+00  1.168E-24  7.227E-17
2.312E+00  1.155E-24  7.083E-17
2.291E+00  1.142E-24  6.941E-17
2.270E+00  1.130E-24  6.801E-17
2.249E+00  1.117E-24  6.662E-17
2.228E+00  1.104E-24  6.525E-17
2.208E+00  1.091E-24  6.388E-17
2.188E+00  1.077E-24  6.253E-17
2.168E+00  1.064E-24  6.117E-17
2.148E+00  1.050E-24  5.980E-17
2.128E+00  1.035E-24  5.842E-17
2.109E+00  1.019E-24  5.702E-17
2.089E+00  1.003E-24  5.558E-17
2.070E+00  9.853E-25  5.411E-17
2.051E+00  9.660E-25  5.256E-17
2.032E+00  9.448E-25  5.093E-17
2.014E+00  9.211E-25  4.920E-17
1.995E+00  8.945E-25  4.734E-17
1.977E+00  8.650E-25  4.536E-17
1.959E+00  8.336E-25  4.331E-17
1.941E+00  8.032E-25  4.135E-17
1.923E+00  7.792E-25  3.975E-17
1.905E+00  7.676E-25  3.880E-17
1.888E+00  7.702E-25  3.857E-17
1.871E+00  7.830E-25  3.886E-17
1.854E+00  7.991E-25  3.929E-17
1.837E+00  8.133E-25  3.962E-17
1.820E+00  8.236E-25  3.975E-17
1.803E+00  8.298E-25  3.969E-17
1.786E+00  8.326E-25  3.945E-17
1.770E+00  8.327E-25  3.910E-17
1.754E+00  8.308E-25  3.865E-17
1.738E+00  8.275E-25  3.814E-17
1.722E+00  8.232E-25  3.760E-17
1.706E+00  8.181E-25  3.702E-17
1.690E+00  8.126E-25  3.644E-17
1.675E+00  8.068E-25  3.585E-17
1.660E+00  8.009E-25  3.526E-17
1.644E+00  7.949E-25  3.467E-17
1.629E+00  7.889E-25  3.409E-17
1.614E+00  7.830E-25  3.353E-17
1.600E+00  7.774E-25  3.299E-17
1.585E+00  7.722E-25  3.246E-17
1.570E+00  7.674E-25  3.196E-17
1.556E+00  7.630E-25  3.149E-17
1.542E+00  7.593E-25  3.105E-17
1.528E+00  7.564E-25  3.065E-17
1.514E+00  7.543E-25  3.028E-17
1.500E+00  7.533E-25  2.996E-17
1.486E+00  7.534E-25  2.969E-17
1.472E+00  7.549E-25  2.948E-17
1.459E+00  7.581E-25  2.933E-17
1.445E+00  7.632E-25  2.926E-17
1.432E+00  7.708E-25  2.928E-17
1.419E+00  7.810E-25  2.940E-17
1.406E+00  7.947E-25  2.964E-17
1.393E+00  8.123E-25  3.002E-17
1.380E+00  8.348E-25  3.057E-17
1.368E+00  8.631E-25  3.131E-17
1.355E+00  8.980E-25  3.228E-17
1.343E+00  9.405E-25  3.350E-17
1.330E+00  9.909E-25  3.497E-17
1.318E+00  1.048E-24  3.666E-17
1.306E+00  1.109E-24  3.844E-17
1.294E+00  1.167E-24  4.006E-17
1.282E+00  1.209E-24  4.113E-17
1.271E+00  1.222E-24  4.118E-17
1.259E+00  1.195E-24  3.989E-17
1.247E+00  1.128E-24  3.734E-17
1.236E+00  1.036E-24  3.396E-17
1.225E+00  9.348E-25  3.037E-17
1.213E+00  8.390E-25  2.700E-17
1.202E+00  7.564E-25  2.412E-17
1.191E+00  6.893E-25  2.178E-17
1.180E+00  6.373E-25  1.995E-17
1.169E+00  5.990E-25  1.858E-17
1.159E+00  5.730E-25  1.761E-17
1.148E+00  5.582E-25  1.700E-17
1.138E+00  5.547E-25  1.674E-17
1.127E+00  5.635E-25  1.685E-17
1.117E+00  5.871E-25  1.739E-17
1.107E+00  6.302E-25  1.850E-17
1.096E+00  7.004E-25  2.037E-17
1.086E+00  8.089E-25  2.331E-17
1.076E+00  9.665E-25  2.760E-17
1.067E+00  1.164E-24  3.293E-17
1.057E+00  1.322E-24  3.706E-17
1.047E+00  1.296E-24  3.599E-17
1.038E+00  1.073E-24  2.952E-17
1.028E+00  8.092E-25  2.207E-17
1.019E+00  6.051E-25  1.635E-17
1.009E+00  4.669E-25  1.250E-17
1.000E+00  3.754E-25  9.958E-18
