Dust emission from Draine & Li (2007): ApJ 657, 810-837
================================================================
         1 = grain model
 4.000E-08 4.000E-01 0.000E+00 = a_01 (cm) , sigma_1 , b_C1/0.92
 2.500E-07 4.000E-01 0.000E+00 = a_02 (cm) , sigma_2 , b_C2/0.92
 1.000E+01 1.000E+03 2.000E+00 = Umin , Umax, beta (dN/dU propto U^{-beta})
 4.652E+01 = <U> 
     mmp83 = radfield
 2.078E-22 = power/H (erg s-1)
 band   nu*P_nu(band) j_nu(band)
 (um)   (erg s-1 H-1)(Jy cm2 sr-1 H-1)
1.270E+00  7.801E-26  2.628E-18 COBE-DIRBE
2.220E+00  9.241E-26  5.442E-18 COBE-DIRBE
3.530E+00  5.669E-25  5.308E-17 COBE-DIRBE
4.880E+00  2.581E-25  3.340E-17 COBE-DIRBE
1.229E+01  7.045E-24  2.297E-15 COBE-DIRBE
2.079E+01  1.631E-23  8.994E-15 COBE-DIRBE
5.599E+01  1.505E-22  2.235E-13 COBE-DIRBE
9.770E+01  8.334E-23  2.160E-13 COBE-DIRBE
1.479E+02  3.400E-23  1.334E-13 COBE-DIRBE
2.479E+02  6.524E-24  4.290E-14 COBE-DIRBE
1.200E+01  6.019E-24  1.916E-15 IRAS
2.500E+01  2.459E-23  1.630E-14 IRAS
6.000E+01  1.447E-22  2.303E-13 IRAS
1.000E+02  7.948E-23  2.108E-13 IRAS
3.550E+00  6.594E-25  6.209E-17 SST-IRAC
4.493E+00  1.799E-25  2.144E-17 SST-IRAC
5.731E+00  1.656E-24  2.517E-16 SST-IRAC
7.872E+00  5.358E-24  1.119E-15 SST-IRAC
2.368E+01  2.046E-23  1.285E-14 SST-MIPS
7.142E+01  1.185E-22  2.246E-13 SST-MIPS
1.559E+02  2.667E-23  1.103E-13 SST-MIPS
1.600E+01  1.015E-23  4.309E-15 SST-IRSPU
2.200E+01  1.944E-23  1.135E-14 SST-IRSPU











lambda    nu*dP/dnu     j_nu
 (um)   (erg s-1 H-1)(Jy cm2 sr-1 H-1)
1.000E+04  9.627E-31  2.554E-19
9.908E+03  9.981E-31  2.623E-19
9.817E+03  1.035E-30  2.695E-19
9.727E+03  1.073E-30  2.768E-19
9.638E+03  1.112E-30  2.844E-19
9.550E+03  1.153E-30  2.922E-19
9.462E+03  1.196E-30  3.001E-19
9.376E+03  1.240E-30  3.083E-19
9.290E+03  1.285E-30  3.167E-19
9.204E+03  1.333E-30  3.254E-19
9.120E+03  1.382E-30  3.343E-19
9.036E+03  1.433E-30  3.434E-19
8.954E+03  1.485E-30  3.527E-19
8.872E+03  1.540E-30  3.623E-19
8.790E+03  1.596E-30  3.721E-19
8.710E+03  1.654E-30  3.822E-19
8.630E+03  1.715E-30  3.926E-19
8.551E+03  1.778E-30  4.033E-19
8.472E+03  1.843E-30  4.143E-19
8.395E+03  1.911E-30  4.256E-19
8.318E+03  1.981E-30  4.372E-19
8.241E+03  2.054E-30  4.491E-19
8.166E+03  2.130E-30  4.614E-19
8.091E+03  2.209E-30  4.740E-19
8.017E+03  2.290E-30  4.870E-19
7.943E+03  2.375E-30  5.003E-19
7.870E+03  2.462E-30  5.140E-19
7.798E+03  2.553E-30  5.281E-19
7.727E+03  2.648E-30  5.426E-19
7.656E+03  2.745E-30  5.575E-19
7.586E+03  2.847E-30  5.729E-19
7.516E+03  2.953E-30  5.887E-19
7.447E+03  3.062E-30  6.049E-19
7.379E+03  3.175E-30  6.215E-19
7.311E+03  3.293E-30  6.387E-19
7.244E+03  3.416E-30  6.563E-19
7.178E+03  3.542E-30  6.745E-19
7.112E+03  3.674E-30  6.931E-19
7.047E+03  3.811E-30  7.123E-19
6.982E+03  3.952E-30  7.320E-19
6.918E+03  4.099E-30  7.523E-19
6.855E+03  4.252E-30  7.731E-19
6.792E+03  4.410E-30  7.945E-19
6.730E+03  4.574E-30  8.166E-19
6.668E+03  4.745E-30  8.392E-19
6.607E+03  4.922E-30  8.625E-19
6.546E+03  5.105E-30  8.865E-19
6.486E+03  5.296E-30  9.112E-19
6.427E+03  5.494E-30  9.366E-19
6.368E+03  5.699E-30  9.627E-19
6.310E+03  5.912E-30  9.895E-19
6.252E+03  6.134E-30  1.017E-18
6.194E+03  6.364E-30  1.046E-18
6.138E+03  6.602E-30  1.075E-18
6.081E+03  6.850E-30  1.105E-18
6.026E+03  7.107E-30  1.136E-18
5.970E+03  7.374E-30  1.168E-18
5.916E+03  7.651E-30  1.201E-18
5.861E+03  7.939E-30  1.234E-18
5.808E+03  8.238E-30  1.269E-18
5.754E+03  8.548E-30  1.305E-18
5.702E+03  8.870E-30  1.341E-18
5.649E+03  9.204E-30  1.379E-18
5.598E+03  9.551E-30  1.418E-18
5.546E+03  9.912E-30  1.458E-18
5.495E+03  1.029E-29  1.499E-18
5.445E+03  1.068E-29  1.542E-18
5.395E+03  1.108E-29  1.586E-18
5.346E+03  1.150E-29  1.630E-18
5.297E+03  1.193E-29  1.677E-18
5.248E+03  1.239E-29  1.724E-18
5.200E+03  1.286E-29  1.773E-18
5.152E+03  1.334E-29  1.824E-18
5.105E+03  1.385E-29  1.875E-18
5.058E+03  1.438E-29  1.929E-18
5.012E+03  1.492E-29  1.984E-18
4.966E+03  1.549E-29  2.040E-18
4.920E+03  1.608E-29  2.098E-18
4.875E+03  1.669E-29  2.158E-18
4.831E+03  1.732E-29  2.220E-18
4.786E+03  1.798E-29  2.283E-18
4.742E+03  1.867E-29  2.349E-18
4.699E+03  1.938E-29  2.416E-18
4.656E+03  2.012E-29  2.485E-18
4.613E+03  2.089E-29  2.556E-18
4.571E+03  2.169E-29  2.630E-18
4.529E+03  2.252E-29  2.705E-18
4.487E+03  2.338E-29  2.783E-18
4.446E+03  2.427E-29  2.863E-18
4.406E+03  2.521E-29  2.946E-18
4.365E+03  2.617E-29  3.030E-18
4.325E+03  2.718E-29  3.118E-18
4.285E+03  2.822E-29  3.208E-18
4.246E+03  2.930E-29  3.301E-18
4.207E+03  3.043E-29  3.396E-18
4.169E+03  3.160E-29  3.494E-18
4.130E+03  3.282E-29  3.596E-18
4.093E+03  3.408E-29  3.700E-18
4.055E+03  3.540E-29  3.807E-18
4.018E+03  3.676E-29  3.918E-18
3.981E+03  3.818E-29  4.032E-18
3.945E+03  3.965E-29  4.149E-18
3.908E+03  4.118E-29  4.270E-18
3.873E+03  4.277E-29  4.394E-18
3.837E+03  4.443E-29  4.522E-18
3.802E+03  4.614E-29  4.654E-18
3.767E+03  4.793E-29  4.789E-18
3.733E+03  4.979E-29  4.929E-18
3.698E+03  5.172E-29  5.073E-18
3.664E+03  5.372E-29  5.222E-18
3.631E+03  5.581E-29  5.375E-18
3.597E+03  5.798E-29  5.533E-18
3.565E+03  6.023E-29  5.695E-18
3.532E+03  6.258E-29  5.862E-18
3.499E+03  6.501E-29  6.035E-18
3.467E+03  6.755E-29  6.213E-18
3.436E+03  7.018E-29  6.396E-18
3.404E+03  7.292E-29  6.584E-18
3.373E+03  7.577E-29  6.779E-18
3.342E+03  7.873E-29  6.979E-18
3.311E+03  8.181E-29  7.186E-18
3.281E+03  8.501E-29  7.399E-18
3.251E+03  8.834E-29  7.618E-18
3.221E+03  9.180E-29  7.844E-18
3.192E+03  9.541E-29  8.077E-18
3.162E+03  9.915E-29  8.317E-18
3.133E+03  1.030E-28  8.564E-18
3.105E+03  1.071E-28  8.819E-18
3.076E+03  1.113E-28  9.082E-18
3.048E+03  1.157E-28  9.353E-18
3.020E+03  1.202E-28  9.632E-18
2.992E+03  1.250E-28  9.920E-18
2.965E+03  1.299E-28  1.022E-17
2.938E+03  1.350E-28  1.052E-17
2.911E+03  1.403E-28  1.083E-17
2.884E+03  1.458E-28  1.116E-17
2.858E+03  1.516E-28  1.149E-17
2.831E+03  1.576E-28  1.183E-17
2.805E+03  1.638E-28  1.219E-17
2.780E+03  1.703E-28  1.255E-17
2.754E+03  1.770E-28  1.293E-17
2.729E+03  1.840E-28  1.332E-17
2.704E+03  1.913E-28  1.372E-17
2.679E+03  1.989E-28  1.413E-17
2.655E+03  2.068E-28  1.456E-17
2.630E+03  2.150E-28  1.500E-17
2.606E+03  2.235E-28  1.545E-17
2.582E+03  2.324E-28  1.592E-17
2.559E+03  2.416E-28  1.640E-17
2.535E+03  2.513E-28  1.690E-17
2.512E+03  2.613E-28  1.741E-17
2.489E+03  2.717E-28  1.794E-17
2.466E+03  2.825E-28  1.848E-17
2.443E+03  2.938E-28  1.904E-17
2.421E+03  3.055E-28  1.962E-17
2.399E+03  3.177E-28  2.022E-17
2.377E+03  3.304E-28  2.083E-17
2.355E+03  3.436E-28  2.147E-17
2.333E+03  3.574E-28  2.212E-17
2.312E+03  3.717E-28  2.280E-17
2.291E+03  3.866E-28  2.349E-17
2.270E+03  4.021E-28  2.421E-17
2.249E+03  4.183E-28  2.495E-17
2.228E+03  4.350E-28  2.572E-17
2.208E+03  4.525E-28  2.650E-17
2.188E+03  4.707E-28  2.732E-17
2.168E+03  4.896E-28  2.815E-17
2.148E+03  5.093E-28  2.902E-17
2.128E+03  5.298E-28  2.991E-17
2.109E+03  5.512E-28  3.083E-17
2.089E+03  5.734E-28  3.178E-17
2.070E+03  5.965E-28  3.276E-17
2.051E+03  6.206E-28  3.376E-17
2.032E+03  6.456E-28  3.481E-17
2.014E+03  6.717E-28  3.588E-17
1.995E+03  6.988E-28  3.699E-17
1.977E+03  7.270E-28  3.813E-17
1.959E+03  7.564E-28  3.930E-17
1.941E+03  7.870E-28  4.052E-17
1.923E+03  8.188E-28  4.177E-17
1.905E+03  8.520E-28  4.306E-17
1.888E+03  8.864E-28  4.439E-17
1.871E+03  9.224E-28  4.577E-17
1.854E+03  9.597E-28  4.719E-17
1.837E+03  9.986E-28  4.865E-17
1.820E+03  1.039E-27  5.016E-17
1.803E+03  1.081E-27  5.172E-17
1.786E+03  1.125E-27  5.332E-17
1.770E+03  1.171E-27  5.498E-17
1.754E+03  1.218E-27  5.669E-17
1.738E+03  1.268E-27  5.845E-17
1.722E+03  1.320E-27  6.027E-17
1.706E+03  1.373E-27  6.215E-17
1.690E+03  1.429E-27  6.408E-17
1.675E+03  1.487E-27  6.608E-17
1.660E+03  1.548E-27  6.814E-17
1.644E+03  1.611E-27  7.027E-17
1.629E+03  1.677E-27  7.246E-17
1.614E+03  1.745E-27  7.472E-17
1.600E+03  1.816E-27  7.705E-17
1.585E+03  1.890E-27  7.946E-17
1.570E+03  1.967E-27  8.194E-17
1.556E+03  2.047E-27  8.450E-17
1.542E+03  2.131E-27  8.714E-17
1.528E+03  2.218E-27  8.987E-17
1.514E+03  2.308E-27  9.268E-17
1.500E+03  2.403E-27  9.558E-17
1.486E+03  2.501E-27  9.857E-17
1.472E+03  2.603E-27  1.017E-16
1.459E+03  2.710E-27  1.048E-16
1.445E+03  2.820E-27  1.081E-16
1.432E+03  2.936E-27  1.115E-16
1.419E+03  3.056E-27  1.150E-16
1.406E+03  3.181E-27  1.186E-16
1.393E+03  3.311E-27  1.224E-16
1.380E+03  3.447E-27  1.262E-16
1.368E+03  3.588E-27  1.302E-16
1.355E+03  3.735E-27  1.343E-16
1.343E+03  3.888E-27  1.385E-16
1.330E+03  4.047E-27  1.428E-16
1.318E+03  4.213E-27  1.473E-16
1.306E+03  4.386E-27  1.520E-16
1.294E+03  4.565E-27  1.567E-16
1.282E+03  4.753E-27  1.617E-16
1.271E+03  4.947E-27  1.667E-16
1.259E+03  5.150E-27  1.720E-16
1.247E+03  5.361E-27  1.774E-16
1.236E+03  5.581E-27  1.830E-16
1.225E+03  5.810E-27  1.887E-16
1.213E+03  6.048E-27  1.947E-16
1.202E+03  6.296E-27  2.008E-16
1.191E+03  6.554E-27  2.071E-16
1.180E+03  6.822E-27  2.136E-16
1.169E+03  7.102E-27  2.203E-16
1.159E+03  7.393E-27  2.272E-16
1.148E+03  7.696E-27  2.344E-16
1.138E+03  8.011E-27  2.418E-16
1.127E+03  8.340E-27  2.494E-16
1.117E+03  8.681E-27  2.572E-16
1.107E+03  9.037E-27  2.653E-16
1.096E+03  9.407E-27  2.736E-16
1.086E+03  9.792E-27  2.822E-16
1.076E+03  1.019E-26  2.911E-16
1.067E+03  1.061E-26  3.002E-16
1.057E+03  1.104E-26  3.096E-16
1.047E+03  1.150E-26  3.193E-16
1.038E+03  1.197E-26  3.294E-16
1.028E+03  1.246E-26  3.397E-16
1.019E+03  1.297E-26  3.503E-16
1.009E+03  1.350E-26  3.613E-16
1.000E+03  1.405E-26  3.726E-16
9.908E+02  1.462E-26  3.843E-16
9.817E+02  1.522E-26  3.964E-16
9.727E+02  1.584E-26  4.088E-16
9.638E+02  1.649E-26  4.216E-16
9.550E+02  1.717E-26  4.348E-16
9.462E+02  1.787E-26  4.485E-16
9.376E+02  1.860E-26  4.625E-16
9.290E+02  1.936E-26  4.770E-16
9.204E+02  2.015E-26  4.919E-16
9.120E+02  2.097E-26  5.073E-16
9.036E+02  2.183E-26  5.231E-16
8.954E+02  2.271E-26  5.395E-16
8.872E+02  2.364E-26  5.563E-16
8.790E+02  2.460E-26  5.737E-16
8.710E+02  2.560E-26  5.915E-16
8.630E+02  2.665E-26  6.099E-16
8.551E+02  2.773E-26  6.289E-16
8.472E+02  2.886E-26  6.485E-16
8.395E+02  3.003E-26  6.686E-16
8.318E+02  3.125E-26  6.894E-16
8.241E+02  3.251E-26  7.108E-16
8.166E+02  3.383E-26  7.328E-16
8.091E+02  3.520E-26  7.555E-16
8.017E+02  3.663E-26  7.789E-16
7.943E+02  3.811E-26  8.029E-16
7.870E+02  3.965E-26  8.278E-16
7.798E+02  4.125E-26  8.533E-16
7.727E+02  4.292E-26  8.797E-16
7.656E+02  4.465E-26  9.068E-16
7.586E+02  4.645E-26  9.347E-16
7.516E+02  4.833E-26  9.635E-16
7.447E+02  5.028E-26  9.933E-16
7.379E+02  5.231E-26  1.024E-15
7.311E+02  5.442E-26  1.056E-15
7.244E+02  5.662E-26  1.088E-15
7.178E+02  5.891E-26  1.122E-15
7.112E+02  6.129E-26  1.156E-15
7.047E+02  6.377E-26  1.192E-15
6.982E+02  6.634E-26  1.229E-15
6.918E+02  6.902E-26  1.267E-15
6.855E+02  7.181E-26  1.306E-15
6.792E+02  7.471E-26  1.346E-15
6.730E+02  7.771E-26  1.387E-15
6.668E+02  8.084E-26  1.430E-15
6.607E+02  8.410E-26  1.474E-15
6.546E+02  8.749E-26  1.519E-15
6.486E+02  9.103E-26  1.566E-15
6.427E+02  9.471E-26  1.615E-15
6.368E+02  9.854E-26  1.664E-15
6.310E+02  1.025E-25  1.716E-15
6.252E+02  1.067E-25  1.769E-15
6.194E+02  1.110E-25  1.823E-15
6.138E+02  1.155E-25  1.880E-15
6.081E+02  1.201E-25  1.938E-15
6.026E+02  1.250E-25  1.998E-15
5.970E+02  1.300E-25  2.059E-15
5.916E+02  1.353E-25  2.123E-15
5.861E+02  1.408E-25  2.189E-15
5.808E+02  1.465E-25  2.256E-15
5.754E+02  1.524E-25  2.326E-15
5.702E+02  1.585E-25  2.398E-15
5.649E+02  1.650E-25  2.472E-15
5.598E+02  1.716E-25  2.548E-15
5.546E+02  1.786E-25  2.627E-15
5.495E+02  1.858E-25  2.708E-15
5.445E+02  1.933E-25  2.792E-15
5.395E+02  2.011E-25  2.878E-15
5.346E+02  2.093E-25  2.967E-15
5.297E+02  2.177E-25  3.059E-15
5.248E+02  2.265E-25  3.153E-15
5.200E+02  2.357E-25  3.251E-15
5.152E+02  2.452E-25  3.351E-15
5.105E+02  2.551E-25  3.455E-15
5.058E+02  2.654E-25  3.561E-15
5.012E+02  2.762E-25  3.671E-15
4.966E+02  2.873E-25  3.785E-15
4.920E+02  2.989E-25  3.901E-15
4.875E+02  3.110E-25  4.022E-15
4.831E+02  3.235E-25  4.146E-15
4.786E+02  3.366E-25  4.273E-15
4.742E+02  3.502E-25  4.405E-15
4.699E+02  3.643E-25  4.541E-15
4.656E+02  3.790E-25  4.681E-15
4.613E+02  3.943E-25  4.825E-15
4.571E+02  4.102E-25  4.973E-15
4.529E+02  4.267E-25  5.126E-15
4.487E+02  4.439E-25  5.284E-15
4.446E+02  4.618E-25  5.446E-15
4.406E+02  4.803E-25  5.613E-15
4.365E+02  4.997E-25  5.785E-15
4.325E+02  5.197E-25  5.963E-15
4.285E+02  5.406E-25  6.146E-15
4.246E+02  5.624E-25  6.334E-15
4.207E+02  5.849E-25  6.528E-15
4.169E+02  6.084E-25  6.728E-15
4.130E+02  6.328E-25  6.934E-15
4.093E+02  6.582E-25  7.146E-15
4.055E+02  6.846E-25  7.364E-15
4.018E+02  7.121E-25  7.589E-15
3.981E+02  7.406E-25  7.821E-15
3.945E+02  7.703E-25  8.060E-15
3.908E+02  8.011E-25  8.306E-15
3.873E+02  8.332E-25  8.559E-15
3.837E+02  8.665E-25  8.820E-15
3.802E+02  9.012E-25  9.088E-15
3.767E+02  9.372E-25  9.365E-15
3.733E+02  9.746E-25  9.649E-15
3.698E+02  1.014E-24  9.943E-15
3.664E+02  1.054E-24  1.024E-14
3.631E+02  1.096E-24  1.055E-14
3.597E+02  1.140E-24  1.087E-14
3.565E+02  1.185E-24  1.120E-14
3.532E+02  1.232E-24  1.154E-14
3.499E+02  1.281E-24  1.189E-14
3.467E+02  1.332E-24  1.225E-14
3.436E+02  1.385E-24  1.262E-14
3.404E+02  1.439E-24  1.300E-14
3.373E+02  1.496E-24  1.339E-14
3.342E+02  1.556E-24  1.379E-14
3.311E+02  1.617E-24  1.420E-14
3.281E+02  1.681E-24  1.463E-14
3.251E+02  1.747E-24  1.507E-14
3.221E+02  1.816E-24  1.552E-14
3.192E+02  1.887E-24  1.598E-14
3.162E+02  1.962E-24  1.645E-14
3.133E+02  2.039E-24  1.694E-14
3.105E+02  2.119E-24  1.745E-14
3.076E+02  2.202E-24  1.796E-14
3.048E+02  2.288E-24  1.849E-14
3.020E+02  2.377E-24  1.904E-14
2.992E+02  2.470E-24  1.960E-14
2.965E+02  2.566E-24  2.018E-14
2.938E+02  2.666E-24  2.077E-14
2.911E+02  2.769E-24  2.138E-14
2.884E+02  2.877E-24  2.201E-14
2.858E+02  2.988E-24  2.265E-14
2.831E+02  3.104E-24  2.331E-14
2.805E+02  3.223E-24  2.399E-14
2.780E+02  3.348E-24  2.468E-14
2.754E+02  3.477E-24  2.540E-14
2.729E+02  3.611E-24  2.614E-14
2.704E+02  3.750E-24  2.689E-14
2.679E+02  3.894E-24  2.767E-14
2.655E+02  4.043E-24  2.847E-14
2.630E+02  4.198E-24  2.929E-14
2.606E+02  4.359E-24  3.013E-14
2.582E+02  4.525E-24  3.100E-14
2.559E+02  4.697E-24  3.188E-14
2.535E+02  4.875E-24  3.278E-14
2.512E+02  5.058E-24  3.370E-14
2.489E+02  5.245E-24  3.463E-14
2.466E+02  5.436E-24  3.556E-14
2.443E+02  5.632E-24  3.650E-14
2.421E+02  5.833E-24  3.746E-14
2.399E+02  6.041E-24  3.844E-14
2.377E+02  6.252E-24  3.942E-14
2.355E+02  6.470E-24  4.042E-14
2.333E+02  6.694E-24  4.144E-14
2.312E+02  6.926E-24  4.248E-14
2.291E+02  7.165E-24  4.354E-14
2.270E+02  7.411E-24  4.462E-14
2.249E+02  7.665E-24  4.573E-14
2.228E+02  7.927E-24  4.686E-14
2.208E+02  8.197E-24  4.801E-14
2.188E+02  8.476E-24  4.919E-14
2.168E+02  8.762E-24  5.038E-14
2.148E+02  9.058E-24  5.160E-14
2.128E+02  9.362E-24  5.285E-14
2.109E+02  9.675E-24  5.412E-14
2.089E+02  9.998E-24  5.541E-14
2.070E+02  1.033E-23  5.672E-14
2.051E+02  1.067E-23  5.806E-14
2.032E+02  1.102E-23  5.942E-14
2.014E+02  1.138E-23  6.081E-14
1.995E+02  1.176E-23  6.222E-14
1.977E+02  1.214E-23  6.366E-14
1.959E+02  1.253E-23  6.512E-14
1.941E+02  1.294E-23  6.661E-14
1.923E+02  1.335E-23  6.812E-14
1.905E+02  1.378E-23  6.966E-14
1.888E+02  1.422E-23  7.123E-14
1.871E+02  1.468E-23  7.282E-14
1.854E+02  1.514E-23  7.444E-14
1.837E+02  1.562E-23  7.609E-14
1.820E+02  1.611E-23  7.776E-14
1.803E+02  1.662E-23  7.947E-14
1.786E+02  1.713E-23  8.120E-14
1.770E+02  1.767E-23  8.296E-14
1.754E+02  1.822E-23  8.475E-14
1.738E+02  1.878E-23  8.657E-14
1.722E+02  1.936E-23  8.842E-14
1.706E+02  1.995E-23  9.030E-14
1.690E+02  2.057E-23  9.222E-14
1.675E+02  2.119E-23  9.416E-14
1.660E+02  2.184E-23  9.615E-14
1.644E+02  2.251E-23  9.817E-14
1.629E+02  2.319E-23  1.002E-13
1.614E+02  2.389E-23  1.023E-13
1.600E+02  2.462E-23  1.045E-13
1.585E+02  2.536E-23  1.066E-13
1.570E+02  2.613E-23  1.089E-13
1.556E+02  2.692E-23  1.111E-13
1.542E+02  2.774E-23  1.134E-13
1.528E+02  2.858E-23  1.158E-13
1.514E+02  2.945E-23  1.182E-13
1.500E+02  3.034E-23  1.207E-13
1.486E+02  3.125E-23  1.232E-13
1.472E+02  3.220E-23  1.257E-13
1.459E+02  3.316E-23  1.283E-13
1.445E+02  3.414E-23  1.309E-13
1.432E+02  3.513E-23  1.334E-13
1.419E+02  3.611E-23  1.359E-13
1.406E+02  3.708E-23  1.383E-13
1.393E+02  3.803E-23  1.405E-13
1.380E+02  3.894E-23  1.426E-13
1.368E+02  3.982E-23  1.445E-13
1.355E+02  4.068E-23  1.462E-13
1.343E+02  4.152E-23  1.479E-13
1.330E+02  4.236E-23  1.495E-13
1.318E+02  4.321E-23  1.511E-13
1.306E+02  4.407E-23  1.527E-13
1.294E+02  4.494E-23  1.543E-13
1.282E+02  4.584E-23  1.559E-13
1.271E+02  4.676E-23  1.576E-13
1.259E+02  4.770E-23  1.593E-13
1.247E+02  4.867E-23  1.610E-13
1.236E+02  4.966E-23  1.628E-13
1.225E+02  5.067E-23  1.646E-13
1.213E+02  5.171E-23  1.664E-13
1.202E+02  5.277E-23  1.683E-13
1.191E+02  5.385E-23  1.702E-13
1.180E+02  5.496E-23  1.721E-13
1.169E+02  5.608E-23  1.740E-13
1.159E+02  5.721E-23  1.759E-13
1.148E+02  5.837E-23  1.778E-13
1.138E+02  5.955E-23  1.797E-13
1.127E+02  6.075E-23  1.816E-13
1.117E+02  6.197E-23  1.836E-13
1.107E+02  6.321E-23  1.856E-13
1.096E+02  6.447E-23  1.875E-13
1.086E+02  6.574E-23  1.895E-13
1.076E+02  6.703E-23  1.914E-13
1.067E+02  6.834E-23  1.933E-13
1.057E+02  6.966E-23  1.953E-13
1.047E+02  7.100E-23  1.972E-13
1.038E+02  7.235E-23  1.991E-13
1.028E+02  7.372E-23  2.010E-13
1.019E+02  7.509E-23  2.029E-13
1.009E+02  7.648E-23  2.047E-13
1.000E+02  7.787E-23  2.066E-13
9.908E+01  7.928E-23  2.084E-13
9.817E+01  8.069E-23  2.101E-13
9.727E+01  8.211E-23  2.119E-13
9.638E+01  8.354E-23  2.136E-13
9.550E+01  8.498E-23  2.153E-13
9.462E+01  8.642E-23  2.169E-13
9.376E+01  8.787E-23  2.185E-13
9.290E+01  8.932E-23  2.201E-13
9.204E+01  9.077E-23  2.216E-13
9.120E+01  9.223E-23  2.231E-13
9.036E+01  9.368E-23  2.246E-13
8.954E+01  9.515E-23  2.260E-13
8.872E+01  9.661E-23  2.273E-13
8.790E+01  9.808E-23  2.287E-13
8.710E+01  9.955E-23  2.300E-13
8.630E+01  1.010E-22  2.312E-13
8.551E+01  1.025E-22  2.325E-13
8.472E+01  1.040E-22  2.336E-13
8.395E+01  1.054E-22  2.347E-13
8.318E+01  1.069E-22  2.358E-13
8.241E+01  1.083E-22  2.368E-13
8.166E+01  1.098E-22  2.378E-13
8.091E+01  1.112E-22  2.387E-13
8.017E+01  1.127E-22  2.396E-13
7.943E+01  1.141E-22  2.404E-13
7.870E+01  1.155E-22  2.412E-13
7.798E+01  1.169E-22  2.419E-13
7.727E+01  1.183E-22  2.425E-13
7.656E+01  1.197E-22  2.431E-13
7.586E+01  1.211E-22  2.437E-13
7.516E+01  1.224E-22  2.441E-13
7.447E+01  1.238E-22  2.445E-13
7.379E+01  1.251E-22  2.449E-13
7.311E+01  1.264E-22  2.452E-13
7.244E+01  1.277E-22  2.454E-13
7.178E+01  1.290E-22  2.456E-13
7.112E+01  1.302E-22  2.457E-13
7.047E+01  1.315E-22  2.457E-13
6.982E+01  1.327E-22  2.458E-13
6.918E+01  1.339E-22  2.457E-13
6.855E+01  1.351E-22  2.456E-13
6.792E+01  1.362E-22  2.454E-13
6.730E+01  1.373E-22  2.452E-13
6.668E+01  1.385E-22  2.449E-13
6.607E+01  1.395E-22  2.446E-13
6.546E+01  1.406E-22  2.442E-13
6.486E+01  1.416E-22  2.437E-13
6.427E+01  1.426E-22  2.432E-13
6.368E+01  1.436E-22  2.426E-13
6.310E+01  1.446E-22  2.420E-13
6.252E+01  1.455E-22  2.413E-13
6.194E+01  1.464E-22  2.406E-13
6.138E+01  1.473E-22  2.399E-13
6.081E+01  1.482E-22  2.390E-13
6.026E+01  1.490E-22  2.382E-13
5.970E+01  1.498E-22  2.373E-13
5.916E+01  1.506E-22  2.363E-13
5.861E+01  1.513E-22  2.353E-13
5.808E+01  1.520E-22  2.342E-13
5.754E+01  1.527E-22  2.331E-13
5.702E+01  1.534E-22  2.319E-13
5.649E+01  1.540E-22  2.308E-13
5.598E+01  1.546E-22  2.295E-13
5.546E+01  1.552E-22  2.283E-13
5.495E+01  1.557E-22  2.270E-13
5.445E+01  1.562E-22  2.256E-13
5.395E+01  1.567E-22  2.243E-13
5.346E+01  1.572E-22  2.229E-13
5.297E+01  1.576E-22  2.214E-13
5.248E+01  1.580E-22  2.199E-13
5.200E+01  1.584E-22  2.184E-13
5.152E+01  1.587E-22  2.169E-13
5.105E+01  1.590E-22  2.153E-13
5.058E+01  1.593E-22  2.137E-13
5.012E+01  1.595E-22  2.121E-13
4.966E+01  1.598E-22  2.104E-13
4.920E+01  1.599E-22  2.088E-13
4.875E+01  1.601E-22  2.070E-13
4.831E+01  1.602E-22  2.053E-13
4.786E+01  1.603E-22  2.035E-13
4.742E+01  1.604E-22  2.017E-13
4.699E+01  1.604E-22  1.999E-13
4.656E+01  1.604E-22  1.981E-13
4.613E+01  1.604E-22  1.962E-13
4.571E+01  1.603E-22  1.943E-13
4.529E+01  1.602E-22  1.924E-13
4.487E+01  1.600E-22  1.905E-13
4.446E+01  1.598E-22  1.885E-13
4.406E+01  1.596E-22  1.865E-13
4.365E+01  1.593E-22  1.844E-13
4.325E+01  1.589E-22  1.823E-13
4.285E+01  1.585E-22  1.802E-13
4.246E+01  1.581E-22  1.781E-13
4.207E+01  1.576E-22  1.758E-13
4.169E+01  1.570E-22  1.736E-13
4.130E+01  1.563E-22  1.713E-13
4.093E+01  1.556E-22  1.689E-13
4.055E+01  1.548E-22  1.665E-13
4.018E+01  1.539E-22  1.640E-13
3.981E+01  1.529E-22  1.614E-13
3.945E+01  1.518E-22  1.588E-13
3.908E+01  1.506E-22  1.561E-13
3.873E+01  1.493E-22  1.534E-13
3.837E+01  1.479E-22  1.505E-13
3.802E+01  1.463E-22  1.476E-13
3.767E+01  1.447E-22  1.446E-13
3.733E+01  1.429E-22  1.415E-13
3.698E+01  1.409E-22  1.383E-13
3.664E+01  1.389E-22  1.350E-13
3.631E+01  1.367E-22  1.316E-13
3.597E+01  1.343E-22  1.282E-13
3.565E+01  1.318E-22  1.246E-13
3.532E+01  1.292E-22  1.210E-13
3.499E+01  1.264E-22  1.174E-13
3.467E+01  1.235E-22  1.136E-13
3.436E+01  1.205E-22  1.098E-13
3.404E+01  1.174E-22  1.060E-13
3.373E+01  1.141E-22  1.021E-13
3.342E+01  1.108E-22  9.819E-14
3.311E+01  1.073E-22  9.427E-14
3.281E+01  1.038E-22  9.035E-14
3.251E+01  1.002E-22  8.643E-14
3.221E+01  9.661E-23  8.254E-14
3.192E+01  9.295E-23  7.869E-14
3.162E+01  8.929E-23  7.490E-14
3.133E+01  8.562E-23  7.116E-14
3.105E+01  8.198E-23  6.751E-14
3.076E+01  7.837E-23  6.395E-14
3.048E+01  7.481E-23  6.049E-14
3.020E+01  7.132E-23  5.713E-14
2.992E+01  6.791E-23  5.390E-14
2.965E+01  6.458E-23  5.079E-14
2.938E+01  6.136E-23  4.781E-14
2.911E+01  5.825E-23  4.497E-14
2.884E+01  5.525E-23  4.227E-14
2.858E+01  5.237E-23  3.970E-14
2.831E+01  4.962E-23  3.727E-14
2.805E+01  4.701E-23  3.498E-14
2.780E+01  4.452E-23  3.282E-14
2.754E+01  4.216E-23  3.080E-14
2.729E+01  3.992E-23  2.890E-14
2.704E+01  3.782E-23  2.713E-14
2.679E+01  3.584E-23  2.547E-14
2.655E+01  3.398E-23  2.393E-14
2.630E+01  3.224E-23  2.249E-14
2.606E+01  3.061E-23  2.116E-14
2.582E+01  2.909E-23  1.992E-14
2.559E+01  2.767E-23  1.878E-14
2.535E+01  2.635E-23  1.772E-14
2.512E+01  2.512E-23  1.673E-14
2.489E+01  2.397E-23  1.583E-14
2.466E+01  2.291E-23  1.499E-14
2.443E+01  2.192E-23  1.421E-14
2.421E+01  2.101E-23  1.349E-14
2.399E+01  2.016E-23  1.283E-14
2.377E+01  1.937E-23  1.221E-14
2.355E+01  1.865E-23  1.165E-14
2.333E+01  1.798E-23  1.113E-14
2.312E+01  1.736E-23  1.064E-14
2.291E+01  1.678E-23  1.020E-14
2.270E+01  1.626E-23  9.788E-15
2.249E+01  1.577E-23  9.411E-15
2.228E+01  1.533E-23  9.062E-15
2.208E+01  1.492E-23  8.738E-15
2.188E+01  1.454E-23  8.436E-15
2.168E+01  1.418E-23  8.155E-15
2.148E+01  1.386E-23  7.895E-15
2.128E+01  1.356E-23  7.654E-15
2.109E+01  1.329E-23  7.431E-15
2.089E+01  1.303E-23  7.223E-15
2.070E+01  1.280E-23  7.029E-15
2.051E+01  1.259E-23  6.848E-15
2.032E+01  1.239E-23  6.680E-15
2.014E+01  1.222E-23  6.525E-15
1.995E+01  1.206E-23  6.382E-15
1.977E+01  1.191E-23  6.248E-15
1.959E+01  1.179E-23  6.124E-15
1.941E+01  1.167E-23  6.010E-15
1.923E+01  1.158E-23  5.907E-15
1.905E+01  1.151E-23  5.815E-15
1.888E+01  1.146E-23  5.738E-15
1.871E+01  1.144E-23  5.679E-15
1.854E+01  1.148E-23  5.645E-15
1.837E+01  1.160E-23  5.649E-15
1.820E+01  1.186E-23  5.725E-15
1.803E+01  1.253E-23  5.991E-15
1.786E+01  1.370E-23  6.493E-15
1.770E+01  1.355E-23  6.361E-15
1.754E+01  1.464E-23  6.811E-15
1.738E+01  1.789E-23  8.248E-15
1.722E+01  1.635E-23  7.469E-15
1.706E+01  1.603E-23  7.253E-15
1.690E+01  1.537E-23  6.890E-15
1.675E+01  1.446E-23  6.423E-15
1.660E+01  1.470E-23  6.471E-15
1.644E+01  1.752E-23  7.644E-15
1.629E+01  1.268E-23  5.481E-15
1.614E+01  1.099E-23  4.705E-15
1.600E+01  1.120E-23  4.751E-15
1.585E+01  1.102E-23  4.631E-15
1.570E+01  9.261E-24  3.858E-15
1.556E+01  8.375E-24  3.457E-15
1.542E+01  7.891E-24  3.227E-15
1.528E+01  7.554E-24  3.061E-15
1.514E+01  7.288E-24  2.926E-15
1.500E+01  7.067E-24  2.811E-15
1.486E+01  6.881E-24  2.712E-15
1.472E+01  6.734E-24  2.630E-15
1.459E+01  6.646E-24  2.572E-15
1.445E+01  6.676E-24  2.560E-15
1.432E+01  6.960E-24  2.644E-15
1.419E+01  7.271E-24  2.737E-15
1.406E+01  6.721E-24  2.507E-15
1.393E+01  6.284E-24  2.322E-15
1.380E+01  6.251E-24  2.289E-15
1.368E+01  6.718E-24  2.437E-15
1.355E+01  6.823E-24  2.453E-15
1.343E+01  6.188E-24  2.204E-15
1.330E+01  6.066E-24  2.141E-15
1.318E+01  6.274E-24  2.194E-15
1.306E+01  6.788E-24  2.352E-15
1.294E+01  7.737E-24  2.656E-15
1.282E+01  9.290E-24  3.160E-15
1.271E+01  1.118E-23  3.768E-15
1.259E+01  1.184E-23  3.953E-15
1.247E+01  1.045E-23  3.459E-15
1.236E+01  8.861E-24  2.905E-15
1.225E+01  8.117E-24  2.637E-15
1.213E+01  8.106E-24  2.609E-15
1.202E+01  8.222E-24  2.622E-15
1.191E+01  7.795E-24  2.463E-15
1.180E+01  7.075E-24  2.215E-15
1.169E+01  6.770E-24  2.100E-15
1.159E+01  7.363E-24  2.263E-15
1.148E+01  9.570E-24  2.915E-15
1.138E+01  1.423E-23  4.294E-15
1.127E+01  1.933E-23  5.779E-15
1.117E+01  1.304E-23  3.864E-15
1.107E+01  6.917E-24  2.030E-15
1.096E+01  4.740E-24  1.378E-15
1.086E+01  3.708E-24  1.069E-15
1.076E+01  3.136E-24  8.955E-16
1.067E+01  2.783E-24  7.873E-16
1.057E+01  2.547E-24  7.140E-16
1.047E+01  2.380E-24  6.612E-16
1.038E+01  2.257E-24  6.210E-16
1.028E+01  2.162E-24  5.895E-16
1.019E+01  2.087E-24  5.640E-16
1.009E+01  2.030E-24  5.435E-16
1.000E+01  1.987E-24  5.271E-16
9.908E+00  1.957E-24  5.144E-16
9.817E+00  1.939E-24  5.049E-16
9.727E+00  1.932E-24  4.986E-16
9.638E+00  1.938E-24  4.954E-16
9.550E+00  1.954E-24  4.950E-16
9.462E+00  1.983E-24  4.978E-16
9.376E+00  2.028E-24  5.044E-16
9.290E+00  2.093E-24  5.157E-16
9.204E+00  2.186E-24  5.337E-16
9.120E+00  2.322E-24  5.617E-16
9.036E+00  2.525E-24  6.053E-16
8.954E+00  2.840E-24  6.744E-16
8.872E+00  3.345E-24  7.872E-16
8.790E+00  4.179E-24  9.744E-16
8.710E+00  5.441E-24  1.257E-15
8.630E+00  6.573E-24  1.505E-15
8.551E+00  6.319E-24  1.433E-15
8.472E+00  5.407E-24  1.215E-15
8.395E+00  4.923E-24  1.096E-15
8.318E+00  4.838E-24  1.067E-15
8.241E+00  4.994E-24  1.092E-15
8.166E+00  5.464E-24  1.183E-15
8.091E+00  6.391E-24  1.372E-15
8.017E+00  7.876E-24  1.675E-15
7.943E+00  9.812E-24  2.067E-15
7.870E+00  1.151E-23  2.402E-15
7.798E+00  1.219E-23  2.521E-15
7.727E+00  1.249E-23  2.560E-15
7.656E+00  1.316E-23  2.674E-15
7.586E+00  1.281E-23  2.578E-15
7.516E+00  1.043E-23  2.079E-15
7.447E+00  7.782E-24  1.537E-15
7.379E+00  5.898E-24  1.154E-15
7.311E+00  4.654E-24  9.026E-16
7.244E+00  3.799E-24  7.300E-16
7.178E+00  3.182E-24  6.059E-16
7.112E+00  2.729E-24  5.149E-16
7.047E+00  2.400E-24  4.487E-16
6.982E+00  2.174E-24  4.026E-16
6.918E+00  2.036E-24  3.737E-16
6.855E+00  1.975E-24  3.592E-16
6.792E+00  1.968E-24  3.546E-16
6.730E+00  1.969E-24  3.514E-16
6.668E+00  1.926E-24  3.407E-16
6.607E+00  1.843E-24  3.230E-16
6.546E+00  1.786E-24  3.102E-16
6.486E+00  1.840E-24  3.165E-16
6.427E+00  2.106E-24  3.591E-16
6.368E+00  2.791E-24  4.714E-16
6.310E+00  4.357E-24  7.292E-16
6.252E+00  7.039E-24  1.167E-15
6.194E+00  7.119E-24  1.170E-15
6.138E+00  4.244E-24  6.909E-16
6.081E+00  2.469E-24  3.984E-16
6.026E+00  1.646E-24  2.630E-16
5.970E+00  1.252E-24  1.984E-16
5.916E+00  1.073E-24  1.684E-16
5.861E+00  1.033E-24  1.607E-16
5.808E+00  1.123E-24  1.730E-16
5.754E+00  1.325E-24  2.022E-16
5.702E+00  1.439E-24  2.176E-16
5.649E+00  1.221E-24  1.830E-16
5.598E+00  9.059E-25  1.345E-16
5.546E+00  6.886E-25  1.013E-16
5.495E+00  5.619E-25  8.191E-17
5.445E+00  4.932E-25  7.123E-17
5.395E+00  4.671E-25  6.685E-17
5.346E+00  4.883E-25  6.924E-17
5.297E+00  5.731E-25  8.051E-17
5.248E+00  6.344E-25  8.831E-17
5.200E+00  5.122E-25  7.065E-17
5.152E+00  3.861E-25  5.277E-17
5.105E+00  3.169E-25  4.291E-17
5.058E+00  2.782E-25  3.733E-17
5.012E+00  2.539E-25  3.376E-17
4.966E+00  2.371E-25  3.123E-17
4.920E+00  2.244E-25  2.929E-17
4.875E+00  2.145E-25  2.774E-17
4.831E+00  2.063E-25  2.644E-17
4.786E+00  1.995E-25  2.532E-17
4.742E+00  1.936E-25  2.435E-17
4.699E+00  1.884E-25  2.349E-17
4.656E+00  1.839E-25  2.271E-17
4.613E+00  1.799E-25  2.201E-17
4.571E+00  1.763E-25  2.137E-17
4.529E+00  1.730E-25  2.079E-17
4.487E+00  1.701E-25  2.025E-17
4.446E+00  1.674E-25  1.975E-17
4.406E+00  1.650E-25  1.928E-17
4.365E+00  1.628E-25  1.885E-17
4.325E+00  1.608E-25  1.845E-17
4.285E+00  1.590E-25  1.807E-17
4.246E+00  1.573E-25  1.772E-17
4.207E+00  1.558E-25  1.739E-17
4.169E+00  1.545E-25  1.708E-17
4.130E+00  1.533E-25  1.679E-17
4.093E+00  1.522E-25  1.652E-17
4.055E+00  1.513E-25  1.628E-17
4.018E+00  1.506E-25  1.605E-17
3.981E+00  1.500E-25  1.584E-17
3.945E+00  1.496E-25  1.565E-17
3.908E+00  1.494E-25  1.549E-17
3.873E+00  1.494E-25  1.535E-17
3.837E+00  1.497E-25  1.524E-17
3.802E+00  1.503E-25  1.516E-17
3.767E+00  1.514E-25  1.513E-17
3.733E+00  1.529E-25  1.514E-17
3.698E+00  1.551E-25  1.521E-17
3.664E+00  1.582E-25  1.537E-17
3.631E+00  1.624E-25  1.564E-17
3.597E+00  1.684E-25  1.607E-17
3.565E+00  1.769E-25  1.673E-17
3.532E+00  1.894E-25  1.774E-17
3.499E+00  2.084E-25  1.935E-17
3.467E+00  2.391E-25  2.199E-17
3.436E+00  2.928E-25  2.668E-17
3.404E+00  3.987E-25  3.600E-17
3.373E+00  6.516E-25  5.830E-17
3.342E+00  1.490E-24  1.321E-16
3.311E+00  5.650E-24  4.963E-16
3.281E+00  3.864E-24  3.362E-16
3.251E+00  1.103E-24  9.516E-17
3.221E+00  5.264E-25  4.498E-17
3.192E+00  3.354E-25  2.840E-17
3.162E+00  2.511E-25  2.106E-17
3.133E+00  2.068E-25  1.718E-17
3.105E+00  1.806E-25  1.487E-17
3.076E+00  1.638E-25  1.337E-17
3.048E+00  1.524E-25  1.232E-17
3.020E+00  1.441E-25  1.155E-17
2.992E+00  1.380E-25  1.095E-17
2.965E+00  1.332E-25  1.048E-17
2.938E+00  1.294E-25  1.008E-17
2.911E+00  1.263E-25  9.752E-18
2.884E+00  1.237E-25  9.463E-18
2.858E+00  1.215E-25  9.208E-18
2.831E+00  1.195E-25  8.978E-18
2.805E+00  1.178E-25  8.768E-18
2.780E+00  1.163E-25  8.574E-18
2.754E+00  1.149E-25  8.393E-18
2.729E+00  1.136E-25  8.222E-18
2.704E+00  1.124E-25  8.060E-18
2.679E+00  1.112E-25  7.906E-18
2.655E+00  1.102E-25  7.758E-18
2.630E+00  1.091E-25  7.615E-18
2.606E+00  1.082E-25  7.477E-18
2.582E+00  1.072E-25  7.343E-18
2.559E+00  1.063E-25  7.213E-18
2.535E+00  1.054E-25  7.086E-18
2.512E+00  1.045E-25  6.961E-18
2.489E+00  1.036E-25  6.839E-18
2.466E+00  1.027E-25  6.719E-18
2.443E+00  1.018E-25  6.600E-18
2.421E+00  1.010E-25  6.484E-18
2.399E+00  1.001E-25  6.370E-18
2.377E+00  9.926E-26  6.258E-18
2.355E+00  9.842E-26  6.148E-18
2.333E+00  9.758E-26  6.040E-18
2.312E+00  9.674E-26  5.933E-18
2.291E+00  9.590E-26  5.827E-18
2.270E+00  9.505E-26  5.723E-18
2.249E+00  9.419E-26  5.619E-18
2.228E+00  9.332E-26  5.516E-18
2.208E+00  9.243E-26  5.413E-18
2.188E+00  9.152E-26  5.311E-18
2.168E+00  9.058E-26  5.208E-18
2.148E+00  8.960E-26  5.105E-18
2.128E+00  8.857E-26  5.000E-18
2.109E+00  8.748E-26  4.893E-18
2.089E+00  8.631E-26  4.784E-18
2.070E+00  8.505E-26  4.670E-18
2.051E+00  8.365E-26  4.552E-18
2.032E+00  8.210E-26  4.426E-18
2.014E+00  8.036E-26  4.292E-18
1.995E+00  7.838E-26  4.149E-18
1.977E+00  7.618E-26  3.995E-18
1.959E+00  7.381E-26  3.835E-18
1.941E+00  7.152E-26  3.682E-18
1.923E+00  6.971E-26  3.556E-18
1.905E+00  6.885E-26  3.480E-18
1.888E+00  6.911E-26  3.461E-18
1.871E+00  7.015E-26  3.481E-18
1.854E+00  7.144E-26  3.512E-18
1.837E+00  7.260E-26  3.537E-18
1.820E+00  7.345E-26  3.545E-18
1.803E+00  7.399E-26  3.539E-18
1.786E+00  7.425E-26  3.519E-18
1.770E+00  7.431E-26  3.489E-18
1.754E+00  7.421E-26  3.453E-18
1.738E+00  7.400E-26  3.411E-18
1.722E+00  7.370E-26  3.366E-18
1.706E+00  7.335E-26  3.319E-18
1.690E+00  7.296E-26  3.271E-18
1.675E+00  7.254E-26  3.223E-18
1.660E+00  7.211E-26  3.174E-18
1.644E+00  7.167E-26  3.126E-18
1.629E+00  7.123E-26  3.078E-18
1.614E+00  7.079E-26  3.032E-18
1.600E+00  7.038E-26  2.986E-18
1.585E+00  6.999E-26  2.943E-18
1.570E+00  6.964E-26  2.901E-18
1.556E+00  6.932E-26  2.861E-18
1.542E+00  6.905E-26  2.824E-18
1.528E+00  6.884E-26  2.789E-18
1.514E+00  6.870E-26  2.758E-18
1.500E+00  6.865E-26  2.731E-18
1.486E+00  6.869E-26  2.707E-18
1.472E+00  6.884E-26  2.689E-18
1.459E+00  6.913E-26  2.675E-18
1.445E+00  6.959E-26  2.668E-18
1.432E+00  7.024E-26  2.668E-18
1.419E+00  7.112E-26  2.677E-18
1.406E+00  7.229E-26  2.696E-18
1.393E+00  7.379E-26  2.727E-18
1.380E+00  7.570E-26  2.772E-18
1.368E+00  7.810E-26  2.833E-18
1.355E+00  8.107E-26  2.914E-18
1.343E+00  8.468E-26  3.016E-18
1.330E+00  8.897E-26  3.140E-18
1.318E+00  9.387E-26  3.282E-18
1.306E+00  9.910E-26  3.433E-18
1.294E+00  1.041E-25  3.572E-18
1.282E+00  1.077E-25  3.664E-18
1.271E+00  1.089E-25  3.671E-18
1.259E+00  1.067E-25  3.564E-18
1.247E+00  1.012E-25  3.350E-18
1.236E+00  9.348E-26  3.065E-18
1.225E+00  8.494E-26  2.759E-18
1.213E+00  7.682E-26  2.473E-18
1.202E+00  6.979E-26  2.226E-18
1.191E+00  6.408E-26  2.025E-18
1.180E+00  5.964E-26  1.867E-18
1.169E+00  5.636E-26  1.748E-18
1.159E+00  5.412E-26  1.664E-18
1.148E+00  5.286E-26  1.610E-18
1.138E+00  5.258E-26  1.587E-18
1.127E+00  5.336E-26  1.595E-18
1.117E+00  5.545E-26  1.643E-18
1.107E+00  5.925E-26  1.739E-18
1.096E+00  6.546E-26  1.904E-18
1.086E+00  7.506E-26  2.163E-18
1.076E+00  8.905E-26  2.543E-18
1.067E+00  1.066E-25  3.017E-18
1.057E+00  1.208E-25  3.387E-18
1.047E+00  1.187E-25  3.296E-18
1.038E+00  9.898E-26  2.724E-18
1.028E+00  7.561E-26  2.062E-18
1.019E+00  5.743E-26  1.552E-18
1.009E+00  4.508E-26  1.207E-18
1.000E+00  3.687E-26  9.779E-19
