Dust emission from Draine & Li (2007): ApJ 657, 810-837
================================================================
         1 = grain model
 4.000E-08 4.000E-01 0.000E+00 = a_01 (cm) , sigma_1 , b_C1/0.92
 2.500E-07 4.000E-01 0.000E+00 = a_02 (cm) , sigma_2 , b_C2/0.92
 1.000E+01 1.000E+05 2.000E+00 = Umin , Umax, beta (dN/dU propto U^{-beta})
 9.211E+01 = <U> 
     mmp83 = radfield
 4.111E-22 = power/H (erg s-1)
 band   nu*P_nu(band) j_nu(band)
 (um)   (erg s-1 H-1)(Jy cm2 sr-1 H-1)
1.270E+00  1.558E-25  5.250E-18 COBE-DIRBE
2.220E+00  1.859E-25  1.095E-17 COBE-DIRBE
3.530E+00  1.160E-24  1.087E-16 COBE-DIRBE
4.880E+00  6.432E-25  8.325E-17 COBE-DIRBE
1.229E+01  3.003E-23  9.789E-15 COBE-DIRBE
2.079E+01  1.004E-22  5.536E-14 COBE-DIRBE
5.599E+01  2.261E-22  3.358E-13 COBE-DIRBE
9.770E+01  9.437E-23  2.446E-13 COBE-DIRBE
1.479E+02  3.615E-23  1.418E-13 COBE-DIRBE
2.479E+02  6.747E-24  4.436E-14 COBE-DIRBE
1.200E+01  2.582E-23  8.219E-15 IRAS
2.500E+01  1.411E-22  9.356E-14 IRAS
6.000E+01  2.126E-22  3.384E-13 IRAS
1.000E+02  8.927E-23  2.368E-13 IRAS
3.550E+00  1.349E-24  1.270E-16 SST-IRAC
4.493E+00  4.166E-25  4.965E-17 SST-IRAC
5.731E+00  5.165E-24  7.852E-16 SST-IRAC
7.872E+00  2.265E-23  4.729E-15 SST-IRAC
2.368E+01  1.317E-22  8.271E-14 SST-MIPS
7.142E+01  1.485E-22  2.813E-13 SST-MIPS
1.559E+02  2.811E-23  1.162E-13 SST-MIPS
1.600E+01  4.707E-23  1.998E-14 SST-IRSPU
2.200E+01  1.241E-22  7.244E-14 SST-IRSPU











lambda    nu*dP/dnu     j_nu
 (um)   (erg s-1 H-1)(Jy cm2 sr-1 H-1)
1.000E+04  9.738E-31  2.583E-19
9.908E+03  1.010E-30  2.654E-19
9.817E+03  1.047E-30  2.726E-19
9.727E+03  1.085E-30  2.800E-19
9.638E+03  1.125E-30  2.877E-19
9.550E+03  1.167E-30  2.955E-19
9.462E+03  1.209E-30  3.036E-19
9.376E+03  1.254E-30  3.119E-19
9.290E+03  1.300E-30  3.204E-19
9.204E+03  1.348E-30  3.291E-19
9.120E+03  1.398E-30  3.381E-19
9.036E+03  1.449E-30  3.473E-19
8.954E+03  1.502E-30  3.568E-19
8.872E+03  1.557E-30  3.665E-19
8.790E+03  1.614E-30  3.764E-19
8.710E+03  1.674E-30  3.866E-19
8.630E+03  1.735E-30  3.971E-19
8.551E+03  1.799E-30  4.080E-19
8.472E+03  1.865E-30  4.191E-19
8.395E+03  1.933E-30  4.305E-19
8.318E+03  2.004E-30  4.422E-19
8.241E+03  2.078E-30  4.543E-19
8.166E+03  2.155E-30  4.667E-19
8.091E+03  2.234E-30  4.795E-19
8.017E+03  2.316E-30  4.926E-19
7.943E+03  2.402E-30  5.061E-19
7.870E+03  2.491E-30  5.200E-19
7.798E+03  2.583E-30  5.342E-19
7.727E+03  2.678E-30  5.489E-19
7.656E+03  2.777E-30  5.640E-19
7.586E+03  2.880E-30  5.795E-19
7.516E+03  2.987E-30  5.955E-19
7.447E+03  3.097E-30  6.119E-19
7.379E+03  3.212E-30  6.288E-19
7.311E+03  3.331E-30  6.461E-19
7.244E+03  3.455E-30  6.639E-19
7.178E+03  3.583E-30  6.823E-19
7.112E+03  3.717E-30  7.012E-19
7.047E+03  3.855E-30  7.206E-19
6.982E+03  3.998E-30  7.405E-19
6.918E+03  4.147E-30  7.610E-19
6.855E+03  4.301E-30  7.821E-19
6.792E+03  4.461E-30  8.038E-19
6.730E+03  4.627E-30  8.261E-19
6.668E+03  4.800E-30  8.490E-19
6.607E+03  4.979E-30  8.726E-19
6.546E+03  5.165E-30  8.968E-19
6.486E+03  5.358E-30  9.218E-19
6.427E+03  5.558E-30  9.475E-19
6.368E+03  5.766E-30  9.739E-19
6.310E+03  5.981E-30  1.001E-18
6.252E+03  6.205E-30  1.029E-18
6.194E+03  6.438E-30  1.058E-18
6.138E+03  6.679E-30  1.087E-18
6.081E+03  6.930E-30  1.118E-18
6.026E+03  7.190E-30  1.149E-18
5.970E+03  7.460E-30  1.181E-18
5.916E+03  7.740E-30  1.215E-18
5.861E+03  8.032E-30  1.249E-18
5.808E+03  8.334E-30  1.284E-18
5.754E+03  8.648E-30  1.320E-18
5.702E+03  8.974E-30  1.357E-18
5.649E+03  9.312E-30  1.395E-18
5.598E+03  9.663E-30  1.435E-18
5.546E+03  1.003E-29  1.475E-18
5.495E+03  1.041E-29  1.517E-18
5.445E+03  1.080E-29  1.560E-18
5.395E+03  1.121E-29  1.604E-18
5.346E+03  1.163E-29  1.650E-18
5.297E+03  1.207E-29  1.696E-18
5.248E+03  1.253E-29  1.744E-18
5.200E+03  1.301E-29  1.794E-18
5.152E+03  1.350E-29  1.845E-18
5.105E+03  1.401E-29  1.897E-18
5.058E+03  1.454E-29  1.951E-18
5.012E+03  1.510E-29  2.007E-18
4.966E+03  1.567E-29  2.064E-18
4.920E+03  1.627E-29  2.123E-18
4.875E+03  1.689E-29  2.184E-18
4.831E+03  1.753E-29  2.246E-18
4.786E+03  1.820E-29  2.310E-18
4.742E+03  1.889E-29  2.376E-18
4.699E+03  1.961E-29  2.444E-18
4.656E+03  2.036E-29  2.514E-18
4.613E+03  2.114E-29  2.586E-18
4.571E+03  2.194E-29  2.661E-18
4.529E+03  2.278E-29  2.737E-18
4.487E+03  2.366E-29  2.816E-18
4.446E+03  2.456E-29  2.897E-18
4.406E+03  2.550E-29  2.980E-18
4.365E+03  2.648E-29  3.066E-18
4.325E+03  2.750E-29  3.155E-18
4.285E+03  2.855E-29  3.246E-18
4.246E+03  2.965E-29  3.340E-18
4.207E+03  3.079E-29  3.437E-18
4.169E+03  3.198E-29  3.536E-18
4.130E+03  3.321E-29  3.639E-18
4.093E+03  3.449E-29  3.744E-18
4.055E+03  3.582E-29  3.853E-18
4.018E+03  3.720E-29  3.965E-18
3.981E+03  3.864E-29  4.080E-18
3.945E+03  4.013E-29  4.198E-18
3.908E+03  4.167E-29  4.321E-18
3.873E+03  4.328E-29  4.446E-18
3.837E+03  4.496E-29  4.576E-18
3.802E+03  4.670E-29  4.709E-18
3.767E+03  4.850E-29  4.847E-18
3.733E+03  5.038E-29  4.988E-18
3.698E+03  5.234E-29  5.134E-18
3.664E+03  5.437E-29  5.285E-18
3.631E+03  5.648E-29  5.439E-18
3.597E+03  5.867E-29  5.599E-18
3.565E+03  6.096E-29  5.764E-18
3.532E+03  6.333E-29  5.933E-18
3.499E+03  6.580E-29  6.108E-18
3.467E+03  6.836E-29  6.287E-18
3.436E+03  7.103E-29  6.473E-18
3.404E+03  7.380E-29  6.664E-18
3.373E+03  7.668E-29  6.861E-18
3.342E+03  7.968E-29  7.064E-18
3.311E+03  8.280E-29  7.273E-18
3.281E+03  8.604E-29  7.488E-18
3.251E+03  8.941E-29  7.710E-18
3.221E+03  9.292E-29  7.939E-18
3.192E+03  9.656E-29  8.175E-18
3.162E+03  1.004E-28  8.418E-18
3.133E+03  1.043E-28  8.668E-18
3.105E+03  1.084E-28  8.926E-18
3.076E+03  1.127E-28  9.192E-18
3.048E+03  1.171E-28  9.467E-18
3.020E+03  1.217E-28  9.749E-18
2.992E+03  1.265E-28  1.004E-17
2.965E+03  1.315E-28  1.034E-17
2.938E+03  1.366E-28  1.065E-17
2.911E+03  1.420E-28  1.097E-17
2.884E+03  1.476E-28  1.129E-17
2.858E+03  1.534E-28  1.163E-17
2.831E+03  1.595E-28  1.198E-17
2.805E+03  1.658E-28  1.234E-17
2.780E+03  1.724E-28  1.271E-17
2.754E+03  1.792E-28  1.309E-17
2.729E+03  1.863E-28  1.348E-17
2.704E+03  1.937E-28  1.389E-17
2.679E+03  2.013E-28  1.431E-17
2.655E+03  2.093E-28  1.474E-17
2.630E+03  2.176E-28  1.518E-17
2.606E+03  2.263E-28  1.564E-17
2.582E+03  2.353E-28  1.612E-17
2.559E+03  2.446E-28  1.660E-17
2.535E+03  2.544E-28  1.711E-17
2.512E+03  2.645E-28  1.762E-17
2.489E+03  2.750E-28  1.816E-17
2.466E+03  2.860E-28  1.871E-17
2.443E+03  2.974E-28  1.928E-17
2.421E+03  3.093E-28  1.986E-17
2.399E+03  3.217E-28  2.047E-17
2.377E+03  3.345E-28  2.109E-17
2.355E+03  3.479E-28  2.174E-17
2.333E+03  3.619E-28  2.240E-17
2.312E+03  3.764E-28  2.308E-17
2.291E+03  3.915E-28  2.379E-17
2.270E+03  4.072E-28  2.451E-17
2.249E+03  4.235E-28  2.526E-17
2.228E+03  4.405E-28  2.604E-17
2.208E+03  4.582E-28  2.684E-17
2.188E+03  4.766E-28  2.766E-17
2.168E+03  4.958E-28  2.851E-17
2.148E+03  5.158E-28  2.938E-17
2.128E+03  5.365E-28  3.029E-17
2.109E+03  5.581E-28  3.122E-17
2.089E+03  5.806E-28  3.218E-17
2.070E+03  6.041E-28  3.317E-17
2.051E+03  6.284E-28  3.419E-17
2.032E+03  6.538E-28  3.525E-17
2.014E+03  6.802E-28  3.633E-17
1.995E+03  7.077E-28  3.746E-17
1.977E+03  7.363E-28  3.861E-17
1.959E+03  7.660E-28  3.980E-17
1.941E+03  7.970E-28  4.103E-17
1.923E+03  8.293E-28  4.230E-17
1.905E+03  8.628E-28  4.361E-17
1.888E+03  8.978E-28  4.496E-17
1.871E+03  9.342E-28  4.636E-17
1.854E+03  9.721E-28  4.779E-17
1.837E+03  1.011E-27  4.928E-17
1.820E+03  1.053E-27  5.080E-17
1.803E+03  1.095E-27  5.238E-17
1.786E+03  1.140E-27  5.401E-17
1.770E+03  1.186E-27  5.569E-17
1.754E+03  1.234E-27  5.742E-17
1.738E+03  1.284E-27  5.921E-17
1.722E+03  1.337E-27  6.105E-17
1.706E+03  1.391E-27  6.295E-17
1.690E+03  1.448E-27  6.492E-17
1.675E+03  1.507E-27  6.694E-17
1.660E+03  1.568E-27  6.903E-17
1.644E+03  1.632E-27  7.118E-17
1.629E+03  1.698E-27  7.341E-17
1.614E+03  1.768E-27  7.570E-17
1.600E+03  1.840E-27  7.806E-17
1.585E+03  1.915E-27  8.050E-17
1.570E+03  1.993E-27  8.302E-17
1.556E+03  2.074E-27  8.562E-17
1.542E+03  2.159E-27  8.829E-17
1.528E+03  2.247E-27  9.106E-17
1.514E+03  2.339E-27  9.391E-17
1.500E+03  2.435E-27  9.685E-17
1.486E+03  2.534E-27  9.988E-17
1.472E+03  2.638E-27  1.030E-16
1.459E+03  2.746E-27  1.062E-16
1.445E+03  2.858E-27  1.096E-16
1.432E+03  2.975E-27  1.130E-16
1.419E+03  3.097E-27  1.166E-16
1.406E+03  3.224E-27  1.202E-16
1.393E+03  3.356E-27  1.240E-16
1.380E+03  3.493E-27  1.279E-16
1.368E+03  3.636E-27  1.319E-16
1.355E+03  3.785E-27  1.361E-16
1.343E+03  3.941E-27  1.404E-16
1.330E+03  4.102E-27  1.448E-16
1.318E+03  4.270E-27  1.493E-16
1.306E+03  4.445E-27  1.540E-16
1.294E+03  4.628E-27  1.589E-16
1.282E+03  4.817E-27  1.639E-16
1.271E+03  5.015E-27  1.690E-16
1.259E+03  5.221E-27  1.743E-16
1.247E+03  5.435E-27  1.798E-16
1.236E+03  5.658E-27  1.855E-16
1.225E+03  5.890E-27  1.913E-16
1.213E+03  6.131E-27  1.973E-16
1.202E+03  6.383E-27  2.036E-16
1.191E+03  6.645E-27  2.100E-16
1.180E+03  6.917E-27  2.166E-16
1.169E+03  7.201E-27  2.234E-16
1.159E+03  7.496E-27  2.304E-16
1.148E+03  7.803E-27  2.377E-16
1.138E+03  8.123E-27  2.451E-16
1.127E+03  8.457E-27  2.529E-16
1.117E+03  8.803E-27  2.608E-16
1.107E+03  9.164E-27  2.690E-16
1.096E+03  9.540E-27  2.775E-16
1.086E+03  9.931E-27  2.862E-16
1.076E+03  1.034E-26  2.952E-16
1.067E+03  1.076E-26  3.045E-16
1.057E+03  1.120E-26  3.140E-16
1.047E+03  1.166E-26  3.239E-16
1.038E+03  1.214E-26  3.341E-16
1.028E+03  1.264E-26  3.445E-16
1.019E+03  1.315E-26  3.554E-16
1.009E+03  1.369E-26  3.665E-16
1.000E+03  1.425E-26  3.780E-16
9.908E+02  1.483E-26  3.899E-16
9.817E+02  1.544E-26  4.021E-16
9.727E+02  1.607E-26  4.147E-16
9.638E+02  1.673E-26  4.278E-16
9.550E+02  1.742E-26  4.412E-16
9.462E+02  1.813E-26  4.550E-16
9.376E+02  1.887E-26  4.693E-16
9.290E+02  1.964E-26  4.840E-16
9.204E+02  2.044E-26  4.991E-16
9.120E+02  2.128E-26  5.148E-16
9.036E+02  2.215E-26  5.309E-16
8.954E+02  2.305E-26  5.475E-16
8.872E+02  2.399E-26  5.646E-16
8.790E+02  2.497E-26  5.822E-16
8.710E+02  2.599E-26  6.004E-16
8.630E+02  2.705E-26  6.191E-16
8.551E+02  2.815E-26  6.384E-16
8.472E+02  2.929E-26  6.583E-16
8.395E+02  3.048E-26  6.787E-16
8.318E+02  3.172E-26  6.998E-16
8.241E+02  3.301E-26  7.216E-16
8.166E+02  3.435E-26  7.440E-16
8.091E+02  3.574E-26  7.670E-16
8.017E+02  3.719E-26  7.908E-16
7.943E+02  3.869E-26  8.153E-16
7.870E+02  4.026E-26  8.405E-16
7.798E+02  4.189E-26  8.665E-16
7.727E+02  4.358E-26  8.933E-16
7.656E+02  4.535E-26  9.209E-16
7.586E+02  4.718E-26  9.493E-16
7.516E+02  4.908E-26  9.786E-16
7.447E+02  5.107E-26  1.009E-15
7.379E+02  5.313E-26  1.040E-15
7.311E+02  5.528E-26  1.072E-15
7.244E+02  5.752E-26  1.105E-15
7.178E+02  5.985E-26  1.139E-15
7.112E+02  6.227E-26  1.175E-15
7.047E+02  6.479E-26  1.211E-15
6.982E+02  6.741E-26  1.248E-15
6.918E+02  7.013E-26  1.287E-15
6.855E+02  7.297E-26  1.327E-15
6.792E+02  7.592E-26  1.368E-15
6.730E+02  7.898E-26  1.410E-15
6.668E+02  8.216E-26  1.453E-15
6.607E+02  8.547E-26  1.498E-15
6.546E+02  8.893E-26  1.544E-15
6.486E+02  9.253E-26  1.592E-15
6.427E+02  9.627E-26  1.641E-15
6.368E+02  1.002E-25  1.692E-15
6.310E+02  1.042E-25  1.744E-15
6.252E+02  1.084E-25  1.798E-15
6.194E+02  1.128E-25  1.854E-15
6.138E+02  1.174E-25  1.911E-15
6.081E+02  1.222E-25  1.971E-15
6.026E+02  1.271E-25  2.032E-15
5.970E+02  1.323E-25  2.095E-15
5.916E+02  1.376E-25  2.159E-15
5.861E+02  1.432E-25  2.226E-15
5.808E+02  1.490E-25  2.295E-15
5.754E+02  1.550E-25  2.366E-15
5.702E+02  1.613E-25  2.439E-15
5.649E+02  1.678E-25  2.515E-15
5.598E+02  1.746E-25  2.593E-15
5.546E+02  1.817E-25  2.673E-15
5.495E+02  1.891E-25  2.756E-15
5.445E+02  1.967E-25  2.841E-15
5.395E+02  2.047E-25  2.929E-15
5.346E+02  2.130E-25  3.020E-15
5.297E+02  2.216E-25  3.114E-15
5.248E+02  2.306E-25  3.210E-15
5.200E+02  2.399E-25  3.310E-15
5.152E+02  2.497E-25  3.412E-15
5.105E+02  2.598E-25  3.518E-15
5.058E+02  2.703E-25  3.627E-15
5.012E+02  2.812E-25  3.739E-15
4.966E+02  2.926E-25  3.855E-15
4.920E+02  3.045E-25  3.974E-15
4.875E+02  3.168E-25  4.097E-15
4.831E+02  3.296E-25  4.223E-15
4.786E+02  3.429E-25  4.354E-15
4.742E+02  3.568E-25  4.488E-15
4.699E+02  3.712E-25  4.627E-15
4.656E+02  3.862E-25  4.770E-15
4.613E+02  4.019E-25  4.917E-15
4.571E+02  4.181E-25  5.069E-15
4.529E+02  4.350E-25  5.226E-15
4.487E+02  4.525E-25  5.387E-15
4.446E+02  4.708E-25  5.553E-15
4.406E+02  4.898E-25  5.724E-15
4.365E+02  5.095E-25  5.900E-15
4.325E+02  5.301E-25  6.081E-15
4.285E+02  5.514E-25  6.268E-15
4.246E+02  5.736E-25  6.461E-15
4.207E+02  5.968E-25  6.660E-15
4.169E+02  6.208E-25  6.864E-15
4.130E+02  6.458E-25  7.075E-15
4.093E+02  6.717E-25  7.292E-15
4.055E+02  6.988E-25  7.516E-15
4.018E+02  7.269E-25  7.747E-15
3.981E+02  7.561E-25  7.984E-15
3.945E+02  7.865E-25  8.229E-15
3.908E+02  8.180E-25  8.481E-15
3.873E+02  8.509E-25  8.741E-15
3.837E+02  8.850E-25  9.008E-15
3.802E+02  9.205E-25  9.284E-15
3.767E+02  9.574E-25  9.567E-15
3.733E+02  9.958E-25  9.859E-15
3.698E+02  1.036E-24  1.016E-14
3.664E+02  1.077E-24  1.047E-14
3.631E+02  1.120E-24  1.079E-14
3.597E+02  1.165E-24  1.112E-14
3.565E+02  1.211E-24  1.145E-14
3.532E+02  1.260E-24  1.180E-14
3.499E+02  1.310E-24  1.216E-14
3.467E+02  1.362E-24  1.253E-14
3.436E+02  1.416E-24  1.291E-14
3.404E+02  1.473E-24  1.330E-14
3.373E+02  1.531E-24  1.370E-14
3.342E+02  1.592E-24  1.411E-14
3.311E+02  1.655E-24  1.454E-14
3.281E+02  1.721E-24  1.498E-14
3.251E+02  1.789E-24  1.543E-14
3.221E+02  1.860E-24  1.589E-14
3.192E+02  1.933E-24  1.637E-14
3.162E+02  2.010E-24  1.686E-14
3.133E+02  2.089E-24  1.736E-14
3.105E+02  2.171E-24  1.788E-14
3.076E+02  2.256E-24  1.841E-14
3.048E+02  2.345E-24  1.896E-14
3.020E+02  2.437E-24  1.952E-14
2.992E+02  2.533E-24  2.010E-14
2.965E+02  2.632E-24  2.070E-14
2.938E+02  2.735E-24  2.131E-14
2.911E+02  2.842E-24  2.194E-14
2.884E+02  2.952E-24  2.259E-14
2.858E+02  3.067E-24  2.325E-14
2.831E+02  3.187E-24  2.393E-14
2.805E+02  3.310E-24  2.463E-14
2.780E+02  3.439E-24  2.535E-14
2.754E+02  3.572E-24  2.609E-14
2.729E+02  3.710E-24  2.686E-14
2.704E+02  3.854E-24  2.764E-14
2.679E+02  4.003E-24  2.845E-14
2.655E+02  4.158E-24  2.928E-14
2.630E+02  4.318E-24  3.013E-14
2.606E+02  4.484E-24  3.100E-14
2.582E+02  4.657E-24  3.190E-14
2.559E+02  4.835E-24  3.281E-14
2.535E+02  5.019E-24  3.375E-14
2.512E+02  5.209E-24  3.470E-14
2.489E+02  5.403E-24  3.567E-14
2.466E+02  5.600E-24  3.663E-14
2.443E+02  5.804E-24  3.762E-14
2.421E+02  6.013E-24  3.862E-14
2.399E+02  6.229E-24  3.963E-14
2.377E+02  6.448E-24  4.065E-14
2.355E+02  6.675E-24  4.170E-14
2.333E+02  6.909E-24  4.276E-14
2.312E+02  7.150E-24  4.385E-14
2.291E+02  7.399E-24  4.496E-14
2.270E+02  7.655E-24  4.609E-14
2.249E+02  7.920E-24  4.725E-14
2.228E+02  8.193E-24  4.843E-14
2.208E+02  8.475E-24  4.964E-14
2.188E+02  8.766E-24  5.087E-14
2.168E+02  9.065E-24  5.212E-14
2.148E+02  9.374E-24  5.340E-14
2.128E+02  9.692E-24  5.471E-14
2.109E+02  1.002E-23  5.604E-14
2.089E+02  1.036E-23  5.740E-14
2.070E+02  1.070E-23  5.878E-14
2.051E+02  1.106E-23  6.019E-14
2.032E+02  1.143E-23  6.163E-14
2.014E+02  1.181E-23  6.309E-14
1.995E+02  1.220E-23  6.458E-14
1.977E+02  1.260E-23  6.610E-14
1.959E+02  1.302E-23  6.764E-14
1.941E+02  1.344E-23  6.921E-14
1.923E+02  1.388E-23  7.081E-14
1.905E+02  1.433E-23  7.245E-14
1.888E+02  1.480E-23  7.411E-14
1.871E+02  1.527E-23  7.580E-14
1.854E+02  1.577E-23  7.752E-14
1.837E+02  1.627E-23  7.927E-14
1.820E+02  1.679E-23  8.105E-14
1.803E+02  1.733E-23  8.286E-14
1.786E+02  1.788E-23  8.471E-14
1.770E+02  1.844E-23  8.658E-14
1.754E+02  1.902E-23  8.850E-14
1.738E+02  1.962E-23  9.044E-14
1.722E+02  2.024E-23  9.242E-14
1.706E+02  2.087E-23  9.444E-14
1.690E+02  2.152E-23  9.649E-14
1.675E+02  2.219E-23  9.858E-14
1.660E+02  2.288E-23  1.007E-13
1.644E+02  2.359E-23  1.029E-13
1.629E+02  2.432E-23  1.051E-13
1.614E+02  2.507E-23  1.074E-13
1.600E+02  2.585E-23  1.097E-13
1.585E+02  2.665E-23  1.120E-13
1.570E+02  2.747E-23  1.144E-13
1.556E+02  2.832E-23  1.169E-13
1.542E+02  2.920E-23  1.194E-13
1.528E+02  3.010E-23  1.220E-13
1.514E+02  3.103E-23  1.246E-13
1.500E+02  3.199E-23  1.273E-13
1.486E+02  3.298E-23  1.300E-13
1.472E+02  3.400E-23  1.328E-13
1.459E+02  3.504E-23  1.356E-13
1.445E+02  3.610E-23  1.384E-13
1.432E+02  3.718E-23  1.412E-13
1.419E+02  3.825E-23  1.440E-13
1.406E+02  3.931E-23  1.466E-13
1.393E+02  4.034E-23  1.491E-13
1.380E+02  4.135E-23  1.514E-13
1.368E+02  4.232E-23  1.535E-13
1.355E+02  4.327E-23  1.556E-13
1.343E+02  4.421E-23  1.575E-13
1.330E+02  4.514E-23  1.593E-13
1.318E+02  4.609E-23  1.612E-13
1.306E+02  4.705E-23  1.630E-13
1.294E+02  4.803E-23  1.649E-13
1.282E+02  4.904E-23  1.668E-13
1.271E+02  5.008E-23  1.688E-13
1.259E+02  5.114E-23  1.708E-13
1.247E+02  5.223E-23  1.728E-13
1.236E+02  5.335E-23  1.749E-13
1.225E+02  5.450E-23  1.771E-13
1.213E+02  5.569E-23  1.792E-13
1.202E+02  5.689E-23  1.814E-13
1.191E+02  5.813E-23  1.837E-13
1.180E+02  5.939E-23  1.860E-13
1.169E+02  6.068E-23  1.882E-13
1.159E+02  6.199E-23  1.905E-13
1.148E+02  6.332E-23  1.929E-13
1.138E+02  6.469E-23  1.952E-13
1.127E+02  6.608E-23  1.976E-13
1.117E+02  6.750E-23  2.000E-13
1.107E+02  6.895E-23  2.024E-13
1.096E+02  7.042E-23  2.048E-13
1.086E+02  7.191E-23  2.072E-13
1.076E+02  7.344E-23  2.097E-13
1.067E+02  7.498E-23  2.121E-13
1.057E+02  7.655E-23  2.146E-13
1.047E+02  7.815E-23  2.171E-13
1.038E+02  7.977E-23  2.195E-13
1.028E+02  8.140E-23  2.220E-13
1.019E+02  8.306E-23  2.244E-13
1.009E+02  8.474E-23  2.269E-13
1.000E+02  8.644E-23  2.293E-13
9.908E+01  8.816E-23  2.317E-13
9.817E+01  8.990E-23  2.341E-13
9.727E+01  9.166E-23  2.365E-13
9.638E+01  9.344E-23  2.389E-13
9.550E+01  9.523E-23  2.412E-13
9.462E+01  9.704E-23  2.436E-13
9.376E+01  9.887E-23  2.459E-13
9.290E+01  1.007E-22  2.482E-13
9.204E+01  1.026E-22  2.504E-13
9.120E+01  1.045E-22  2.527E-13
9.036E+01  1.063E-22  2.549E-13
8.954E+01  1.083E-22  2.571E-13
8.872E+01  1.102E-22  2.593E-13
8.790E+01  1.121E-22  2.615E-13
8.710E+01  1.141E-22  2.636E-13
8.630E+01  1.161E-22  2.657E-13
8.551E+01  1.181E-22  2.678E-13
8.472E+01  1.201E-22  2.699E-13
8.395E+01  1.221E-22  2.719E-13
8.318E+01  1.241E-22  2.739E-13
8.241E+01  1.262E-22  2.758E-13
8.166E+01  1.282E-22  2.778E-13
8.091E+01  1.303E-22  2.797E-13
8.017E+01  1.324E-22  2.816E-13
7.943E+01  1.345E-22  2.834E-13
7.870E+01  1.366E-22  2.852E-13
7.798E+01  1.387E-22  2.870E-13
7.727E+01  1.409E-22  2.887E-13
7.656E+01  1.430E-22  2.904E-13
7.586E+01  1.451E-22  2.920E-13
7.516E+01  1.473E-22  2.937E-13
7.447E+01  1.494E-22  2.952E-13
7.379E+01  1.516E-22  2.968E-13
7.311E+01  1.538E-22  2.982E-13
7.244E+01  1.559E-22  2.997E-13
7.178E+01  1.581E-22  3.011E-13
7.112E+01  1.603E-22  3.024E-13
7.047E+01  1.625E-22  3.038E-13
6.982E+01  1.647E-22  3.051E-13
6.918E+01  1.670E-22  3.064E-13
6.855E+01  1.692E-22  3.076E-13
6.792E+01  1.714E-22  3.088E-13
6.730E+01  1.736E-22  3.099E-13
6.668E+01  1.758E-22  3.110E-13
6.607E+01  1.781E-22  3.121E-13
6.546E+01  1.803E-22  3.131E-13
6.486E+01  1.826E-22  3.141E-13
6.427E+01  1.848E-22  3.151E-13
6.368E+01  1.871E-22  3.160E-13
6.310E+01  1.894E-22  3.170E-13
6.252E+01  1.917E-22  3.179E-13
6.194E+01  1.940E-22  3.187E-13
6.138E+01  1.963E-22  3.195E-13
6.081E+01  1.986E-22  3.204E-13
6.026E+01  2.009E-22  3.211E-13
5.970E+01  2.032E-22  3.219E-13
5.916E+01  2.056E-22  3.226E-13
5.861E+01  2.079E-22  3.233E-13
5.808E+01  2.103E-22  3.239E-13
5.754E+01  2.127E-22  3.246E-13
5.702E+01  2.150E-22  3.252E-13
5.649E+01  2.174E-22  3.258E-13
5.598E+01  2.199E-22  3.264E-13
5.546E+01  2.223E-22  3.270E-13
5.495E+01  2.248E-22  3.276E-13
5.445E+01  2.272E-22  3.282E-13
5.395E+01  2.297E-22  3.288E-13
5.346E+01  2.323E-22  3.293E-13
5.297E+01  2.348E-22  3.299E-13
5.248E+01  2.374E-22  3.304E-13
5.200E+01  2.400E-22  3.310E-13
5.152E+01  2.426E-22  3.315E-13
5.105E+01  2.452E-22  3.321E-13
5.058E+01  2.479E-22  3.326E-13
5.012E+01  2.506E-22  3.331E-13
4.966E+01  2.533E-22  3.337E-13
4.920E+01  2.561E-22  3.342E-13
4.875E+01  2.588E-22  3.347E-13
4.831E+01  2.617E-22  3.353E-13
4.786E+01  2.645E-22  3.358E-13
4.742E+01  2.674E-22  3.364E-13
4.699E+01  2.704E-22  3.370E-13
4.656E+01  2.733E-22  3.376E-13
4.613E+01  2.763E-22  3.381E-13
4.571E+01  2.794E-22  3.387E-13
4.529E+01  2.825E-22  3.393E-13
4.487E+01  2.856E-22  3.399E-13
4.446E+01  2.887E-22  3.405E-13
4.406E+01  2.919E-22  3.411E-13
4.365E+01  2.951E-22  3.417E-13
4.325E+01  2.983E-22  3.423E-13
4.285E+01  3.016E-22  3.428E-13
4.246E+01  3.048E-22  3.433E-13
4.207E+01  3.081E-22  3.438E-13
4.169E+01  3.113E-22  3.442E-13
4.130E+01  3.145E-22  3.446E-13
4.093E+01  3.177E-22  3.449E-13
4.055E+01  3.209E-22  3.451E-13
4.018E+01  3.239E-22  3.453E-13
3.981E+01  3.270E-22  3.453E-13
3.945E+01  3.299E-22  3.452E-13
3.908E+01  3.327E-22  3.449E-13
3.873E+01  3.354E-22  3.446E-13
3.837E+01  3.380E-22  3.440E-13
3.802E+01  3.404E-22  3.433E-13
3.767E+01  3.426E-22  3.423E-13
3.733E+01  3.446E-22  3.411E-13
3.698E+01  3.463E-22  3.397E-13
3.664E+01  3.477E-22  3.380E-13
3.631E+01  3.489E-22  3.360E-13
3.597E+01  3.497E-22  3.337E-13
3.565E+01  3.502E-22  3.311E-13
3.532E+01  3.504E-22  3.282E-13
3.499E+01  3.501E-22  3.250E-13
3.467E+01  3.495E-22  3.214E-13
3.436E+01  3.484E-22  3.175E-13
3.404E+01  3.469E-22  3.132E-13
3.373E+01  3.449E-22  3.086E-13
3.342E+01  3.425E-22  3.036E-13
3.311E+01  3.396E-22  2.983E-13
3.281E+01  3.363E-22  2.927E-13
3.251E+01  3.325E-22  2.867E-13
3.221E+01  3.283E-22  2.805E-13
3.192E+01  3.237E-22  2.740E-13
3.162E+01  3.186E-22  2.673E-13
3.133E+01  3.133E-22  2.604E-13
3.105E+01  3.075E-22  2.533E-13
3.076E+01  3.015E-22  2.460E-13
3.048E+01  2.952E-22  2.387E-13
3.020E+01  2.887E-22  2.313E-13
2.992E+01  2.820E-22  2.238E-13
2.965E+01  2.751E-22  2.164E-13
2.938E+01  2.682E-22  2.090E-13
2.911E+01  2.611E-22  2.016E-13
2.884E+01  2.540E-22  1.943E-13
2.858E+01  2.470E-22  1.872E-13
2.831E+01  2.399E-22  1.802E-13
2.805E+01  2.329E-22  1.734E-13
2.780E+01  2.261E-22  1.667E-13
2.754E+01  2.193E-22  1.602E-13
2.729E+01  2.126E-22  1.539E-13
2.704E+01  2.061E-22  1.478E-13
2.679E+01  1.998E-22  1.420E-13
2.655E+01  1.936E-22  1.363E-13
2.630E+01  1.876E-22  1.309E-13
2.606E+01  1.818E-22  1.257E-13
2.582E+01  1.762E-22  1.207E-13
2.559E+01  1.708E-22  1.159E-13
2.535E+01  1.656E-22  1.113E-13
2.512E+01  1.605E-22  1.070E-13
2.489E+01  1.557E-22  1.028E-13
2.466E+01  1.510E-22  9.877E-14
2.443E+01  1.465E-22  9.495E-14
2.421E+01  1.422E-22  9.130E-14
2.399E+01  1.380E-22  8.779E-14
2.377E+01  1.340E-22  8.446E-14
2.355E+01  1.302E-22  8.131E-14
2.333E+01  1.265E-22  7.830E-14
2.312E+01  1.229E-22  7.538E-14
2.291E+01  1.195E-22  7.262E-14
2.270E+01  1.163E-22  7.002E-14
2.249E+01  1.133E-22  6.758E-14
2.228E+01  1.104E-22  6.526E-14
2.208E+01  1.076E-22  6.304E-14
2.188E+01  1.049E-22  6.087E-14
2.168E+01  1.022E-22  5.879E-14
2.148E+01  9.969E-23  5.679E-14
2.128E+01  9.728E-23  5.491E-14
2.109E+01  9.501E-23  5.314E-14
2.089E+01  9.281E-23  5.144E-14
2.070E+01  9.067E-23  4.979E-14
2.051E+01  8.859E-23  4.820E-14
2.032E+01  8.662E-23  4.670E-14
2.014E+01  8.486E-23  4.533E-14
1.995E+01  8.314E-23  4.400E-14
1.977E+01  8.147E-23  4.272E-14
1.959E+01  7.980E-23  4.146E-14
1.941E+01  7.814E-23  4.023E-14
1.923E+01  7.648E-23  3.901E-14
1.905E+01  7.484E-23  3.783E-14
1.888E+01  7.323E-23  3.667E-14
1.871E+01  7.166E-23  3.556E-14
1.854E+01  7.016E-23  3.450E-14
1.837E+01  6.881E-23  3.352E-14
1.820E+01  6.774E-23  3.270E-14
1.803E+01  6.745E-23  3.226E-14
1.786E+01  6.816E-23  3.230E-14
1.770E+01  6.639E-23  3.117E-14
1.754E+01  6.706E-23  3.120E-14
1.738E+01  7.203E-23  3.320E-14
1.722E+01  6.770E-23  3.092E-14
1.706E+01  6.581E-23  2.978E-14
1.690E+01  6.328E-23  2.838E-14
1.675E+01  6.028E-23  2.678E-14
1.660E+01  5.967E-23  2.627E-14
1.644E+01  6.451E-23  2.814E-14
1.629E+01  5.339E-23  2.308E-14
1.614E+01  4.884E-23  2.091E-14
1.600E+01  4.837E-23  2.052E-14
1.585E+01  4.713E-23  1.981E-14
1.570E+01  4.248E-23  1.770E-14
1.556E+01  3.975E-23  1.640E-14
1.542E+01  3.793E-23  1.551E-14
1.528E+01  3.648E-23  1.478E-14
1.514E+01  3.523E-23  1.414E-14
1.500E+01  3.412E-23  1.357E-14
1.486E+01  3.313E-23  1.306E-14
1.472E+01  3.227E-23  1.260E-14
1.459E+01  3.158E-23  1.222E-14
1.445E+01  3.122E-23  1.197E-14
1.432E+01  3.154E-23  1.198E-14
1.419E+01  3.198E-23  1.204E-14
1.406E+01  3.034E-23  1.131E-14
1.393E+01  2.899E-23  1.071E-14
1.380E+01  2.870E-23  1.051E-14
1.368E+01  2.972E-23  1.078E-14
1.355E+01  2.985E-23  1.073E-14
1.343E+01  2.805E-23  9.989E-15
1.330E+01  2.758E-23  9.734E-15
1.318E+01  2.800E-23  9.791E-15
1.306E+01  2.926E-23  1.014E-14
1.294E+01  3.174E-23  1.090E-14
1.282E+01  3.594E-23  1.222E-14
1.271E+01  4.116E-23  1.387E-14
1.259E+01  4.302E-23  1.437E-14
1.247E+01  3.915E-23  1.296E-14
1.236E+01  3.461E-23  1.135E-14
1.225E+01  3.243E-23  1.053E-14
1.213E+01  3.233E-23  1.041E-14
1.202E+01  3.262E-23  1.040E-14
1.191E+01  3.131E-23  9.895E-15
1.180E+01  2.912E-23  9.118E-15
1.169E+01  2.814E-23  8.730E-15
1.159E+01  2.991E-23  9.194E-15
1.148E+01  3.716E-23  1.132E-14
1.138E+01  5.088E-23  1.535E-14
1.127E+01  6.665E-23  1.993E-14
1.117E+01  4.728E-23  1.401E-14
1.107E+01  2.817E-23  8.270E-15
1.096E+01  2.125E-23  6.179E-15
1.086E+01  1.787E-23  5.149E-15
1.076E+01  1.592E-23  4.546E-15
1.067E+01  1.466E-23  4.147E-15
1.057E+01  1.377E-23  3.859E-15
1.047E+01  1.309E-23  3.636E-15
1.038E+01  1.255E-23  3.453E-15
1.028E+01  1.209E-23  3.297E-15
1.019E+01  1.170E-23  3.161E-15
1.009E+01  1.137E-23  3.043E-15
1.000E+01  1.109E-23  2.941E-15
9.908E+00  1.086E-23  2.854E-15
9.817E+00  1.068E-23  2.780E-15
9.727E+00  1.054E-23  2.720E-15
9.638E+00  1.045E-23  2.672E-15
9.550E+00  1.041E-23  2.637E-15
9.462E+00  1.042E-23  2.616E-15
9.376E+00  1.050E-23  2.612E-15
9.290E+00  1.067E-23  2.628E-15
9.204E+00  1.095E-23  2.674E-15
9.120E+00  1.142E-23  2.762E-15
9.036E+00  1.216E-23  2.916E-15
8.954E+00  1.336E-23  3.174E-15
8.872E+00  1.534E-23  3.610E-15
8.790E+00  1.864E-23  4.347E-15
8.710E+00  2.367E-23  5.469E-15
8.630E+00  2.816E-23  6.447E-15
8.551E+00  2.709E-23  6.145E-15
8.472E+00  2.339E-23  5.257E-15
8.395E+00  2.143E-23  4.773E-15
8.318E+00  2.110E-23  4.655E-15
8.241E+00  2.176E-23  4.756E-15
8.166E+00  2.371E-23  5.136E-15
8.091E+00  2.754E-23  5.911E-15
8.017E+00  3.364E-23  7.154E-15
7.943E+00  4.154E-23  8.753E-15
7.870E+00  4.834E-23  1.009E-14
7.798E+00  5.088E-23  1.052E-14
7.727E+00  5.182E-23  1.062E-14
7.656E+00  5.422E-23  1.101E-14
7.586E+00  5.243E-23  1.055E-14
7.516E+00  4.245E-23  8.463E-15
7.447E+00  3.157E-23  6.237E-15
7.379E+00  2.385E-23  4.668E-15
7.311E+00  1.875E-23  3.636E-15
7.244E+00  1.523E-23  2.927E-15
7.178E+00  1.270E-23  2.417E-15
7.112E+00  1.082E-23  2.042E-15
7.047E+00  9.449E-24  1.766E-15
6.982E+00  8.482E-24  1.571E-15
6.918E+00  7.860E-24  1.442E-15
6.855E+00  7.530E-24  1.369E-15
6.792E+00  7.398E-24  1.333E-15
6.730E+00  7.295E-24  1.302E-15
6.668E+00  7.044E-24  1.246E-15
6.607E+00  6.657E-24  1.167E-15
6.546E+00  6.367E-24  1.106E-15
6.486E+00  6.457E-24  1.111E-15
6.427E+00  7.258E-24  1.237E-15
6.368E+00  9.419E-24  1.591E-15
6.310E+00  1.441E-23  2.411E-15
6.252E+00  2.288E-23  3.794E-15
6.194E+00  2.284E-23  3.753E-15
6.138E+00  1.350E-23  2.198E-15
6.081E+00  7.807E-24  1.259E-15
6.026E+00  5.172E-24  8.266E-16
5.970E+00  3.907E-24  6.188E-16
5.916E+00  3.314E-24  5.201E-16
5.861E+00  3.149E-24  4.897E-16
5.808E+00  3.367E-24  5.187E-16
5.754E+00  3.905E-24  5.960E-16
5.702E+00  4.179E-24  6.320E-16
5.649E+00  3.510E-24  5.259E-16
5.598E+00  2.584E-24  3.837E-16
5.546E+00  1.951E-24  2.870E-16
5.495E+00  1.579E-24  2.302E-16
5.445E+00  1.372E-24  1.982E-16
5.395E+00  1.284E-24  1.838E-16
5.346E+00  1.323E-24  1.876E-16
5.297E+00  1.528E-24  2.147E-16
5.248E+00  1.668E-24  2.322E-16
5.200E+00  1.336E-24  1.843E-16
5.152E+00  1.001E-24  1.368E-16
5.105E+00  8.154E-25  1.104E-16
5.058E+00  7.095E-25  9.520E-17
5.012E+00  6.415E-25  8.528E-17
4.966E+00  5.930E-25  7.811E-17
4.920E+00  5.559E-25  7.255E-17
4.875E+00  5.260E-25  6.802E-17
4.831E+00  5.011E-25  6.421E-17
4.786E+00  4.799E-25  6.093E-17
4.742E+00  4.616E-25  5.806E-17
4.699E+00  4.454E-25  5.552E-17
4.656E+00  4.311E-25  5.324E-17
4.613E+00  4.182E-25  5.118E-17
4.571E+00  4.067E-25  4.931E-17
4.529E+00  3.962E-25  4.760E-17
4.487E+00  3.868E-25  4.604E-17
4.446E+00  3.782E-25  4.460E-17
4.406E+00  3.703E-25  4.328E-17
4.365E+00  3.632E-25  4.205E-17
4.325E+00  3.566E-25  4.092E-17
4.285E+00  3.507E-25  3.986E-17
4.246E+00  3.452E-25  3.889E-17
4.207E+00  3.403E-25  3.798E-17
4.169E+00  3.358E-25  3.713E-17
4.130E+00  3.318E-25  3.635E-17
4.093E+00  3.281E-25  3.562E-17
4.055E+00  3.249E-25  3.495E-17
4.018E+00  3.221E-25  3.433E-17
3.981E+00  3.198E-25  3.377E-17
3.945E+00  3.179E-25  3.326E-17
3.908E+00  3.165E-25  3.281E-17
3.873E+00  3.156E-25  3.242E-17
3.837E+00  3.154E-25  3.210E-17
3.802E+00  3.159E-25  3.185E-17
3.767E+00  3.172E-25  3.170E-17
3.733E+00  3.197E-25  3.165E-17
3.698E+00  3.235E-25  3.174E-17
3.664E+00  3.292E-25  3.200E-17
3.631E+00  3.373E-25  3.249E-17
3.597E+00  3.490E-25  3.331E-17
3.565E+00  3.660E-25  3.460E-17
3.532E+00  3.910E-25  3.663E-17
3.499E+00  4.294E-25  3.986E-17
3.467E+00  4.916E-25  4.521E-17
3.436E+00  6.007E-25  5.474E-17
3.404E+00  8.162E-25  7.370E-17
3.373E+00  1.331E-24  1.191E-16
3.342E+00  3.039E-24  2.694E-16
3.311E+00  1.151E-23  1.011E-15
3.281E+00  7.866E-24  6.846E-16
3.251E+00  2.246E-24  1.937E-16
3.221E+00  1.072E-24  9.158E-17
3.192E+00  6.832E-25  5.783E-17
3.162E+00  5.114E-25  4.290E-17
3.133E+00  4.211E-25  3.500E-17
3.105E+00  3.677E-25  3.028E-17
3.076E+00  3.335E-25  2.721E-17
3.048E+00  3.100E-25  2.506E-17
3.020E+00  2.932E-25  2.348E-17
2.992E+00  2.805E-25  2.227E-17
2.965E+00  2.707E-25  2.129E-17
2.938E+00  2.629E-25  2.048E-17
2.911E+00  2.564E-25  1.980E-17
2.884E+00  2.510E-25  1.921E-17
2.858E+00  2.464E-25  1.868E-17
2.831E+00  2.424E-25  1.820E-17
2.805E+00  2.388E-25  1.777E-17
2.780E+00  2.356E-25  1.737E-17
2.754E+00  2.326E-25  1.700E-17
2.729E+00  2.299E-25  1.664E-17
2.704E+00  2.274E-25  1.631E-17
2.679E+00  2.250E-25  1.599E-17
2.655E+00  2.228E-25  1.569E-17
2.630E+00  2.206E-25  1.539E-17
2.606E+00  2.186E-25  1.511E-17
2.582E+00  2.166E-25  1.483E-17
2.559E+00  2.146E-25  1.457E-17
2.535E+00  2.127E-25  1.430E-17
2.512E+00  2.109E-25  1.405E-17
2.489E+00  2.090E-25  1.380E-17
2.466E+00  2.072E-25  1.355E-17
2.443E+00  2.054E-25  1.331E-17
2.421E+00  2.035E-25  1.307E-17
2.399E+00  2.018E-25  1.284E-17
2.377E+00  2.000E-25  1.261E-17
2.355E+00  1.983E-25  1.239E-17
2.333E+00  1.965E-25  1.216E-17
2.312E+00  1.948E-25  1.195E-17
2.291E+00  1.931E-25  1.173E-17
2.270E+00  1.913E-25  1.152E-17
2.249E+00  1.895E-25  1.131E-17
2.228E+00  1.877E-25  1.110E-17
2.208E+00  1.859E-25  1.089E-17
2.188E+00  1.841E-25  1.068E-17
2.168E+00  1.821E-25  1.047E-17
2.148E+00  1.801E-25  1.026E-17
2.128E+00  1.780E-25  1.005E-17
2.109E+00  1.758E-25  9.834E-18
2.089E+00  1.734E-25  9.612E-18
2.070E+00  1.709E-25  9.383E-18
2.051E+00  1.680E-25  9.143E-18
2.032E+00  1.649E-25  8.890E-18
2.014E+00  1.614E-25  8.620E-18
1.995E+00  1.574E-25  8.331E-18
1.977E+00  1.530E-25  8.021E-18
1.959E+00  1.482E-25  7.700E-18
1.941E+00  1.436E-25  7.392E-18
1.923E+00  1.399E-25  7.138E-18
1.905E+00  1.382E-25  6.985E-18
1.888E+00  1.387E-25  6.945E-18
1.871E+00  1.407E-25  6.984E-18
1.854E+00  1.433E-25  7.046E-18
1.837E+00  1.456E-25  7.093E-18
1.820E+00  1.473E-25  7.109E-18
1.803E+00  1.483E-25  7.094E-18
1.786E+00  1.488E-25  7.054E-18
1.770E+00  1.489E-25  6.993E-18
1.754E+00  1.487E-25  6.919E-18
1.738E+00  1.483E-25  6.835E-18
1.722E+00  1.477E-25  6.745E-18
1.706E+00  1.469E-25  6.650E-18
1.690E+00  1.461E-25  6.553E-18
1.675E+00  1.453E-25  6.455E-18
1.660E+00  1.444E-25  6.357E-18
1.644E+00  1.435E-25  6.260E-18
1.629E+00  1.426E-25  6.163E-18
1.614E+00  1.417E-25  6.069E-18
1.600E+00  1.409E-25  5.978E-18
1.585E+00  1.401E-25  5.890E-18
1.570E+00  1.394E-25  5.806E-18
1.556E+00  1.387E-25  5.726E-18
1.542E+00  1.382E-25  5.651E-18
1.528E+00  1.377E-25  5.581E-18
1.514E+00  1.375E-25  5.519E-18
1.500E+00  1.373E-25  5.463E-18
1.486E+00  1.374E-25  5.415E-18
1.472E+00  1.377E-25  5.377E-18
1.459E+00  1.383E-25  5.350E-18
1.445E+00  1.392E-25  5.336E-18
1.432E+00  1.404E-25  5.336E-18
1.419E+00  1.422E-25  5.353E-18
1.406E+00  1.445E-25  5.390E-18
1.393E+00  1.475E-25  5.451E-18
1.380E+00  1.513E-25  5.540E-18
1.368E+00  1.561E-25  5.663E-18
1.355E+00  1.620E-25  5.823E-18
1.343E+00  1.692E-25  6.026E-18
1.330E+00  1.777E-25  6.273E-18
1.318E+00  1.875E-25  6.557E-18
1.306E+00  1.979E-25  6.858E-18
1.294E+00  2.078E-25  7.135E-18
1.282E+00  2.152E-25  7.319E-18
1.271E+00  2.175E-25  7.331E-18
1.259E+00  2.132E-25  7.118E-18
1.247E+00  2.022E-25  6.689E-18
1.236E+00  1.867E-25  6.120E-18
1.225E+00  1.696E-25  5.510E-18
1.213E+00  1.534E-25  4.938E-18
1.202E+00  1.394E-25  4.445E-18
1.191E+00  1.280E-25  4.044E-18
1.180E+00  1.191E-25  3.729E-18
1.169E+00  1.126E-25  3.492E-18
1.159E+00  1.081E-25  3.322E-18
1.148E+00  1.056E-25  3.215E-18
1.138E+00  1.050E-25  3.168E-18
1.127E+00  1.065E-25  3.186E-18
1.117E+00  1.107E-25  3.280E-18
1.107E+00  1.183E-25  3.472E-18
1.096E+00  1.307E-25  3.801E-18
1.086E+00  1.498E-25  4.318E-18
1.076E+00  1.777E-25  5.075E-18
1.067E+00  2.128E-25  6.021E-18
1.057E+00  2.411E-25  6.759E-18
1.047E+00  2.368E-25  6.577E-18
1.038E+00  1.975E-25  5.436E-18
1.028E+00  1.509E-25  4.115E-18
1.019E+00  1.146E-25  3.097E-18
1.009E+00  8.998E-26  2.409E-18
1.000E+00  7.359E-26  1.952E-18
