Dust emission from Draine & Li (2007): ApJ 657, 810-837
================================================================
         2 = grain model
 4.000E-08 4.000E-01 7.500E-06 = a_01 (cm) , sigma_1 , b_C1/0.92
 2.500E-07 4.000E-01 2.500E-06 = a_02 (cm) , sigma_2 , b_C2/0.92
 1.000E+01 1.000E+04 2.000E+00 = Umin , Umax, beta (dN/dU propto U^{-beta})
 6.915E+01 = <U> 
     mmp83 = radfield
 3.061E-22 = power/H (erg s-1)
 band   nu*P_nu(band) j_nu(band)
 (um)   (erg s-1 H-1)(Jy cm2 sr-1 H-1)
1.270E+00  2.839E-25  9.565E-18 COBE-DIRBE
2.220E+00  3.538E-25  2.084E-17 COBE-DIRBE
3.530E+00  2.323E-24  2.175E-16 COBE-DIRBE
4.880E+00  1.085E-24  1.404E-16 COBE-DIRBE
1.229E+01  1.838E-23  5.991E-15 COBE-DIRBE
2.079E+01  4.343E-23  2.395E-14 COBE-DIRBE
5.599E+01  1.936E-22  2.876E-13 COBE-DIRBE
9.770E+01  8.955E-23  2.321E-13 COBE-DIRBE
1.479E+02  3.503E-23  1.374E-13 COBE-DIRBE
2.479E+02  6.600E-24  4.339E-14 COBE-DIRBE
1.200E+01  1.721E-23  5.478E-15 IRAS
2.500E+01  6.598E-23  4.376E-14 IRAS
6.000E+01  1.832E-22  2.915E-13 IRAS
1.000E+02  8.494E-23  2.253E-13 IRAS
3.550E+00  2.703E-24  2.545E-16 SST-IRAC
4.493E+00  7.523E-25  8.966E-17 SST-IRAC
5.731E+00  6.825E-24  1.037E-15 SST-IRAC
7.872E+00  1.962E-23  4.097E-15 SST-IRAC
2.368E+01  5.835E-23  3.665E-14 SST-MIPS
7.142E+01  1.362E-22  2.580E-13 SST-MIPS
1.559E+02  2.731E-23  1.129E-13 SST-MIPS
1.600E+01  2.304E-23  9.776E-15 SST-IRSPU
2.200E+01  5.422E-23  3.164E-14 SST-IRSPU











lambda    nu*dP/dnu     j_nu
 (um)   (erg s-1 H-1)(Jy cm2 sr-1 H-1)
1.000E+04  9.647E-31  2.559E-19
9.908E+03  1.000E-30  2.629E-19
9.817E+03  1.037E-30  2.700E-19
9.727E+03  1.075E-30  2.774E-19
9.638E+03  1.115E-30  2.849E-19
9.550E+03  1.156E-30  2.927E-19
9.462E+03  1.198E-30  3.007E-19
9.376E+03  1.242E-30  3.089E-19
9.290E+03  1.288E-30  3.173E-19
9.204E+03  1.335E-30  3.260E-19
9.120E+03  1.384E-30  3.349E-19
9.036E+03  1.435E-30  3.440E-19
8.954E+03  1.488E-30  3.533E-19
8.872E+03  1.542E-30  3.629E-19
8.790E+03  1.599E-30  3.727E-19
8.710E+03  1.657E-30  3.829E-19
8.630E+03  1.718E-30  3.932E-19
8.551E+03  1.781E-30  4.039E-19
8.472E+03  1.846E-30  4.149E-19
8.395E+03  1.914E-30  4.262E-19
8.318E+03  1.984E-30  4.378E-19
8.241E+03  2.057E-30  4.498E-19
8.166E+03  2.133E-30  4.620E-19
8.091E+03  2.212E-30  4.747E-19
8.017E+03  2.293E-30  4.876E-19
7.943E+03  2.378E-30  5.010E-19
7.870E+03  2.465E-30  5.147E-19
7.798E+03  2.556E-30  5.288E-19
7.727E+03  2.651E-30  5.433E-19
7.656E+03  2.749E-30  5.582E-19
7.586E+03  2.850E-30  5.736E-19
7.516E+03  2.956E-30  5.893E-19
7.447E+03  3.065E-30  6.056E-19
7.379E+03  3.179E-30  6.222E-19
7.311E+03  3.297E-30  6.394E-19
7.244E+03  3.419E-30  6.570E-19
7.178E+03  3.546E-30  6.752E-19
7.112E+03  3.678E-30  6.938E-19
7.047E+03  3.814E-30  7.130E-19
6.982E+03  3.956E-30  7.327E-19
6.918E+03  4.103E-30  7.530E-19
6.855E+03  4.256E-30  7.738E-19
6.792E+03  4.414E-30  7.952E-19
6.730E+03  4.578E-30  8.172E-19
6.668E+03  4.749E-30  8.399E-19
6.607E+03  4.925E-30  8.632E-19
6.546E+03  5.109E-30  8.872E-19
6.486E+03  5.300E-30  9.119E-19
6.427E+03  5.498E-30  9.372E-19
6.368E+03  5.703E-30  9.633E-19
6.310E+03  5.916E-30  9.902E-19
6.252E+03  6.138E-30  1.018E-18
6.194E+03  6.367E-30  1.046E-18
6.138E+03  6.606E-30  1.075E-18
6.081E+03  6.854E-30  1.106E-18
6.026E+03  7.111E-30  1.137E-18
5.970E+03  7.378E-30  1.168E-18
5.916E+03  7.655E-30  1.201E-18
5.861E+03  7.942E-30  1.235E-18
5.808E+03  8.241E-30  1.270E-18
5.754E+03  8.551E-30  1.305E-18
5.702E+03  8.873E-30  1.342E-18
5.649E+03  9.208E-30  1.380E-18
5.598E+03  9.555E-30  1.419E-18
5.546E+03  9.915E-30  1.459E-18
5.495E+03  1.029E-29  1.500E-18
5.445E+03  1.068E-29  1.542E-18
5.395E+03  1.108E-29  1.586E-18
5.346E+03  1.150E-29  1.631E-18
5.297E+03  1.194E-29  1.677E-18
5.248E+03  1.239E-29  1.725E-18
5.200E+03  1.286E-29  1.773E-18
5.152E+03  1.334E-29  1.824E-18
5.105E+03  1.385E-29  1.876E-18
5.058E+03  1.438E-29  1.929E-18
5.012E+03  1.492E-29  1.984E-18
4.966E+03  1.549E-29  2.040E-18
4.920E+03  1.608E-29  2.098E-18
4.875E+03  1.669E-29  2.158E-18
4.831E+03  1.732E-29  2.220E-18
4.786E+03  1.798E-29  2.283E-18
4.742E+03  1.867E-29  2.348E-18
4.699E+03  1.938E-29  2.416E-18
4.656E+03  2.012E-29  2.485E-18
4.613E+03  2.089E-29  2.556E-18
4.571E+03  2.169E-29  2.629E-18
4.529E+03  2.251E-29  2.705E-18
4.487E+03  2.338E-29  2.783E-18
4.446E+03  2.427E-29  2.863E-18
4.406E+03  2.520E-29  2.945E-18
4.365E+03  2.617E-29  3.030E-18
4.325E+03  2.717E-29  3.117E-18
4.285E+03  2.821E-29  3.207E-18
4.246E+03  2.930E-29  3.300E-18
4.207E+03  3.042E-29  3.395E-18
4.169E+03  3.159E-29  3.494E-18
4.130E+03  3.281E-29  3.595E-18
4.093E+03  3.407E-29  3.699E-18
4.055E+03  3.539E-29  3.806E-18
4.018E+03  3.675E-29  3.917E-18
3.981E+03  3.817E-29  4.031E-18
3.945E+03  3.964E-29  4.148E-18
3.908E+03  4.117E-29  4.268E-18
3.873E+03  4.276E-29  4.392E-18
3.837E+03  4.441E-29  4.520E-18
3.802E+03  4.613E-29  4.652E-18
3.767E+03  4.791E-29  4.787E-18
3.733E+03  4.977E-29  4.927E-18
3.698E+03  5.170E-29  5.071E-18
3.664E+03  5.370E-29  5.220E-18
3.631E+03  5.578E-29  5.373E-18
3.597E+03  5.795E-29  5.530E-18
3.565E+03  6.020E-29  5.692E-18
3.532E+03  6.255E-29  5.860E-18
3.499E+03  6.498E-29  6.032E-18
3.467E+03  6.751E-29  6.210E-18
3.436E+03  7.015E-29  6.393E-18
3.404E+03  7.288E-29  6.581E-18
3.373E+03  7.573E-29  6.775E-18
3.342E+03  7.869E-29  6.976E-18
3.311E+03  8.177E-29  7.182E-18
3.281E+03  8.497E-29  7.395E-18
3.251E+03  8.829E-29  7.614E-18
3.221E+03  9.175E-29  7.840E-18
3.192E+03  9.535E-29  8.072E-18
3.162E+03  9.909E-29  8.312E-18
3.133E+03  1.030E-28  8.559E-18
3.105E+03  1.070E-28  8.814E-18
3.076E+03  1.112E-28  9.077E-18
3.048E+03  1.156E-28  9.348E-18
3.020E+03  1.202E-28  9.627E-18
2.992E+03  1.249E-28  9.914E-18
2.965E+03  1.298E-28  1.021E-17
2.938E+03  1.349E-28  1.051E-17
2.911E+03  1.402E-28  1.083E-17
2.884E+03  1.458E-28  1.115E-17
2.858E+03  1.515E-28  1.148E-17
2.831E+03  1.575E-28  1.183E-17
2.805E+03  1.637E-28  1.218E-17
2.780E+03  1.702E-28  1.255E-17
2.754E+03  1.769E-28  1.292E-17
2.729E+03  1.839E-28  1.331E-17
2.704E+03  1.912E-28  1.371E-17
2.679E+03  1.988E-28  1.413E-17
2.655E+03  2.066E-28  1.455E-17
2.630E+03  2.148E-28  1.499E-17
2.606E+03  2.234E-28  1.544E-17
2.582E+03  2.323E-28  1.591E-17
2.559E+03  2.415E-28  1.639E-17
2.535E+03  2.511E-28  1.689E-17
2.512E+03  2.611E-28  1.740E-17
2.489E+03  2.715E-28  1.793E-17
2.466E+03  2.823E-28  1.847E-17
2.443E+03  2.936E-28  1.903E-17
2.421E+03  3.053E-28  1.961E-17
2.399E+03  3.175E-28  2.021E-17
2.377E+03  3.302E-28  2.082E-17
2.355E+03  3.434E-28  2.145E-17
2.333E+03  3.572E-28  2.211E-17
2.312E+03  3.715E-28  2.278E-17
2.291E+03  3.864E-28  2.348E-17
2.270E+03  4.019E-28  2.420E-17
2.249E+03  4.180E-28  2.494E-17
2.228E+03  4.348E-28  2.570E-17
2.208E+03  4.523E-28  2.649E-17
2.188E+03  4.704E-28  2.730E-17
2.168E+03  4.894E-28  2.814E-17
2.148E+03  5.091E-28  2.900E-17
2.128E+03  5.296E-28  2.989E-17
2.109E+03  5.509E-28  3.081E-17
2.089E+03  5.731E-28  3.176E-17
2.070E+03  5.962E-28  3.274E-17
2.051E+03  6.202E-28  3.375E-17
2.032E+03  6.453E-28  3.479E-17
2.014E+03  6.713E-28  3.586E-17
1.995E+03  6.985E-28  3.697E-17
1.977E+03  7.267E-28  3.811E-17
1.959E+03  7.560E-28  3.928E-17
1.941E+03  7.866E-28  4.050E-17
1.923E+03  8.184E-28  4.175E-17
1.905E+03  8.515E-28  4.304E-17
1.888E+03  8.860E-28  4.437E-17
1.871E+03  9.219E-28  4.575E-17
1.854E+03  9.593E-28  4.716E-17
1.837E+03  9.982E-28  4.863E-17
1.820E+03  1.039E-27  5.014E-17
1.803E+03  1.081E-27  5.169E-17
1.786E+03  1.125E-27  5.330E-17
1.770E+03  1.170E-27  5.496E-17
1.754E+03  1.218E-27  5.666E-17
1.738E+03  1.267E-27  5.843E-17
1.722E+03  1.319E-27  6.025E-17
1.706E+03  1.373E-27  6.212E-17
1.690E+03  1.429E-27  6.406E-17
1.675E+03  1.487E-27  6.605E-17
1.660E+03  1.547E-27  6.811E-17
1.644E+03  1.610E-27  7.024E-17
1.629E+03  1.676E-27  7.243E-17
1.614E+03  1.744E-27  7.469E-17
1.600E+03  1.815E-27  7.702E-17
1.585E+03  1.889E-27  7.943E-17
1.570E+03  1.966E-27  8.191E-17
1.556E+03  2.047E-27  8.447E-17
1.542E+03  2.130E-27  8.711E-17
1.528E+03  2.217E-27  8.984E-17
1.514E+03  2.308E-27  9.265E-17
1.500E+03  2.402E-27  9.555E-17
1.486E+03  2.500E-27  9.854E-17
1.472E+03  2.602E-27  1.016E-16
1.459E+03  2.709E-27  1.048E-16
1.445E+03  2.820E-27  1.081E-16
1.432E+03  2.935E-27  1.115E-16
1.419E+03  3.055E-27  1.150E-16
1.406E+03  3.180E-27  1.186E-16
1.393E+03  3.310E-27  1.223E-16
1.380E+03  3.446E-27  1.262E-16
1.368E+03  3.587E-27  1.301E-16
1.355E+03  3.734E-27  1.342E-16
1.343E+03  3.887E-27  1.384E-16
1.330E+03  4.046E-27  1.428E-16
1.318E+03  4.212E-27  1.473E-16
1.306E+03  4.385E-27  1.519E-16
1.294E+03  4.564E-27  1.567E-16
1.282E+03  4.752E-27  1.616E-16
1.271E+03  4.946E-27  1.667E-16
1.259E+03  5.149E-27  1.719E-16
1.247E+03  5.360E-27  1.774E-16
1.236E+03  5.580E-27  1.829E-16
1.225E+03  5.809E-27  1.887E-16
1.213E+03  6.047E-27  1.946E-16
1.202E+03  6.295E-27  2.007E-16
1.191E+03  6.553E-27  2.071E-16
1.180E+03  6.821E-27  2.136E-16
1.169E+03  7.101E-27  2.203E-16
1.159E+03  7.392E-27  2.272E-16
1.148E+03  7.695E-27  2.344E-16
1.138E+03  8.010E-27  2.417E-16
1.127E+03  8.338E-27  2.493E-16
1.117E+03  8.680E-27  2.572E-16
1.107E+03  9.036E-27  2.652E-16
1.096E+03  9.406E-27  2.736E-16
1.086E+03  9.791E-27  2.822E-16
1.076E+03  1.019E-26  2.910E-16
1.067E+03  1.061E-26  3.002E-16
1.057E+03  1.104E-26  3.096E-16
1.047E+03  1.150E-26  3.193E-16
1.038E+03  1.197E-26  3.293E-16
1.028E+03  1.246E-26  3.396E-16
1.019E+03  1.296E-26  3.503E-16
1.009E+03  1.349E-26  3.613E-16
1.000E+03  1.405E-26  3.726E-16
9.908E+02  1.462E-26  3.843E-16
9.817E+02  1.522E-26  3.963E-16
9.727E+02  1.584E-26  4.088E-16
9.638E+02  1.649E-26  4.216E-16
9.550E+02  1.716E-26  4.348E-16
9.462E+02  1.787E-26  4.484E-16
9.376E+02  1.860E-26  4.625E-16
9.290E+02  1.935E-26  4.769E-16
9.204E+02  2.015E-26  4.919E-16
9.120E+02  2.097E-26  5.072E-16
9.036E+02  2.182E-26  5.231E-16
8.954E+02  2.271E-26  5.394E-16
8.872E+02  2.364E-26  5.563E-16
8.790E+02  2.460E-26  5.736E-16
8.710E+02  2.560E-26  5.915E-16
8.630E+02  2.664E-26  6.099E-16
8.551E+02  2.773E-26  6.289E-16
8.472E+02  2.885E-26  6.484E-16
8.395E+02  3.002E-26  6.686E-16
8.318E+02  3.124E-26  6.893E-16
8.241E+02  3.251E-26  7.107E-16
8.166E+02  3.383E-26  7.327E-16
8.091E+02  3.520E-26  7.554E-16
8.017E+02  3.662E-26  7.788E-16
7.943E+02  3.811E-26  8.029E-16
7.870E+02  3.965E-26  8.277E-16
7.798E+02  4.125E-26  8.533E-16
7.727E+02  4.292E-26  8.796E-16
7.656E+02  4.465E-26  9.067E-16
7.586E+02  4.645E-26  9.347E-16
7.516E+02  4.832E-26  9.635E-16
7.447E+02  5.028E-26  9.932E-16
7.379E+02  5.231E-26  1.024E-15
7.311E+02  5.442E-26  1.055E-15
7.244E+02  5.662E-26  1.088E-15
7.178E+02  5.891E-26  1.122E-15
7.112E+02  6.129E-26  1.156E-15
7.047E+02  6.376E-26  1.192E-15
6.982E+02  6.634E-26  1.229E-15
6.918E+02  6.902E-26  1.267E-15
6.855E+02  7.180E-26  1.306E-15
6.792E+02  7.470E-26  1.346E-15
6.730E+02  7.771E-26  1.387E-15
6.668E+02  8.084E-26  1.430E-15
6.607E+02  8.410E-26  1.474E-15
6.546E+02  8.749E-26  1.519E-15
6.486E+02  9.103E-26  1.566E-15
6.427E+02  9.471E-26  1.615E-15
6.368E+02  9.854E-26  1.664E-15
6.310E+02  1.025E-25  1.716E-15
6.252E+02  1.067E-25  1.769E-15
6.194E+02  1.110E-25  1.824E-15
6.138E+02  1.155E-25  1.880E-15
6.081E+02  1.201E-25  1.938E-15
6.026E+02  1.250E-25  1.998E-15
5.970E+02  1.301E-25  2.060E-15
5.916E+02  1.353E-25  2.123E-15
5.861E+02  1.408E-25  2.189E-15
5.808E+02  1.465E-25  2.257E-15
5.754E+02  1.524E-25  2.327E-15
5.702E+02  1.586E-25  2.398E-15
5.649E+02  1.650E-25  2.473E-15
5.598E+02  1.717E-25  2.549E-15
5.546E+02  1.786E-25  2.628E-15
5.495E+02  1.859E-25  2.709E-15
5.445E+02  1.934E-25  2.793E-15
5.395E+02  2.012E-25  2.879E-15
5.346E+02  2.094E-25  2.969E-15
5.297E+02  2.178E-25  3.060E-15
5.248E+02  2.266E-25  3.155E-15
5.200E+02  2.358E-25  3.253E-15
5.152E+02  2.454E-25  3.353E-15
5.105E+02  2.553E-25  3.457E-15
5.058E+02  2.656E-25  3.564E-15
5.012E+02  2.764E-25  3.674E-15
4.966E+02  2.875E-25  3.787E-15
4.920E+02  2.992E-25  3.904E-15
4.875E+02  3.112E-25  4.025E-15
4.831E+02  3.238E-25  4.149E-15
4.786E+02  3.369E-25  4.277E-15
4.742E+02  3.505E-25  4.409E-15
4.699E+02  3.647E-25  4.546E-15
4.656E+02  3.794E-25  4.686E-15
4.613E+02  3.947E-25  4.830E-15
4.571E+02  4.107E-25  4.979E-15
4.529E+02  4.272E-25  5.133E-15
4.487E+02  4.445E-25  5.291E-15
4.446E+02  4.624E-25  5.453E-15
4.406E+02  4.810E-25  5.621E-15
4.365E+02  5.004E-25  5.794E-15
4.325E+02  5.205E-25  5.972E-15
4.285E+02  5.415E-25  6.156E-15
4.246E+02  5.633E-25  6.345E-15
4.207E+02  5.860E-25  6.539E-15
4.169E+02  6.095E-25  6.740E-15
4.130E+02  6.340E-25  6.947E-15
4.093E+02  6.595E-25  7.160E-15
4.055E+02  6.860E-25  7.379E-15
4.018E+02  7.136E-25  7.605E-15
3.981E+02  7.422E-25  7.838E-15
3.945E+02  7.720E-25  8.078E-15
3.908E+02  8.030E-25  8.325E-15
3.873E+02  8.352E-25  8.580E-15
3.837E+02  8.687E-25  8.842E-15
3.802E+02  9.035E-25  9.112E-15
3.767E+02  9.397E-25  9.390E-15
3.733E+02  9.773E-25  9.676E-15
3.698E+02  1.016E-24  9.971E-15
3.664E+02  1.057E-24  1.027E-14
3.631E+02  1.099E-24  1.059E-14
3.597E+02  1.143E-24  1.091E-14
3.565E+02  1.189E-24  1.124E-14
3.532E+02  1.236E-24  1.158E-14
3.499E+02  1.285E-24  1.193E-14
3.467E+02  1.337E-24  1.229E-14
3.436E+02  1.390E-24  1.267E-14
3.404E+02  1.445E-24  1.305E-14
3.373E+02  1.502E-24  1.344E-14
3.342E+02  1.562E-24  1.385E-14
3.311E+02  1.624E-24  1.426E-14
3.281E+02  1.688E-24  1.469E-14
3.251E+02  1.755E-24  1.513E-14
3.221E+02  1.824E-24  1.559E-14
3.192E+02  1.896E-24  1.605E-14
3.162E+02  1.971E-24  1.653E-14
3.133E+02  2.049E-24  1.703E-14
3.105E+02  2.129E-24  1.753E-14
3.076E+02  2.213E-24  1.806E-14
3.048E+02  2.300E-24  1.859E-14
3.020E+02  2.390E-24  1.915E-14
2.992E+02  2.484E-24  1.971E-14
2.965E+02  2.581E-24  2.030E-14
2.938E+02  2.681E-24  2.090E-14
2.911E+02  2.786E-24  2.151E-14
2.884E+02  2.895E-24  2.214E-14
2.858E+02  3.007E-24  2.279E-14
2.831E+02  3.124E-24  2.346E-14
2.805E+02  3.245E-24  2.415E-14
2.780E+02  3.371E-24  2.485E-14
2.754E+02  3.501E-24  2.558E-14
2.729E+02  3.637E-24  2.633E-14
2.704E+02  3.777E-24  2.709E-14
2.679E+02  3.923E-24  2.788E-14
2.655E+02  4.075E-24  2.869E-14
2.630E+02  4.232E-24  2.953E-14
2.606E+02  4.395E-24  3.038E-14
2.582E+02  4.563E-24  3.126E-14
2.559E+02  4.738E-24  3.215E-14
2.535E+02  4.918E-24  3.307E-14
2.512E+02  5.103E-24  3.400E-14
2.489E+02  5.293E-24  3.494E-14
2.466E+02  5.486E-24  3.589E-14
2.443E+02  5.685E-24  3.685E-14
2.421E+02  5.890E-24  3.783E-14
2.399E+02  6.101E-24  3.882E-14
2.377E+02  6.315E-24  3.981E-14
2.355E+02  6.536E-24  4.083E-14
2.333E+02  6.764E-24  4.187E-14
2.312E+02  7.000E-24  4.293E-14
2.291E+02  7.242E-24  4.401E-14
2.270E+02  7.493E-24  4.511E-14
2.249E+02  7.751E-24  4.624E-14
2.228E+02  8.018E-24  4.739E-14
2.208E+02  8.292E-24  4.857E-14
2.188E+02  8.576E-24  4.977E-14
2.168E+02  8.867E-24  5.099E-14
2.148E+02  9.168E-24  5.223E-14
2.128E+02  9.478E-24  5.350E-14
2.109E+02  9.797E-24  5.480E-14
2.089E+02  1.013E-23  5.612E-14
2.070E+02  1.046E-23  5.746E-14
2.051E+02  1.081E-23  5.883E-14
2.032E+02  1.117E-23  6.023E-14
2.014E+02  1.154E-23  6.165E-14
1.995E+02  1.192E-23  6.310E-14
1.977E+02  1.231E-23  6.457E-14
1.959E+02  1.272E-23  6.607E-14
1.941E+02  1.313E-23  6.759E-14
1.923E+02  1.356E-23  6.915E-14
1.905E+02  1.399E-23  7.073E-14
1.888E+02  1.444E-23  7.234E-14
1.871E+02  1.491E-23  7.398E-14
1.854E+02  1.539E-23  7.564E-14
1.837E+02  1.588E-23  7.734E-14
1.820E+02  1.638E-23  7.906E-14
1.803E+02  1.690E-23  8.082E-14
1.786E+02  1.743E-23  8.260E-14
1.770E+02  1.798E-23  8.442E-14
1.754E+02  1.854E-23  8.627E-14
1.738E+02  1.912E-23  8.815E-14
1.722E+02  1.972E-23  9.006E-14
1.706E+02  2.033E-23  9.201E-14
1.690E+02  2.096E-23  9.399E-14
1.675E+02  2.161E-23  9.601E-14
1.660E+02  2.228E-23  9.807E-14
1.644E+02  2.296E-23  1.002E-13
1.629E+02  2.367E-23  1.023E-13
1.614E+02  2.440E-23  1.045E-13
1.600E+02  2.515E-23  1.067E-13
1.585E+02  2.592E-23  1.090E-13
1.570E+02  2.671E-23  1.113E-13
1.556E+02  2.753E-23  1.136E-13
1.542E+02  2.838E-23  1.161E-13
1.528E+02  2.925E-23  1.185E-13
1.514E+02  3.015E-23  1.211E-13
1.500E+02  3.108E-23  1.236E-13
1.486E+02  3.203E-23  1.263E-13
1.472E+02  3.301E-23  1.289E-13
1.459E+02  3.402E-23  1.316E-13
1.445E+02  3.504E-23  1.343E-13
1.432E+02  3.607E-23  1.370E-13
1.419E+02  3.710E-23  1.397E-13
1.406E+02  3.812E-23  1.422E-13
1.393E+02  3.911E-23  1.445E-13
1.380E+02  4.007E-23  1.467E-13
1.368E+02  4.101E-23  1.488E-13
1.355E+02  4.192E-23  1.507E-13
1.343E+02  4.281E-23  1.525E-13
1.330E+02  4.371E-23  1.542E-13
1.318E+02  4.461E-23  1.560E-13
1.306E+02  4.552E-23  1.577E-13
1.294E+02  4.646E-23  1.595E-13
1.282E+02  4.742E-23  1.613E-13
1.271E+02  4.841E-23  1.631E-13
1.259E+02  4.942E-23  1.650E-13
1.247E+02  5.046E-23  1.669E-13
1.236E+02  5.152E-23  1.689E-13
1.225E+02  5.261E-23  1.709E-13
1.213E+02  5.373E-23  1.730E-13
1.202E+02  5.488E-23  1.750E-13
1.191E+02  5.605E-23  1.771E-13
1.180E+02  5.725E-23  1.792E-13
1.169E+02  5.846E-23  1.814E-13
1.159E+02  5.970E-23  1.835E-13
1.148E+02  6.096E-23  1.857E-13
1.138E+02  6.225E-23  1.878E-13
1.127E+02  6.356E-23  1.900E-13
1.117E+02  6.489E-23  1.922E-13
1.107E+02  6.625E-23  1.945E-13
1.096E+02  6.763E-23  1.967E-13
1.086E+02  6.904E-23  1.990E-13
1.076E+02  7.046E-23  2.012E-13
1.067E+02  7.191E-23  2.035E-13
1.057E+02  7.338E-23  2.057E-13
1.047E+02  7.487E-23  2.080E-13
1.038E+02  7.638E-23  2.102E-13
1.028E+02  7.790E-23  2.124E-13
1.019E+02  7.944E-23  2.147E-13
1.009E+02  8.100E-23  2.169E-13
1.000E+02  8.258E-23  2.191E-13
9.908E+01  8.417E-23  2.212E-13
9.817E+01  8.578E-23  2.234E-13
9.727E+01  8.740E-23  2.255E-13
9.638E+01  8.904E-23  2.276E-13
9.550E+01  9.069E-23  2.297E-13
9.462E+01  9.235E-23  2.318E-13
9.376E+01  9.403E-23  2.338E-13
9.290E+01  9.572E-23  2.359E-13
9.204E+01  9.742E-23  2.378E-13
9.120E+01  9.912E-23  2.398E-13
9.036E+01  1.008E-22  2.417E-13
8.954E+01  1.026E-22  2.436E-13
8.872E+01  1.043E-22  2.455E-13
8.790E+01  1.061E-22  2.473E-13
8.710E+01  1.078E-22  2.492E-13
8.630E+01  1.096E-22  2.510E-13
8.551E+01  1.114E-22  2.527E-13
8.472E+01  1.132E-22  2.544E-13
8.395E+01  1.150E-22  2.561E-13
8.318E+01  1.168E-22  2.577E-13
8.241E+01  1.186E-22  2.594E-13
8.166E+01  1.205E-22  2.609E-13
8.091E+01  1.223E-22  2.625E-13
8.017E+01  1.241E-22  2.640E-13
7.943E+01  1.260E-22  2.654E-13
7.870E+01  1.278E-22  2.668E-13
7.798E+01  1.296E-22  2.682E-13
7.727E+01  1.315E-22  2.695E-13
7.656E+01  1.333E-22  2.708E-13
7.586E+01  1.352E-22  2.720E-13
7.516E+01  1.370E-22  2.732E-13
7.447E+01  1.389E-22  2.743E-13
7.379E+01  1.407E-22  2.754E-13
7.311E+01  1.425E-22  2.764E-13
7.244E+01  1.443E-22  2.774E-13
7.178E+01  1.461E-22  2.783E-13
7.112E+01  1.480E-22  2.791E-13
7.047E+01  1.498E-22  2.800E-13
6.982E+01  1.516E-22  2.808E-13
6.918E+01  1.534E-22  2.816E-13
6.855E+01  1.552E-22  2.823E-13
6.792E+01  1.570E-22  2.829E-13
6.730E+01  1.588E-22  2.835E-13
6.668E+01  1.606E-22  2.840E-13
6.607E+01  1.624E-22  2.846E-13
6.546E+01  1.641E-22  2.850E-13
6.486E+01  1.659E-22  2.854E-13
6.427E+01  1.676E-22  2.858E-13
6.368E+01  1.694E-22  2.861E-13
6.310E+01  1.711E-22  2.864E-13
6.252E+01  1.729E-22  2.867E-13
6.194E+01  1.746E-22  2.869E-13
6.138E+01  1.763E-22  2.870E-13
6.081E+01  1.780E-22  2.872E-13
6.026E+01  1.797E-22  2.873E-13
5.970E+01  1.814E-22  2.873E-13
5.916E+01  1.831E-22  2.873E-13
5.861E+01  1.847E-22  2.872E-13
5.808E+01  1.864E-22  2.872E-13
5.754E+01  1.880E-22  2.870E-13
5.702E+01  1.897E-22  2.869E-13
5.649E+01  1.913E-22  2.867E-13
5.598E+01  1.929E-22  2.865E-13
5.546E+01  1.946E-22  2.862E-13
5.495E+01  1.962E-22  2.860E-13
5.445E+01  1.978E-22  2.857E-13
5.395E+01  1.994E-22  2.853E-13
5.346E+01  2.010E-22  2.850E-13
5.297E+01  2.026E-22  2.846E-13
5.248E+01  2.042E-22  2.842E-13
5.200E+01  2.057E-22  2.838E-13
5.152E+01  2.073E-22  2.833E-13
5.105E+01  2.089E-22  2.828E-13
5.058E+01  2.104E-22  2.823E-13
5.012E+01  2.120E-22  2.818E-13
4.966E+01  2.135E-22  2.812E-13
4.920E+01  2.150E-22  2.807E-13
4.875E+01  2.166E-22  2.801E-13
4.831E+01  2.181E-22  2.794E-13
4.786E+01  2.196E-22  2.788E-13
4.742E+01  2.211E-22  2.782E-13
4.699E+01  2.226E-22  2.775E-13
4.656E+01  2.241E-22  2.768E-13
4.613E+01  2.256E-22  2.761E-13
4.571E+01  2.271E-22  2.753E-13
4.529E+01  2.285E-22  2.746E-13
4.487E+01  2.300E-22  2.738E-13
4.446E+01  2.314E-22  2.729E-13
4.406E+01  2.328E-22  2.721E-13
4.365E+01  2.342E-22  2.712E-13
4.325E+01  2.356E-22  2.703E-13
4.285E+01  2.369E-22  2.693E-13
4.246E+01  2.381E-22  2.682E-13
4.207E+01  2.393E-22  2.671E-13
4.169E+01  2.405E-22  2.660E-13
4.130E+01  2.416E-22  2.647E-13
4.093E+01  2.426E-22  2.634E-13
4.055E+01  2.435E-22  2.620E-13
4.018E+01  2.444E-22  2.604E-13
3.981E+01  2.451E-22  2.588E-13
3.945E+01  2.457E-22  2.571E-13
3.908E+01  2.462E-22  2.552E-13
3.873E+01  2.465E-22  2.532E-13
3.837E+01  2.467E-22  2.511E-13
3.802E+01  2.467E-22  2.488E-13
3.767E+01  2.465E-22  2.463E-13
3.733E+01  2.460E-22  2.436E-13
3.698E+01  2.454E-22  2.407E-13
3.664E+01  2.445E-22  2.377E-13
3.631E+01  2.434E-22  2.344E-13
3.597E+01  2.420E-22  2.310E-13
3.565E+01  2.404E-22  2.273E-13
3.532E+01  2.385E-22  2.234E-13
3.499E+01  2.363E-22  2.193E-13
3.467E+01  2.338E-22  2.150E-13
3.436E+01  2.310E-22  2.105E-13
3.404E+01  2.279E-22  2.058E-13
3.373E+01  2.245E-22  2.009E-13
3.342E+01  2.208E-22  1.958E-13
3.311E+01  2.169E-22  1.905E-13
3.281E+01  2.127E-22  1.851E-13
3.251E+01  2.082E-22  1.795E-13
3.221E+01  2.035E-22  1.739E-13
3.192E+01  1.986E-22  1.681E-13
3.162E+01  1.935E-22  1.623E-13
3.133E+01  1.882E-22  1.564E-13
3.105E+01  1.828E-22  1.505E-13
3.076E+01  1.773E-22  1.447E-13
3.048E+01  1.717E-22  1.388E-13
3.020E+01  1.661E-22  1.330E-13
2.992E+01  1.604E-22  1.273E-13
2.965E+01  1.548E-22  1.217E-13
2.938E+01  1.491E-22  1.162E-13
2.911E+01  1.436E-22  1.108E-13
2.884E+01  1.381E-22  1.056E-13
2.858E+01  1.327E-22  1.006E-13
2.831E+01  1.274E-22  9.568E-14
2.805E+01  1.223E-22  9.098E-14
2.780E+01  1.173E-22  8.646E-14
2.754E+01  1.124E-22  8.213E-14
2.729E+01  1.077E-22  7.799E-14
2.704E+01  1.032E-22  7.404E-14
2.679E+01  9.889E-23  7.028E-14
2.655E+01  9.473E-23  6.671E-14
2.630E+01  9.075E-23  6.331E-14
2.606E+01  8.693E-23  6.010E-14
2.582E+01  8.330E-23  5.705E-14
2.559E+01  7.983E-23  5.418E-14
2.535E+01  7.653E-23  5.146E-14
2.512E+01  7.339E-23  4.890E-14
2.489E+01  7.040E-23  4.648E-14
2.466E+01  6.756E-23  4.420E-14
2.443E+01  6.487E-23  4.204E-14
2.421E+01  6.231E-23  4.002E-14
2.399E+01  5.988E-23  3.810E-14
2.377E+01  5.757E-23  3.630E-14
2.355E+01  5.541E-23  3.462E-14
2.333E+01  5.336E-23  3.303E-14
2.312E+01  5.140E-23  3.152E-14
2.291E+01  4.955E-23  3.011E-14
2.270E+01  4.783E-23  2.880E-14
2.249E+01  4.622E-23  2.757E-14
2.228E+01  4.470E-23  2.642E-14
2.208E+01  4.327E-23  2.534E-14
2.188E+01  4.189E-23  2.431E-14
2.168E+01  4.058E-23  2.333E-14
2.148E+01  3.934E-23  2.241E-14
2.128E+01  3.819E-23  2.156E-14
2.109E+01  3.712E-23  2.076E-14
2.089E+01  3.610E-23  2.001E-14
2.070E+01  3.513E-23  1.929E-14
2.051E+01  3.422E-23  1.862E-14
2.032E+01  3.337E-23  1.799E-14
2.014E+01  3.260E-23  1.741E-14
1.995E+01  3.188E-23  1.687E-14
1.977E+01  3.120E-23  1.636E-14
1.959E+01  3.055E-23  1.588E-14
1.941E+01  2.995E-23  1.542E-14
1.923E+01  2.938E-23  1.499E-14
1.905E+01  2.886E-23  1.459E-14
1.888E+01  2.840E-23  1.422E-14
1.871E+01  2.801E-23  1.390E-14
1.854E+01  2.772E-23  1.363E-14
1.837E+01  2.758E-23  1.344E-14
1.820E+01  2.772E-23  1.338E-14
1.803E+01  2.859E-23  1.368E-14
1.786E+01  3.039E-23  1.440E-14
1.770E+01  2.991E-23  1.404E-14
1.754E+01  3.166E-23  1.473E-14
1.738E+01  3.735E-23  1.722E-14
1.722E+01  3.448E-23  1.575E-14
1.706E+01  3.381E-23  1.530E-14
1.690E+01  3.254E-23  1.459E-14
1.675E+01  3.080E-23  1.369E-14
1.660E+01  3.123E-23  1.375E-14
1.644E+01  3.659E-23  1.596E-14
1.629E+01  2.737E-23  1.183E-14
1.614E+01  2.409E-23  1.032E-14
1.600E+01  2.450E-23  1.039E-14
1.585E+01  2.415E-23  1.015E-14
1.570E+01  2.069E-23  8.618E-15
1.556E+01  1.892E-23  7.809E-15
1.542E+01  1.795E-23  7.339E-15
1.528E+01  1.727E-23  6.999E-15
1.514E+01  1.675E-23  6.723E-15
1.500E+01  1.632E-23  6.490E-15
1.486E+01  1.596E-23  6.291E-15
1.472E+01  1.569E-23  6.129E-15
1.459E+01  1.556E-23  6.020E-15
1.445E+01  1.569E-23  6.014E-15
1.432E+01  1.639E-23  6.226E-15
1.419E+01  1.717E-23  6.464E-15
1.406E+01  1.604E-23  5.981E-15
1.393E+01  1.514E-23  5.596E-15
1.380E+01  1.516E-23  5.553E-15
1.368E+01  1.636E-23  5.935E-15
1.355E+01  1.673E-23  6.014E-15
1.343E+01  1.535E-23  5.468E-15
1.330E+01  1.519E-23  5.360E-15
1.318E+01  1.583E-23  5.535E-15
1.306E+01  1.726E-23  5.979E-15
1.294E+01  1.982E-23  6.803E-15
1.282E+01  2.399E-23  8.159E-15
1.271E+01  2.912E-23  9.816E-15
1.259E+01  3.113E-23  1.040E-14
1.247E+01  2.777E-23  9.187E-15
1.236E+01  2.376E-23  7.791E-15
1.225E+01  2.197E-23  7.138E-15
1.213E+01  2.216E-23  7.132E-15
1.202E+01  2.269E-23  7.235E-15
1.191E+01  2.170E-23  6.858E-15
1.180E+01  1.986E-23  6.216E-15
1.169E+01  1.915E-23  5.942E-15
1.159E+01  2.103E-23  6.464E-15
1.148E+01  2.767E-23  8.426E-15
1.138E+01  4.160E-23  1.255E-14
1.127E+01  5.715E-23  1.709E-14
1.117E+01  3.884E-23  1.151E-14
1.107E+01  2.063E-23  6.055E-15
1.096E+01  1.414E-23  4.113E-15
1.086E+01  1.107E-23  3.190E-15
1.076E+01  9.367E-24  2.675E-15
1.067E+01  8.319E-24  2.354E-15
1.057E+01  7.623E-24  2.137E-15
1.047E+01  7.133E-24  1.981E-15
1.038E+01  6.775E-24  1.865E-15
1.028E+01  6.506E-24  1.774E-15
1.019E+01  6.302E-24  1.703E-15
1.009E+01  6.150E-24  1.646E-15
1.000E+01  6.042E-24  1.603E-15
9.908E+00  5.973E-24  1.570E-15
9.817E+00  5.942E-24  1.547E-15
9.727E+00  5.948E-24  1.535E-15
9.638E+00  5.991E-24  1.532E-15
9.550E+00  6.076E-24  1.539E-15
9.462E+00  6.207E-24  1.558E-15
9.376E+00  6.396E-24  1.591E-15
9.290E+00  6.661E-24  1.641E-15
9.204E+00  7.031E-24  1.717E-15
9.120E+00  7.555E-24  1.828E-15
9.036E+00  8.318E-24  1.994E-15
8.954E+00  9.473E-24  2.250E-15
8.872E+00  1.130E-23  2.660E-15
8.790E+00  1.430E-23  3.334E-15
8.710E+00  1.883E-23  4.351E-15
8.630E+00  2.296E-23  5.256E-15
8.551E+00  2.222E-23  5.039E-15
8.472E+00  1.910E-23  4.291E-15
8.395E+00  1.747E-23  3.889E-15
8.318E+00  1.726E-23  3.808E-15
8.241E+00  1.792E-23  3.917E-15
8.166E+00  1.972E-23  4.271E-15
8.091E+00  2.321E-23  4.980E-15
8.017E+00  2.877E-23  6.119E-15
7.943E+00  3.605E-23  7.597E-15
7.870E+00  4.252E-23  8.877E-15
7.798E+00  4.528E-23  9.366E-15
7.727E+00  4.666E-23  9.564E-15
7.656E+00  4.943E-23  1.004E-14
7.586E+00  4.835E-23  9.729E-15
7.516E+00  3.953E-23  7.882E-15
7.447E+00  2.965E-23  5.857E-15
7.379E+00  2.258E-23  4.420E-15
7.311E+00  1.790E-23  3.471E-15
7.244E+00  1.467E-23  2.820E-15
7.178E+00  1.235E-23  2.351E-15
7.112E+00  1.063E-23  2.006E-15
7.047E+00  9.388E-24  1.755E-15
6.982E+00  8.535E-24  1.581E-15
6.918E+00  8.026E-24  1.473E-15
6.855E+00  7.815E-24  1.421E-15
6.792E+00  7.814E-24  1.408E-15
6.730E+00  7.842E-24  1.400E-15
6.668E+00  7.699E-24  1.362E-15
6.607E+00  7.391E-24  1.295E-15
6.546E+00  7.185E-24  1.248E-15
6.486E+00  7.423E-24  1.277E-15
6.427E+00  8.527E-24  1.454E-15
6.368E+00  1.133E-23  1.914E-15
6.310E+00  1.775E-23  2.971E-15
6.252E+00  2.877E-23  4.771E-15
6.194E+00  2.918E-23  4.795E-15
6.138E+00  1.744E-23  2.839E-15
6.081E+00  1.017E-23  1.640E-15
6.026E+00  6.786E-24  1.085E-15
5.970E+00  5.174E-24  8.194E-16
5.916E+00  4.441E-24  6.969E-16
5.861E+00  4.286E-24  6.664E-16
5.808E+00  4.669E-24  7.192E-16
5.754E+00  5.524E-24  8.432E-16
5.702E+00  6.013E-24  9.094E-16
5.649E+00  5.111E-24  7.659E-16
5.598E+00  3.794E-24  5.634E-16
5.546E+00  2.885E-24  4.244E-16
5.495E+00  2.355E-24  3.433E-16
5.445E+00  2.068E-24  2.987E-16
5.395E+00  1.961E-24  2.806E-16
5.346E+00  2.054E-24  2.912E-16
5.297E+00  2.417E-24  3.396E-16
5.248E+00  2.682E-24  3.734E-16
5.200E+00  2.165E-24  2.986E-16
5.152E+00  1.628E-24  2.226E-16
5.105E+00  1.334E-24  1.807E-16
5.058E+00  1.170E-24  1.570E-16
5.012E+00  1.067E-24  1.418E-16
4.966E+00  9.955E-25  1.311E-16
4.920E+00  9.420E-25  1.230E-16
4.875E+00  8.999E-25  1.164E-16
4.831E+00  8.653E-25  1.109E-16
4.786E+00  8.363E-25  1.062E-16
4.742E+00  8.113E-25  1.021E-16
4.699E+00  7.895E-25  9.841E-17
4.656E+00  7.703E-25  9.513E-17
4.613E+00  7.532E-25  9.217E-17
4.571E+00  7.378E-25  8.945E-17
4.529E+00  7.239E-25  8.697E-17
4.487E+00  7.113E-25  8.467E-17
4.446E+00  6.998E-25  8.254E-17
4.406E+00  6.894E-25  8.056E-17
4.365E+00  6.798E-25  7.872E-17
4.325E+00  6.711E-25  7.699E-17
4.285E+00  6.631E-25  7.538E-17
4.246E+00  6.558E-25  7.387E-17
4.207E+00  6.492E-25  7.246E-17
4.169E+00  6.433E-25  7.113E-17
4.130E+00  6.379E-25  6.989E-17
4.093E+00  6.331E-25  6.873E-17
4.055E+00  6.289E-25  6.765E-17
4.018E+00  6.254E-25  6.665E-17
3.981E+00  6.226E-25  6.574E-17
3.945E+00  6.205E-25  6.492E-17
3.908E+00  6.192E-25  6.419E-17
3.873E+00  6.188E-25  6.357E-17
3.837E+00  6.196E-25  6.307E-17
3.802E+00  6.218E-25  6.271E-17
3.767E+00  6.256E-25  6.251E-17
3.733E+00  6.314E-25  6.252E-17
3.698E+00  6.400E-25  6.278E-17
3.664E+00  6.521E-25  6.339E-17
3.631E+00  6.692E-25  6.445E-17
3.597E+00  6.933E-25  6.616E-17
3.565E+00  7.279E-25  6.882E-17
3.532E+00  7.787E-25  7.296E-17
3.499E+00  8.564E-25  7.950E-17
3.467E+00  9.820E-25  9.032E-17
3.436E+00  1.202E-24  1.095E-16
3.404E+00  1.636E-24  1.477E-16
3.373E+00  2.673E-24  2.391E-16
3.342E+00  6.108E-24  5.415E-16
3.311E+00  2.315E-23  2.033E-15
3.281E+00  1.581E-23  1.376E-15
3.251E+00  4.507E-24  3.886E-16
3.221E+00  2.146E-24  1.833E-16
3.192E+00  1.365E-24  1.155E-16
3.162E+00  1.020E-24  8.553E-17
3.133E+00  8.381E-25  6.966E-17
3.105E+00  7.308E-25  6.018E-17
3.076E+00  6.618E-25  5.400E-17
3.048E+00  6.146E-25  4.969E-17
3.020E+00  5.806E-25  4.651E-17
2.992E+00  5.550E-25  4.405E-17
2.965E+00  5.351E-25  4.208E-17
2.938E+00  5.191E-25  4.045E-17
2.911E+00  5.059E-25  3.906E-17
2.884E+00  4.948E-25  3.785E-17
2.858E+00  4.852E-25  3.678E-17
2.831E+00  4.768E-25  3.581E-17
2.805E+00  4.693E-25  3.492E-17
2.780E+00  4.625E-25  3.410E-17
2.754E+00  4.562E-25  3.333E-17
2.729E+00  4.505E-25  3.261E-17
2.704E+00  4.450E-25  3.192E-17
2.679E+00  4.399E-25  3.126E-17
2.655E+00  4.350E-25  3.063E-17
2.630E+00  4.304E-25  3.003E-17
2.606E+00  4.258E-25  2.944E-17
2.582E+00  4.214E-25  2.887E-17
2.559E+00  4.172E-25  2.831E-17
2.535E+00  4.130E-25  2.777E-17
2.512E+00  4.089E-25  2.724E-17
2.489E+00  4.048E-25  2.672E-17
2.466E+00  4.007E-25  2.621E-17
2.443E+00  3.967E-25  2.571E-17
2.421E+00  3.926E-25  2.522E-17
2.399E+00  3.887E-25  2.473E-17
2.377E+00  3.848E-25  2.426E-17
2.355E+00  3.809E-25  2.380E-17
2.333E+00  3.771E-25  2.334E-17
2.312E+00  3.732E-25  2.289E-17
2.291E+00  3.694E-25  2.245E-17
2.270E+00  3.655E-25  2.201E-17
2.249E+00  3.616E-25  2.157E-17
2.228E+00  3.576E-25  2.114E-17
2.208E+00  3.536E-25  2.071E-17
2.188E+00  3.495E-25  2.029E-17
2.168E+00  3.453E-25  1.986E-17
2.148E+00  3.410E-25  1.943E-17
2.128E+00  3.365E-25  1.899E-17
2.109E+00  3.317E-25  1.855E-17
2.089E+00  3.266E-25  1.810E-17
2.070E+00  3.211E-25  1.763E-17
2.051E+00  3.151E-25  1.714E-17
2.032E+00  3.084E-25  1.663E-17
2.014E+00  3.010E-25  1.608E-17
1.995E+00  2.926E-25  1.549E-17
1.977E+00  2.833E-25  1.486E-17
1.959E+00  2.734E-25  1.421E-17
1.941E+00  2.638E-25  1.358E-17
1.923E+00  2.563E-25  1.307E-17
1.905E+00  2.526E-25  1.277E-17
1.888E+00  2.535E-25  1.270E-17
1.871E+00  2.577E-25  1.279E-17
1.854E+00  2.629E-25  1.292E-17
1.837E+00  2.675E-25  1.303E-17
1.820E+00  2.708E-25  1.307E-17
1.803E+00  2.729E-25  1.305E-17
1.786E+00  2.738E-25  1.298E-17
1.770E+00  2.739E-25  1.286E-17
1.754E+00  2.734E-25  1.272E-17
1.738E+00  2.724E-25  1.256E-17
1.722E+00  2.711E-25  1.238E-17
1.706E+00  2.695E-25  1.220E-17
1.690E+00  2.678E-25  1.201E-17
1.675E+00  2.660E-25  1.182E-17
1.660E+00  2.642E-25  1.163E-17
1.644E+00  2.623E-25  1.144E-17
1.629E+00  2.604E-25  1.126E-17
1.614E+00  2.586E-25  1.107E-17
1.600E+00  2.569E-25  1.090E-17
1.585E+00  2.552E-25  1.073E-17
1.570E+00  2.537E-25  1.057E-17
1.556E+00  2.524E-25  1.042E-17
1.542E+00  2.512E-25  1.027E-17
1.528E+00  2.503E-25  1.014E-17
1.514E+00  2.497E-25  1.002E-17
1.500E+00  2.494E-25  9.921E-18
1.486E+00  2.495E-25  9.833E-18
1.472E+00  2.500E-25  9.764E-18
1.459E+00  2.511E-25  9.715E-18
1.445E+00  2.528E-25  9.692E-18
1.432E+00  2.552E-25  9.697E-18
1.419E+00  2.586E-25  9.735E-18
1.406E+00  2.631E-25  9.812E-18
1.393E+00  2.688E-25  9.935E-18
1.380E+00  2.762E-25  1.011E-17
1.368E+00  2.854E-25  1.035E-17
1.355E+00  2.967E-25  1.067E-17
1.343E+00  3.106E-25  1.106E-17
1.330E+00  3.270E-25  1.154E-17
1.318E+00  3.457E-25  1.209E-17
1.306E+00  3.657E-25  1.267E-17
1.294E+00  3.845E-25  1.320E-17
1.282E+00  3.983E-25  1.355E-17
1.271E+00  4.025E-25  1.357E-17
1.259E+00  3.938E-25  1.315E-17
1.247E+00  3.724E-25  1.232E-17
1.236E+00  3.424E-25  1.122E-17
1.225E+00  3.095E-25  1.005E-17
1.213E+00  2.783E-25  8.958E-18
1.202E+00  2.514E-25  8.017E-18
1.191E+00  2.295E-25  7.253E-18
1.180E+00  2.126E-25  6.657E-18
1.169E+00  2.001E-25  6.208E-18
1.159E+00  1.916E-25  5.890E-18
1.148E+00  1.868E-25  5.689E-18
1.138E+00  1.857E-25  5.603E-18
1.127E+00  1.886E-25  5.638E-18
1.117E+00  1.963E-25  5.817E-18
1.107E+00  2.105E-25  6.179E-18
1.096E+00  2.336E-25  6.794E-18
1.086E+00  2.693E-25  7.760E-18
1.076E+00  3.211E-25  9.169E-18
1.067E+00  3.862E-25  1.093E-17
1.057E+00  4.384E-25  1.229E-17
1.047E+00  4.298E-25  1.194E-17
1.038E+00  3.565E-25  9.811E-18
1.028E+00  2.699E-25  7.359E-18
1.019E+00  2.026E-25  5.474E-18
1.009E+00  1.571E-25  4.205E-18
1.000E+00  1.269E-25  3.365E-18
