Dust emission from Draine & Li (2007): ApJ 657, 810-837
================================================================
         6 = grain model
 4.000E-08 4.000E-01 3.750E-05 = a_01 (cm) , sigma_1 , b_C1/0.92
 2.500E-07 4.000E-01 1.250E-05 = a_02 (cm) , sigma_2 , b_C2/0.92
 1.000E+01 1.000E+05 2.000E+00 = Umin , Umax, beta (dN/dU propto U^{-beta})
 9.211E+01 = <U> 
     mmp83 = radfield
 4.150E-22 = power/H (erg s-1)
 band   nu*P_nu(band) j_nu(band)
 (um)   (erg s-1 H-1)(Jy cm2 sr-1 H-1)
1.270E+00  1.416E-24  4.771E-17 COBE-DIRBE
2.220E+00  1.820E-24  1.072E-16 COBE-DIRBE
3.530E+00  1.202E-23  1.125E-15 COBE-DIRBE
4.880E+00  5.758E-24  7.453E-16 COBE-DIRBE
1.229E+01  6.369E-23  2.076E-14 COBE-DIRBE
2.079E+01  1.018E-22  5.614E-14 COBE-DIRBE
5.599E+01  1.915E-22  2.845E-13 COBE-DIRBE
9.770E+01  8.483E-23  2.198E-13 COBE-DIRBE
1.479E+02  3.349E-23  1.314E-13 COBE-DIRBE
2.479E+02  6.351E-24  4.176E-14 COBE-DIRBE
1.200E+01  6.487E-23  2.065E-14 IRAS
2.500E+01  1.286E-22  8.530E-14 IRAS
6.000E+01  1.809E-22  2.879E-13 IRAS
1.000E+02  8.047E-23  2.134E-13 IRAS
3.550E+00  1.397E-23  1.316E-15 SST-IRAC
4.493E+00  3.994E-24  4.759E-16 SST-IRAC
5.731E+00  3.540E-23  5.382E-15 SST-IRAC
7.872E+00  8.946E-23  1.868E-14 SST-IRAC
2.368E+01  1.192E-22  7.487E-14 SST-MIPS
7.142E+01  1.297E-22  2.458E-13 SST-MIPS
1.559E+02  2.616E-23  1.082E-13 SST-MIPS
1.600E+01  6.425E-23  2.727E-14 SST-IRSPU
2.200E+01  1.155E-22  6.738E-14 SST-IRSPU











lambda    nu*dP/dnu     j_nu
 (um)   (erg s-1 H-1)(Jy cm2 sr-1 H-1)
1.000E+04  9.565E-31  2.537E-19
9.908E+03  9.916E-31  2.606E-19
9.817E+03  1.028E-30  2.677E-19
9.727E+03  1.066E-30  2.750E-19
9.638E+03  1.105E-30  2.824E-19
9.550E+03  1.145E-30  2.901E-19
9.462E+03  1.187E-30  2.980E-19
9.376E+03  1.231E-30  3.061E-19
9.290E+03  1.276E-30  3.144E-19
9.204E+03  1.323E-30  3.229E-19
9.120E+03  1.371E-30  3.317E-19
9.036E+03  1.422E-30  3.407E-19
8.954E+03  1.473E-30  3.500E-19
8.872E+03  1.527E-30  3.594E-19
8.790E+03  1.583E-30  3.691E-19
8.710E+03  1.641E-30  3.791E-19
8.630E+03  1.701E-30  3.893E-19
8.551E+03  1.763E-30  3.999E-19
8.472E+03  1.828E-30  4.107E-19
8.395E+03  1.894E-30  4.218E-19
8.318E+03  1.964E-30  4.333E-19
8.241E+03  2.036E-30  4.451E-19
8.166E+03  2.111E-30  4.572E-19
8.091E+03  2.188E-30  4.696E-19
8.017E+03  2.268E-30  4.824E-19
7.943E+03  2.352E-30  4.955E-19
7.870E+03  2.438E-30  5.091E-19
7.798E+03  2.528E-30  5.230E-19
7.727E+03  2.621E-30  5.373E-19
7.656E+03  2.718E-30  5.520E-19
7.586E+03  2.818E-30  5.671E-19
7.516E+03  2.922E-30  5.826E-19
7.447E+03  3.030E-30  5.986E-19
7.379E+03  3.142E-30  6.150E-19
7.311E+03  3.258E-30  6.319E-19
7.244E+03  3.379E-30  6.493E-19
7.178E+03  3.504E-30  6.672E-19
7.112E+03  3.634E-30  6.855E-19
7.047E+03  3.768E-30  7.044E-19
6.982E+03  3.908E-30  7.238E-19
6.918E+03  4.053E-30  7.438E-19
6.855E+03  4.203E-30  7.643E-19
6.792E+03  4.359E-30  7.853E-19
6.730E+03  4.521E-30  8.070E-19
6.668E+03  4.689E-30  8.293E-19
6.607E+03  4.863E-30  8.523E-19
6.546E+03  5.044E-30  8.759E-19
6.486E+03  5.232E-30  9.001E-19
6.427E+03  5.427E-30  9.251E-19
6.368E+03  5.629E-30  9.508E-19
6.310E+03  5.839E-30  9.772E-19
6.252E+03  6.057E-30  1.004E-18
6.194E+03  6.283E-30  1.032E-18
6.138E+03  6.518E-30  1.061E-18
6.081E+03  6.762E-30  1.091E-18
6.026E+03  7.015E-30  1.121E-18
5.970E+03  7.277E-30  1.153E-18
5.916E+03  7.550E-30  1.185E-18
5.861E+03  7.833E-30  1.218E-18
5.808E+03  8.127E-30  1.252E-18
5.754E+03  8.432E-30  1.287E-18
5.702E+03  8.749E-30  1.323E-18
5.649E+03  9.078E-30  1.360E-18
5.598E+03  9.420E-30  1.399E-18
5.546E+03  9.774E-30  1.438E-18
5.495E+03  1.014E-29  1.479E-18
5.445E+03  1.053E-29  1.520E-18
5.395E+03  1.092E-29  1.563E-18
5.346E+03  1.133E-29  1.607E-18
5.297E+03  1.176E-29  1.653E-18
5.248E+03  1.221E-29  1.699E-18
5.200E+03  1.267E-29  1.747E-18
5.152E+03  1.315E-29  1.797E-18
5.105E+03  1.365E-29  1.848E-18
5.058E+03  1.416E-29  1.900E-18
5.012E+03  1.470E-29  1.954E-18
4.966E+03  1.526E-29  2.010E-18
4.920E+03  1.584E-29  2.067E-18
4.875E+03  1.644E-29  2.126E-18
4.831E+03  1.706E-29  2.186E-18
4.786E+03  1.771E-29  2.248E-18
4.742E+03  1.838E-29  2.312E-18
4.699E+03  1.908E-29  2.378E-18
4.656E+03  1.981E-29  2.446E-18
4.613E+03  2.056E-29  2.516E-18
4.571E+03  2.135E-29  2.588E-18
4.529E+03  2.216E-29  2.663E-18
4.487E+03  2.301E-29  2.739E-18
4.446E+03  2.389E-29  2.818E-18
4.406E+03  2.480E-29  2.899E-18
4.365E+03  2.575E-29  2.982E-18
4.325E+03  2.674E-29  3.068E-18
4.285E+03  2.776E-29  3.156E-18
4.246E+03  2.883E-29  3.247E-18
4.207E+03  2.994E-29  3.341E-18
4.169E+03  3.109E-29  3.437E-18
4.130E+03  3.228E-29  3.537E-18
4.093E+03  3.352E-29  3.639E-18
4.055E+03  3.481E-29  3.745E-18
4.018E+03  3.615E-29  3.853E-18
3.981E+03  3.755E-29  3.965E-18
3.945E+03  3.899E-29  4.080E-18
3.908E+03  4.049E-29  4.198E-18
3.873E+03  4.206E-29  4.320E-18
3.837E+03  4.368E-29  4.446E-18
3.802E+03  4.537E-29  4.575E-18
3.767E+03  4.712E-29  4.708E-18
3.733E+03  4.894E-29  4.846E-18
3.698E+03  5.084E-29  4.987E-18
3.664E+03  5.281E-29  5.133E-18
3.631E+03  5.486E-29  5.283E-18
3.597E+03  5.699E-29  5.438E-18
3.565E+03  5.920E-29  5.597E-18
3.532E+03  6.150E-29  5.762E-18
3.499E+03  6.389E-29  5.931E-18
3.467E+03  6.638E-29  6.105E-18
3.436E+03  6.897E-29  6.285E-18
3.404E+03  7.166E-29  6.470E-18
3.373E+03  7.445E-29  6.661E-18
3.342E+03  7.736E-29  6.858E-18
3.311E+03  8.038E-29  7.061E-18
3.281E+03  8.353E-29  7.269E-18
3.251E+03  8.680E-29  7.485E-18
3.221E+03  9.020E-29  7.707E-18
3.192E+03  9.373E-29  7.935E-18
3.162E+03  9.741E-29  8.171E-18
3.133E+03  1.012E-28  8.414E-18
3.105E+03  1.052E-28  8.664E-18
3.076E+03  1.093E-28  8.922E-18
3.048E+03  1.136E-28  9.188E-18
3.020E+03  1.181E-28  9.463E-18
2.992E+03  1.228E-28  9.745E-18
2.965E+03  1.276E-28  1.003E-17
2.938E+03  1.326E-28  1.033E-17
2.911E+03  1.378E-28  1.064E-17
2.884E+03  1.433E-28  1.096E-17
2.858E+03  1.489E-28  1.129E-17
2.831E+03  1.548E-28  1.162E-17
2.805E+03  1.609E-28  1.197E-17
2.780E+03  1.673E-28  1.233E-17
2.754E+03  1.739E-28  1.270E-17
2.729E+03  1.807E-28  1.308E-17
2.704E+03  1.879E-28  1.348E-17
2.679E+03  1.953E-28  1.388E-17
2.655E+03  2.031E-28  1.430E-17
2.630E+03  2.112E-28  1.473E-17
2.606E+03  2.195E-28  1.518E-17
2.582E+03  2.283E-28  1.564E-17
2.559E+03  2.373E-28  1.611E-17
2.535E+03  2.468E-28  1.660E-17
2.512E+03  2.566E-28  1.710E-17
2.489E+03  2.668E-28  1.762E-17
2.466E+03  2.775E-28  1.815E-17
2.443E+03  2.886E-28  1.870E-17
2.421E+03  3.001E-28  1.927E-17
2.399E+03  3.121E-28  1.986E-17
2.377E+03  3.246E-28  2.046E-17
2.355E+03  3.375E-28  2.109E-17
2.333E+03  3.511E-28  2.173E-17
2.312E+03  3.651E-28  2.239E-17
2.291E+03  3.798E-28  2.308E-17
2.270E+03  3.950E-28  2.378E-17
2.249E+03  4.108E-28  2.451E-17
2.228E+03  4.273E-28  2.526E-17
2.208E+03  4.445E-28  2.603E-17
2.188E+03  4.624E-28  2.683E-17
2.168E+03  4.810E-28  2.766E-17
2.148E+03  5.003E-28  2.851E-17
2.128E+03  5.205E-28  2.938E-17
2.109E+03  5.415E-28  3.029E-17
2.089E+03  5.633E-28  3.122E-17
2.070E+03  5.860E-28  3.218E-17
2.051E+03  6.096E-28  3.317E-17
2.032E+03  6.342E-28  3.419E-17
2.014E+03  6.598E-28  3.525E-17
1.995E+03  6.865E-28  3.633E-17
1.977E+03  7.142E-28  3.745E-17
1.959E+03  7.431E-28  3.861E-17
1.941E+03  7.731E-28  3.980E-17
1.923E+03  8.044E-28  4.103E-17
1.905E+03  8.370E-28  4.230E-17
1.888E+03  8.709E-28  4.361E-17
1.871E+03  9.061E-28  4.496E-17
1.854E+03  9.429E-28  4.636E-17
1.837E+03  9.811E-28  4.780E-17
1.820E+03  1.021E-27  4.928E-17
1.803E+03  1.062E-27  5.081E-17
1.786E+03  1.105E-27  5.239E-17
1.770E+03  1.150E-27  5.401E-17
1.754E+03  1.197E-27  5.569E-17
1.738E+03  1.246E-27  5.743E-17
1.722E+03  1.296E-27  5.921E-17
1.706E+03  1.349E-27  6.106E-17
1.690E+03  1.404E-27  6.296E-17
1.675E+03  1.461E-27  6.492E-17
1.660E+03  1.521E-27  6.694E-17
1.644E+03  1.583E-27  6.903E-17
1.629E+03  1.647E-27  7.118E-17
1.614E+03  1.714E-27  7.340E-17
1.600E+03  1.784E-27  7.569E-17
1.585E+03  1.857E-27  7.806E-17
1.570E+03  1.932E-27  8.050E-17
1.556E+03  2.011E-27  8.301E-17
1.542E+03  2.093E-27  8.560E-17
1.528E+03  2.179E-27  8.828E-17
1.514E+03  2.268E-27  9.104E-17
1.500E+03  2.360E-27  9.388E-17
1.486E+03  2.456E-27  9.682E-17
1.472E+03  2.557E-27  9.986E-17
1.459E+03  2.661E-27  1.030E-16
1.445E+03  2.770E-27  1.062E-16
1.432E+03  2.883E-27  1.095E-16
1.419E+03  3.001E-27  1.130E-16
1.406E+03  3.124E-27  1.165E-16
1.393E+03  3.252E-27  1.202E-16
1.380E+03  3.385E-27  1.239E-16
1.368E+03  3.523E-27  1.278E-16
1.355E+03  3.668E-27  1.318E-16
1.343E+03  3.818E-27  1.360E-16
1.330E+03  3.974E-27  1.402E-16
1.318E+03  4.137E-27  1.447E-16
1.306E+03  4.306E-27  1.492E-16
1.294E+03  4.482E-27  1.539E-16
1.282E+03  4.666E-27  1.587E-16
1.271E+03  4.857E-27  1.637E-16
1.259E+03  5.056E-27  1.688E-16
1.247E+03  5.263E-27  1.741E-16
1.236E+03  5.478E-27  1.796E-16
1.225E+03  5.702E-27  1.852E-16
1.213E+03  5.936E-27  1.910E-16
1.202E+03  6.179E-27  1.970E-16
1.191E+03  6.431E-27  2.032E-16
1.180E+03  6.695E-27  2.096E-16
1.169E+03  6.969E-27  2.162E-16
1.159E+03  7.254E-27  2.230E-16
1.148E+03  7.550E-27  2.300E-16
1.138E+03  7.859E-27  2.372E-16
1.127E+03  8.181E-27  2.446E-16
1.117E+03  8.515E-27  2.523E-16
1.107E+03  8.863E-27  2.602E-16
1.096E+03  9.226E-27  2.683E-16
1.086E+03  9.603E-27  2.767E-16
1.076E+03  9.995E-27  2.854E-16
1.067E+03  1.040E-26  2.943E-16
1.057E+03  1.083E-26  3.036E-16
1.047E+03  1.127E-26  3.130E-16
1.038E+03  1.173E-26  3.228E-16
1.028E+03  1.221E-26  3.329E-16
1.019E+03  1.271E-26  3.433E-16
1.009E+03  1.323E-26  3.541E-16
1.000E+03  1.376E-26  3.651E-16
9.908E+02  1.433E-26  3.765E-16
9.817E+02  1.491E-26  3.883E-16
9.727E+02  1.552E-26  4.004E-16
9.638E+02  1.615E-26  4.130E-16
9.550E+02  1.681E-26  4.259E-16
9.462E+02  1.750E-26  4.391E-16
9.376E+02  1.821E-26  4.529E-16
9.290E+02  1.895E-26  4.670E-16
9.204E+02  1.972E-26  4.815E-16
9.120E+02  2.052E-26  4.965E-16
9.036E+02  2.136E-26  5.120E-16
8.954E+02  2.223E-26  5.279E-16
8.872E+02  2.313E-26  5.443E-16
8.790E+02  2.407E-26  5.612E-16
8.710E+02  2.505E-26  5.786E-16
8.630E+02  2.606E-26  5.966E-16
8.551E+02  2.712E-26  6.151E-16
8.472E+02  2.822E-26  6.341E-16
8.395E+02  2.936E-26  6.537E-16
8.318E+02  3.054E-26  6.739E-16
8.241E+02  3.178E-26  6.947E-16
8.166E+02  3.306E-26  7.161E-16
8.091E+02  3.440E-26  7.382E-16
8.017E+02  3.578E-26  7.609E-16
7.943E+02  3.723E-26  7.844E-16
7.870E+02  3.873E-26  8.085E-16
7.798E+02  4.028E-26  8.333E-16
7.727E+02  4.191E-26  8.589E-16
7.656E+02  4.359E-26  8.853E-16
7.586E+02  4.534E-26  9.124E-16
7.516E+02  4.717E-26  9.404E-16
7.447E+02  4.906E-26  9.692E-16
7.379E+02  5.104E-26  9.990E-16
7.311E+02  5.309E-26  1.030E-15
7.244E+02  5.523E-26  1.061E-15
7.178E+02  5.745E-26  1.094E-15
7.112E+02  5.976E-26  1.127E-15
7.047E+02  6.217E-26  1.162E-15
6.982E+02  6.467E-26  1.198E-15
6.918E+02  6.727E-26  1.234E-15
6.855E+02  6.997E-26  1.272E-15
6.792E+02  7.278E-26  1.311E-15
6.730E+02  7.570E-26  1.351E-15
6.668E+02  7.874E-26  1.393E-15
6.607E+02  8.189E-26  1.435E-15
6.546E+02  8.519E-26  1.479E-15
6.486E+02  8.862E-26  1.525E-15
6.427E+02  9.219E-26  1.572E-15
6.368E+02  9.590E-26  1.620E-15
6.310E+02  9.976E-26  1.670E-15
6.252E+02  1.038E-25  1.721E-15
6.194E+02  1.080E-25  1.774E-15
6.138E+02  1.123E-25  1.828E-15
6.081E+02  1.168E-25  1.885E-15
6.026E+02  1.215E-25  1.943E-15
5.970E+02  1.264E-25  2.002E-15
5.916E+02  1.315E-25  2.064E-15
5.861E+02  1.368E-25  2.128E-15
5.808E+02  1.424E-25  2.193E-15
5.754E+02  1.481E-25  2.260E-15
5.702E+02  1.541E-25  2.330E-15
5.649E+02  1.603E-25  2.402E-15
5.598E+02  1.667E-25  2.476E-15
5.546E+02  1.735E-25  2.552E-15
5.495E+02  1.804E-25  2.630E-15
5.445E+02  1.877E-25  2.711E-15
5.395E+02  1.953E-25  2.795E-15
5.346E+02  2.032E-25  2.881E-15
5.297E+02  2.114E-25  2.970E-15
5.248E+02  2.199E-25  3.061E-15
5.200E+02  2.288E-25  3.155E-15
5.152E+02  2.380E-25  3.253E-15
5.105E+02  2.476E-25  3.353E-15
5.058E+02  2.576E-25  3.456E-15
5.012E+02  2.679E-25  3.562E-15
4.966E+02  2.787E-25  3.672E-15
4.920E+02  2.900E-25  3.785E-15
4.875E+02  3.017E-25  3.901E-15
4.831E+02  3.138E-25  4.021E-15
4.786E+02  3.265E-25  4.145E-15
4.742E+02  3.396E-25  4.272E-15
4.699E+02  3.533E-25  4.404E-15
4.656E+02  3.675E-25  4.539E-15
4.613E+02  3.823E-25  4.678E-15
4.571E+02  3.977E-25  4.822E-15
4.529E+02  4.137E-25  4.970E-15
4.487E+02  4.303E-25  5.122E-15
4.446E+02  4.476E-25  5.279E-15
4.406E+02  4.656E-25  5.441E-15
4.365E+02  4.843E-25  5.608E-15
4.325E+02  5.038E-25  5.780E-15
4.285E+02  5.240E-25  5.957E-15
4.246E+02  5.450E-25  6.139E-15
4.207E+02  5.669E-25  6.327E-15
4.169E+02  5.896E-25  6.520E-15
4.130E+02  6.133E-25  6.719E-15
4.093E+02  6.379E-25  6.925E-15
4.055E+02  6.634E-25  7.136E-15
4.018E+02  6.900E-25  7.354E-15
3.981E+02  7.177E-25  7.579E-15
3.945E+02  7.464E-25  7.810E-15
3.908E+02  7.763E-25  8.048E-15
3.873E+02  8.074E-25  8.294E-15
3.837E+02  8.397E-25  8.546E-15
3.802E+02  8.733E-25  8.807E-15
3.767E+02  9.082E-25  9.075E-15
3.733E+02  9.444E-25  9.351E-15
3.698E+02  9.821E-25  9.635E-15
3.664E+02  1.021E-24  9.927E-15
3.631E+02  1.062E-24  1.023E-14
3.597E+02  1.104E-24  1.054E-14
3.565E+02  1.148E-24  1.086E-14
3.532E+02  1.194E-24  1.119E-14
3.499E+02  1.242E-24  1.152E-14
3.467E+02  1.291E-24  1.187E-14
3.436E+02  1.342E-24  1.223E-14
3.404E+02  1.395E-24  1.260E-14
3.373E+02  1.451E-24  1.298E-14
3.342E+02  1.508E-24  1.337E-14
3.311E+02  1.568E-24  1.377E-14
3.281E+02  1.630E-24  1.418E-14
3.251E+02  1.694E-24  1.461E-14
3.221E+02  1.761E-24  1.505E-14
3.192E+02  1.830E-24  1.550E-14
3.162E+02  1.903E-24  1.596E-14
3.133E+02  1.977E-24  1.643E-14
3.105E+02  2.055E-24  1.692E-14
3.076E+02  2.136E-24  1.743E-14
3.048E+02  2.220E-24  1.794E-14
3.020E+02  2.306E-24  1.848E-14
2.992E+02  2.397E-24  1.902E-14
2.965E+02  2.490E-24  1.958E-14
2.938E+02  2.587E-24  2.016E-14
2.911E+02  2.688E-24  2.076E-14
2.884E+02  2.793E-24  2.137E-14
2.858E+02  2.901E-24  2.199E-14
2.831E+02  3.014E-24  2.264E-14
2.805E+02  3.131E-24  2.330E-14
2.780E+02  3.252E-24  2.398E-14
2.754E+02  3.378E-24  2.468E-14
2.729E+02  3.508E-24  2.540E-14
2.704E+02  3.644E-24  2.614E-14
2.679E+02  3.785E-24  2.690E-14
2.655E+02  3.931E-24  2.768E-14
2.630E+02  4.082E-24  2.848E-14
2.606E+02  4.239E-24  2.931E-14
2.582E+02  4.402E-24  3.015E-14
2.559E+02  4.570E-24  3.102E-14
2.535E+02  4.743E-24  3.190E-14
2.512E+02  4.922E-24  3.280E-14
2.489E+02  5.105E-24  3.370E-14
2.466E+02  5.291E-24  3.461E-14
2.443E+02  5.482E-24  3.553E-14
2.421E+02  5.679E-24  3.647E-14
2.399E+02  5.881E-24  3.742E-14
2.377E+02  6.086E-24  3.837E-14
2.355E+02  6.298E-24  3.935E-14
2.333E+02  6.517E-24  4.034E-14
2.312E+02  6.743E-24  4.135E-14
2.291E+02  6.975E-24  4.239E-14
2.270E+02  7.215E-24  4.344E-14
2.249E+02  7.463E-24  4.452E-14
2.228E+02  7.718E-24  4.562E-14
2.208E+02  7.981E-24  4.674E-14
2.188E+02  8.252E-24  4.789E-14
2.168E+02  8.531E-24  4.906E-14
2.148E+02  8.819E-24  5.025E-14
2.128E+02  9.116E-24  5.146E-14
2.109E+02  9.421E-24  5.269E-14
2.089E+02  9.735E-24  5.395E-14
2.070E+02  1.006E-23  5.524E-14
2.051E+02  1.039E-23  5.654E-14
2.032E+02  1.073E-23  5.787E-14
2.014E+02  1.109E-23  5.922E-14
1.995E+02  1.145E-23  6.060E-14
1.977E+02  1.182E-23  6.201E-14
1.959E+02  1.221E-23  6.343E-14
1.941E+02  1.260E-23  6.489E-14
1.923E+02  1.301E-23  6.637E-14
1.905E+02  1.343E-23  6.787E-14
1.888E+02  1.386E-23  6.940E-14
1.871E+02  1.430E-23  7.096E-14
1.854E+02  1.476E-23  7.255E-14
1.837E+02  1.522E-23  7.416E-14
1.820E+02  1.570E-23  7.580E-14
1.803E+02  1.620E-23  7.747E-14
1.786E+02  1.671E-23  7.917E-14
1.770E+02  1.723E-23  8.089E-14
1.754E+02  1.777E-23  8.265E-14
1.738E+02  1.832E-23  8.444E-14
1.722E+02  1.889E-23  8.626E-14
1.706E+02  1.947E-23  8.812E-14
1.690E+02  2.007E-23  9.000E-14
1.675E+02  2.069E-23  9.193E-14
1.660E+02  2.133E-23  9.389E-14
1.644E+02  2.198E-23  9.589E-14
1.629E+02  2.266E-23  9.793E-14
1.614E+02  2.336E-23  1.000E-13
1.600E+02  2.407E-23  1.021E-13
1.585E+02  2.481E-23  1.043E-13
1.570E+02  2.557E-23  1.065E-13
1.556E+02  2.636E-23  1.088E-13
1.542E+02  2.718E-23  1.111E-13
1.528E+02  2.802E-23  1.135E-13
1.514E+02  2.888E-23  1.160E-13
1.500E+02  2.978E-23  1.185E-13
1.486E+02  3.070E-23  1.210E-13
1.472E+02  3.165E-23  1.236E-13
1.459E+02  3.262E-23  1.262E-13
1.445E+02  3.361E-23  1.289E-13
1.432E+02  3.460E-23  1.315E-13
1.419E+02  3.559E-23  1.340E-13
1.406E+02  3.657E-23  1.364E-13
1.393E+02  3.752E-23  1.386E-13
1.380E+02  3.843E-23  1.407E-13
1.368E+02  3.931E-23  1.426E-13
1.355E+02  4.017E-23  1.444E-13
1.343E+02  4.100E-23  1.460E-13
1.330E+02  4.184E-23  1.476E-13
1.318E+02  4.267E-23  1.492E-13
1.306E+02  4.352E-23  1.508E-13
1.294E+02  4.439E-23  1.524E-13
1.282E+02  4.529E-23  1.540E-13
1.271E+02  4.620E-23  1.557E-13
1.259E+02  4.714E-23  1.574E-13
1.247E+02  4.811E-23  1.592E-13
1.236E+02  4.910E-23  1.610E-13
1.225E+02  5.012E-23  1.628E-13
1.213E+02  5.117E-23  1.647E-13
1.202E+02  5.224E-23  1.666E-13
1.191E+02  5.333E-23  1.685E-13
1.180E+02  5.445E-23  1.705E-13
1.169E+02  5.559E-23  1.725E-13
1.159E+02  5.675E-23  1.744E-13
1.148E+02  5.793E-23  1.764E-13
1.138E+02  5.914E-23  1.784E-13
1.127E+02  6.036E-23  1.805E-13
1.117E+02  6.161E-23  1.825E-13
1.107E+02  6.289E-23  1.846E-13
1.096E+02  6.418E-23  1.867E-13
1.086E+02  6.550E-23  1.888E-13
1.076E+02  6.684E-23  1.909E-13
1.067E+02  6.820E-23  1.929E-13
1.057E+02  6.958E-23  1.950E-13
1.047E+02  7.097E-23  1.971E-13
1.038E+02  7.239E-23  1.992E-13
1.028E+02  7.382E-23  2.013E-13
1.019E+02  7.526E-23  2.033E-13
1.009E+02  7.672E-23  2.054E-13
1.000E+02  7.820E-23  2.074E-13
9.908E+01  7.969E-23  2.094E-13
9.817E+01  8.120E-23  2.115E-13
9.727E+01  8.272E-23  2.134E-13
9.638E+01  8.426E-23  2.154E-13
9.550E+01  8.581E-23  2.174E-13
9.462E+01  8.737E-23  2.193E-13
9.376E+01  8.895E-23  2.212E-13
9.290E+01  9.053E-23  2.231E-13
9.204E+01  9.213E-23  2.250E-13
9.120E+01  9.374E-23  2.268E-13
9.036E+01  9.537E-23  2.286E-13
8.954E+01  9.700E-23  2.304E-13
8.872E+01  9.864E-23  2.321E-13
8.790E+01  1.003E-22  2.339E-13
8.710E+01  1.020E-22  2.356E-13
8.630E+01  1.037E-22  2.373E-13
8.551E+01  1.054E-22  2.389E-13
8.472E+01  1.070E-22  2.405E-13
8.395E+01  1.087E-22  2.421E-13
8.318E+01  1.105E-22  2.437E-13
8.241E+01  1.122E-22  2.452E-13
8.166E+01  1.139E-22  2.468E-13
8.091E+01  1.157E-22  2.482E-13
8.017E+01  1.174E-22  2.497E-13
7.943E+01  1.192E-22  2.511E-13
7.870E+01  1.209E-22  2.525E-13
7.798E+01  1.227E-22  2.538E-13
7.727E+01  1.245E-22  2.551E-13
7.656E+01  1.262E-22  2.564E-13
7.586E+01  1.280E-22  2.576E-13
7.516E+01  1.298E-22  2.588E-13
7.447E+01  1.316E-22  2.600E-13
7.379E+01  1.334E-22  2.610E-13
7.311E+01  1.351E-22  2.621E-13
7.244E+01  1.369E-22  2.631E-13
7.178E+01  1.387E-22  2.641E-13
7.112E+01  1.405E-22  2.650E-13
7.047E+01  1.423E-22  2.659E-13
6.982E+01  1.441E-22  2.668E-13
6.918E+01  1.459E-22  2.677E-13
6.855E+01  1.477E-22  2.685E-13
6.792E+01  1.495E-22  2.693E-13
6.730E+01  1.512E-22  2.700E-13
6.668E+01  1.530E-22  2.707E-13
6.607E+01  1.548E-22  2.714E-13
6.546E+01  1.566E-22  2.720E-13
6.486E+01  1.584E-22  2.726E-13
6.427E+01  1.602E-22  2.732E-13
6.368E+01  1.620E-22  2.737E-13
6.310E+01  1.638E-22  2.742E-13
6.252E+01  1.656E-22  2.747E-13
6.194E+01  1.675E-22  2.751E-13
6.138E+01  1.693E-22  2.756E-13
6.081E+01  1.711E-22  2.760E-13
6.026E+01  1.729E-22  2.764E-13
5.970E+01  1.747E-22  2.767E-13
5.916E+01  1.765E-22  2.770E-13
5.861E+01  1.783E-22  2.773E-13
5.808E+01  1.802E-22  2.775E-13
5.754E+01  1.820E-22  2.778E-13
5.702E+01  1.838E-22  2.780E-13
5.649E+01  1.856E-22  2.782E-13
5.598E+01  1.875E-22  2.784E-13
5.546E+01  1.893E-22  2.786E-13
5.495E+01  1.912E-22  2.787E-13
5.445E+01  1.931E-22  2.789E-13
5.395E+01  1.950E-22  2.791E-13
5.346E+01  1.969E-22  2.792E-13
5.297E+01  1.988E-22  2.793E-13
5.248E+01  2.007E-22  2.794E-13
5.200E+01  2.027E-22  2.796E-13
5.152E+01  2.046E-22  2.797E-13
5.105E+01  2.066E-22  2.798E-13
5.058E+01  2.086E-22  2.798E-13
5.012E+01  2.106E-22  2.799E-13
4.966E+01  2.126E-22  2.800E-13
4.920E+01  2.146E-22  2.801E-13
4.875E+01  2.166E-22  2.802E-13
4.831E+01  2.187E-22  2.803E-13
4.786E+01  2.208E-22  2.804E-13
4.742E+01  2.229E-22  2.805E-13
4.699E+01  2.251E-22  2.806E-13
4.656E+01  2.273E-22  2.807E-13
4.613E+01  2.295E-22  2.808E-13
4.571E+01  2.317E-22  2.809E-13
4.529E+01  2.339E-22  2.810E-13
4.487E+01  2.362E-22  2.812E-13
4.446E+01  2.385E-22  2.813E-13
4.406E+01  2.408E-22  2.814E-13
4.365E+01  2.432E-22  2.816E-13
4.325E+01  2.455E-22  2.817E-13
4.285E+01  2.479E-22  2.818E-13
4.246E+01  2.502E-22  2.818E-13
4.207E+01  2.526E-22  2.819E-13
4.169E+01  2.549E-22  2.819E-13
4.130E+01  2.573E-22  2.819E-13
4.093E+01  2.596E-22  2.818E-13
4.055E+01  2.619E-22  2.817E-13
4.018E+01  2.641E-22  2.815E-13
3.981E+01  2.663E-22  2.812E-13
3.945E+01  2.684E-22  2.808E-13
3.908E+01  2.704E-22  2.804E-13
3.873E+01  2.724E-22  2.798E-13
3.837E+01  2.742E-22  2.791E-13
3.802E+01  2.759E-22  2.783E-13
3.767E+01  2.775E-22  2.773E-13
3.733E+01  2.789E-22  2.761E-13
3.698E+01  2.801E-22  2.747E-13
3.664E+01  2.811E-22  2.732E-13
3.631E+01  2.818E-22  2.714E-13
3.597E+01  2.824E-22  2.695E-13
3.565E+01  2.827E-22  2.673E-13
3.532E+01  2.827E-22  2.648E-13
3.499E+01  2.824E-22  2.622E-13
3.467E+01  2.819E-22  2.592E-13
3.436E+01  2.810E-22  2.561E-13
3.404E+01  2.798E-22  2.526E-13
3.373E+01  2.782E-22  2.489E-13
3.342E+01  2.763E-22  2.450E-13
3.311E+01  2.741E-22  2.408E-13
3.281E+01  2.716E-22  2.364E-13
3.251E+01  2.687E-22  2.317E-13
3.221E+01  2.655E-22  2.269E-13
3.192E+01  2.620E-22  2.218E-13
3.162E+01  2.582E-22  2.166E-13
3.133E+01  2.542E-22  2.112E-13
3.105E+01  2.498E-22  2.057E-13
3.076E+01  2.453E-22  2.002E-13
3.048E+01  2.406E-22  1.945E-13
3.020E+01  2.357E-22  1.888E-13
2.992E+01  2.307E-22  1.831E-13
2.965E+01  2.256E-22  1.774E-13
2.938E+01  2.204E-22  1.717E-13
2.911E+01  2.151E-22  1.661E-13
2.884E+01  2.098E-22  1.605E-13
2.858E+01  2.045E-22  1.550E-13
2.831E+01  1.993E-22  1.497E-13
2.805E+01  1.941E-22  1.445E-13
2.780E+01  1.890E-22  1.394E-13
2.754E+01  1.840E-22  1.344E-13
2.729E+01  1.791E-22  1.296E-13
2.704E+01  1.743E-22  1.250E-13
2.679E+01  1.696E-22  1.205E-13
2.655E+01  1.650E-22  1.162E-13
2.630E+01  1.606E-22  1.121E-13
2.606E+01  1.564E-22  1.081E-13
2.582E+01  1.523E-22  1.043E-13
2.559E+01  1.483E-22  1.006E-13
2.535E+01  1.445E-22  9.716E-14
2.512E+01  1.408E-22  9.382E-14
2.489E+01  1.373E-22  9.063E-14
2.466E+01  1.339E-22  8.757E-14
2.443E+01  1.306E-22  8.466E-14
2.421E+01  1.275E-22  8.186E-14
2.399E+01  1.244E-22  7.918E-14
2.377E+01  1.215E-22  7.662E-14
2.355E+01  1.188E-22  7.422E-14
2.333E+01  1.162E-22  7.191E-14
2.312E+01  1.136E-22  6.968E-14
2.291E+01  1.112E-22  6.755E-14
2.270E+01  1.089E-22  6.557E-14
2.249E+01  1.068E-22  6.371E-14
2.228E+01  1.048E-22  6.195E-14
2.208E+01  1.029E-22  6.026E-14
2.188E+01  1.010E-22  5.860E-14
2.168E+01  9.912E-23  5.699E-14
2.148E+01  9.735E-23  5.547E-14
2.128E+01  9.571E-23  5.403E-14
2.109E+01  9.419E-23  5.268E-14
2.089E+01  9.272E-23  5.138E-14
2.070E+01  9.128E-23  5.013E-14
2.051E+01  8.991E-23  4.892E-14
2.032E+01  8.863E-23  4.778E-14
2.014E+01  8.755E-23  4.677E-14
1.995E+01  8.651E-23  4.579E-14
1.977E+01  8.551E-23  4.484E-14
1.959E+01  8.451E-23  4.391E-14
1.941E+01  8.353E-23  4.300E-14
1.923E+01  8.255E-23  4.211E-14
1.905E+01  8.161E-23  4.125E-14
1.888E+01  8.072E-23  4.042E-14
1.871E+01  7.991E-23  3.965E-14
1.854E+01  7.926E-23  3.897E-14
1.837E+01  7.886E-23  3.842E-14
1.820E+01  7.901E-23  3.814E-14
1.803E+01  8.063E-23  3.856E-14
1.786E+01  8.420E-23  3.990E-14
1.770E+01  8.304E-23  3.899E-14
1.754E+01  8.658E-23  4.028E-14
1.738E+01  9.859E-23  4.545E-14
1.722E+01  9.242E-23  4.221E-14
1.706E+01  9.096E-23  4.116E-14
1.690E+01  8.816E-23  3.953E-14
1.675E+01  8.431E-23  3.746E-14
1.660E+01  8.524E-23  3.752E-14
1.644E+01  9.737E-23  4.247E-14
1.629E+01  7.650E-23  3.306E-14
1.614E+01  6.895E-23  2.952E-14
1.600E+01  6.987E-23  2.964E-14
1.585E+01  6.907E-23  2.904E-14
1.570E+01  6.088E-23  2.536E-14
1.556E+01  5.663E-23  2.337E-14
1.542E+01  5.425E-23  2.219E-14
1.528E+01  5.260E-23  2.131E-14
1.514E+01  5.131E-23  2.060E-14
1.500E+01  5.027E-23  2.000E-14
1.486E+01  4.943E-23  1.948E-14
1.472E+01  4.882E-23  1.907E-14
1.459E+01  4.857E-23  1.879E-14
1.445E+01  4.904E-23  1.880E-14
1.432E+01  5.108E-23  1.940E-14
1.419E+01  5.342E-23  2.011E-14
1.406E+01  5.064E-23  1.889E-14
1.393E+01  4.849E-23  1.792E-14
1.380E+01  4.888E-23  1.790E-14
1.368E+01  5.259E-23  1.908E-14
1.355E+01  5.407E-23  1.944E-14
1.343E+01  5.058E-23  1.802E-14
1.330E+01  5.057E-23  1.785E-14
1.318E+01  5.296E-23  1.852E-14
1.306E+01  5.781E-23  2.003E-14
1.294E+01  6.630E-23  2.276E-14
1.282E+01  8.004E-23  2.723E-14
1.271E+01  9.718E-23  3.275E-14
1.259E+01  1.046E-22  3.493E-14
1.247E+01  9.466E-23  3.132E-14
1.236E+01  8.238E-23  2.701E-14
1.225E+01  7.721E-23  2.508E-14
1.213E+01  7.855E-23  2.528E-14
1.202E+01  8.109E-23  2.586E-14
1.191E+01  7.840E-23  2.477E-14
1.180E+01  7.260E-23  2.273E-14
1.169E+01  7.069E-23  2.193E-14
1.159E+01  7.789E-23  2.394E-14
1.148E+01  1.026E-22  3.124E-14
1.138E+01  1.536E-22  4.636E-14
1.127E+01  2.119E-22  6.336E-14
1.117E+01  1.463E-22  4.334E-14
1.107E+01  7.965E-23  2.338E-14
1.096E+01  5.584E-23  1.624E-14
1.086E+01  4.453E-23  1.283E-14
1.076E+01  3.828E-23  1.093E-14
1.067E+01  3.443E-23  9.741E-15
1.057E+01  3.188E-23  8.938E-15
1.047E+01  3.010E-23  8.360E-15
1.038E+01  2.879E-23  7.924E-15
1.028E+01  2.780E-23  7.582E-15
1.019E+01  2.705E-23  7.309E-15
1.009E+01  2.649E-23  7.091E-15
1.000E+01  2.609E-23  6.922E-15
9.908E+00  2.586E-23  6.795E-15
9.817E+00  2.576E-23  6.709E-15
9.727E+00  2.582E-23  6.661E-15
9.638E+00  2.602E-23  6.653E-15
9.550E+00  2.639E-23  6.685E-15
9.462E+00  2.694E-23  6.762E-15
9.376E+00  2.773E-23  6.895E-15
9.290E+00  2.882E-23  7.101E-15
9.204E+00  3.034E-23  7.408E-15
9.120E+00  3.251E-23  7.865E-15
9.036E+00  3.569E-23  8.554E-15
8.954E+00  4.052E-23  9.625E-15
8.872E+00  4.823E-23  1.135E-14
8.790E+00  6.091E-23  1.420E-14
8.710E+00  8.027E-23  1.855E-14
8.630E+00  9.829E-23  2.250E-14
8.551E+00  9.584E-23  2.174E-14
8.472E+00  8.310E-23  1.868E-14
8.395E+00  7.656E-23  1.705E-14
8.318E+00  7.608E-23  1.679E-14
8.241E+00  7.934E-23  1.734E-14
8.166E+00  8.766E-23  1.899E-14
8.091E+00  1.036E-22  2.223E-14
8.017E+00  1.290E-22  2.742E-14
7.943E+00  1.625E-22  3.423E-14
7.870E+00  1.928E-22  4.025E-14
7.798E+00  2.068E-22  4.277E-14
7.727E+00  2.146E-22  4.399E-14
7.656E+00  2.289E-22  4.649E-14
7.586E+00  2.255E-22  4.537E-14
7.516E+00  1.858E-22  3.704E-14
7.447E+00  1.404E-22  2.774E-14
7.379E+00  1.078E-22  2.110E-14
7.311E+00  8.609E-23  1.670E-14
7.244E+00  7.109E-23  1.366E-14
7.178E+00  6.022E-23  1.147E-14
7.112E+00  5.220E-23  9.848E-15
7.047E+00  4.637E-23  8.668E-15
6.982E+00  4.239E-23  7.851E-15
6.918E+00  4.005E-23  7.350E-15
6.855E+00  3.916E-23  7.121E-15
6.792E+00  3.930E-23  7.081E-15
6.730E+00  3.958E-23  7.066E-15
6.668E+00  3.899E-23  6.897E-15
6.607E+00  3.757E-23  6.584E-15
6.546E+00  3.664E-23  6.362E-15
6.486E+00  3.795E-23  6.529E-15
6.427E+00  4.366E-23  7.443E-15
6.368E+00  5.810E-23  9.814E-15
6.310E+00  9.109E-23  1.525E-14
6.252E+00  1.479E-22  2.452E-14
6.194E+00  1.503E-22  2.470E-14
6.138E+00  9.008E-23  1.467E-14
6.081E+00  5.270E-23  8.502E-15
6.026E+00  3.530E-23  5.642E-15
5.970E+00  2.699E-23  4.274E-15
5.916E+00  2.322E-23  3.643E-15
5.861E+00  2.244E-23  3.489E-15
5.808E+00  2.446E-23  3.768E-15
5.754E+00  2.894E-23  4.418E-15
5.702E+00  3.153E-23  4.769E-15
5.649E+00  2.684E-23  4.022E-15
5.598E+00  1.996E-23  2.964E-15
5.546E+00  1.521E-23  2.238E-15
5.495E+00  1.244E-23  1.813E-15
5.445E+00  1.094E-23  1.579E-15
5.395E+00  1.038E-23  1.485E-15
5.346E+00  1.087E-23  1.541E-15
5.297E+00  1.278E-23  1.796E-15
5.248E+00  1.418E-23  1.974E-15
5.200E+00  1.145E-23  1.580E-15
5.152E+00  8.631E-24  1.180E-15
5.105E+00  7.081E-24  9.588E-16
5.058E+00  6.213E-24  8.337E-16
5.012E+00  5.669E-24  7.537E-16
4.966E+00  5.291E-24  6.970E-16
4.920E+00  5.008E-24  6.536E-16
4.875E+00  4.784E-24  6.187E-16
4.831E+00  4.600E-24  5.895E-16
4.786E+00  4.445E-24  5.644E-16
4.742E+00  4.312E-24  5.425E-16
4.699E+00  4.196E-24  5.230E-16
4.656E+00  4.093E-24  5.055E-16
4.613E+00  4.001E-24  4.897E-16
4.571E+00  3.919E-24  4.752E-16
4.529E+00  3.844E-24  4.618E-16
4.487E+00  3.776E-24  4.495E-16
4.446E+00  3.715E-24  4.381E-16
4.406E+00  3.658E-24  4.275E-16
4.365E+00  3.606E-24  4.176E-16
4.325E+00  3.559E-24  4.083E-16
4.285E+00  3.516E-24  3.996E-16
4.246E+00  3.476E-24  3.915E-16
4.207E+00  3.440E-24  3.839E-16
4.169E+00  3.407E-24  3.767E-16
4.130E+00  3.377E-24  3.700E-16
4.093E+00  3.351E-24  3.638E-16
4.055E+00  3.327E-24  3.579E-16
4.018E+00  3.307E-24  3.525E-16
3.981E+00  3.291E-24  3.475E-16
3.945E+00  3.278E-24  3.430E-16
3.908E+00  3.270E-24  3.390E-16
3.873E+00  3.267E-24  3.356E-16
3.837E+00  3.269E-24  3.328E-16
3.802E+00  3.279E-24  3.307E-16
3.767E+00  3.297E-24  3.294E-16
3.733E+00  3.325E-24  3.292E-16
3.698E+00  3.368E-24  3.304E-16
3.664E+00  3.429E-24  3.333E-16
3.631E+00  3.516E-24  3.386E-16
3.597E+00  3.639E-24  3.472E-16
3.565E+00  3.815E-24  3.607E-16
3.532E+00  4.076E-24  3.818E-16
3.499E+00  4.475E-24  4.154E-16
3.467E+00  5.120E-24  4.709E-16
3.436E+00  6.251E-24  5.696E-16
3.404E+00  8.484E-24  7.661E-16
3.373E+00  1.382E-23  1.236E-15
3.342E+00  3.149E-23  2.792E-15
3.311E+00  1.191E-22  1.046E-14
3.281E+00  8.133E-23  7.078E-15
3.251E+00  2.321E-23  2.002E-15
3.221E+00  1.108E-23  9.463E-16
3.192E+00  7.059E-24  5.976E-16
3.162E+00  5.285E-24  4.433E-16
3.133E+00  4.351E-24  3.616E-16
3.105E+00  3.799E-24  3.128E-16
3.076E+00  3.443E-24  2.810E-16
3.048E+00  3.200E-24  2.587E-16
3.020E+00  3.023E-24  2.422E-16
2.992E+00  2.891E-24  2.295E-16
2.965E+00  2.787E-24  2.192E-16
2.938E+00  2.704E-24  2.107E-16
2.911E+00  2.635E-24  2.034E-16
2.884E+00  2.577E-24  1.971E-16
2.858E+00  2.526E-24  1.915E-16
2.831E+00  2.482E-24  1.864E-16
2.805E+00  2.442E-24  1.817E-16
2.780E+00  2.406E-24  1.774E-16
2.754E+00  2.372E-24  1.733E-16
2.729E+00  2.341E-24  1.695E-16
2.704E+00  2.312E-24  1.659E-16
2.679E+00  2.285E-24  1.624E-16
2.655E+00  2.259E-24  1.590E-16
2.630E+00  2.233E-24  1.558E-16
2.606E+00  2.209E-24  1.527E-16
2.582E+00  2.185E-24  1.497E-16
2.559E+00  2.162E-24  1.467E-16
2.535E+00  2.139E-24  1.439E-16
2.512E+00  2.117E-24  1.410E-16
2.489E+00  2.095E-24  1.383E-16
2.466E+00  2.073E-24  1.356E-16
2.443E+00  2.051E-24  1.329E-16
2.421E+00  2.029E-24  1.303E-16
2.399E+00  2.008E-24  1.278E-16
2.377E+00  1.987E-24  1.253E-16
2.355E+00  1.966E-24  1.228E-16
2.333E+00  1.945E-24  1.204E-16
2.312E+00  1.924E-24  1.180E-16
2.291E+00  1.903E-24  1.156E-16
2.270E+00  1.882E-24  1.133E-16
2.249E+00  1.861E-24  1.110E-16
2.228E+00  1.840E-24  1.088E-16
2.208E+00  1.818E-24  1.065E-16
2.188E+00  1.796E-24  1.042E-16
2.168E+00  1.774E-24  1.020E-16
2.148E+00  1.751E-24  9.974E-17
2.128E+00  1.726E-24  9.746E-17
2.109E+00  1.701E-24  9.514E-17
2.089E+00  1.674E-24  9.277E-17
2.070E+00  1.645E-24  9.033E-17
2.051E+00  1.613E-24  8.778E-17
2.032E+00  1.578E-24  8.509E-17
2.014E+00  1.540E-24  8.224E-17
1.995E+00  1.496E-24  7.918E-17
1.977E+00  1.448E-24  7.593E-17
1.959E+00  1.396E-24  7.256E-17
1.941E+00  1.347E-24  6.933E-17
1.923E+00  1.307E-24  6.670E-17
1.905E+00  1.288E-24  6.511E-17
1.888E+00  1.292E-24  6.472E-17
1.871E+00  1.313E-24  6.514E-17
1.854E+00  1.338E-24  6.580E-17
1.837E+00  1.361E-24  6.631E-17
1.820E+00  1.378E-24  6.649E-17
1.803E+00  1.387E-24  6.635E-17
1.786E+00  1.391E-24  6.594E-17
1.770E+00  1.391E-24  6.532E-17
1.754E+00  1.388E-24  6.456E-17
1.738E+00  1.382E-24  6.371E-17
1.722E+00  1.375E-24  6.278E-17
1.706E+00  1.366E-24  6.182E-17
1.690E+00  1.357E-24  6.084E-17
1.675E+00  1.347E-24  5.984E-17
1.660E+00  1.337E-24  5.885E-17
1.644E+00  1.327E-24  5.787E-17
1.629E+00  1.317E-24  5.690E-17
1.614E+00  1.307E-24  5.596E-17
1.600E+00  1.297E-24  5.505E-17
1.585E+00  1.288E-24  5.417E-17
1.570E+00  1.280E-24  5.333E-17
1.556E+00  1.273E-24  5.253E-17
1.542E+00  1.266E-24  5.179E-17
1.528E+00  1.261E-24  5.110E-17
1.514E+00  1.257E-24  5.048E-17
1.500E+00  1.255E-24  4.994E-17
1.486E+00  1.255E-24  4.947E-17
1.472E+00  1.257E-24  4.910E-17
1.459E+00  1.262E-24  4.883E-17
1.445E+00  1.270E-24  4.869E-17
1.432E+00  1.282E-24  4.869E-17
1.419E+00  1.298E-24  4.885E-17
1.406E+00  1.320E-24  4.922E-17
1.393E+00  1.348E-24  4.981E-17
1.380E+00  1.384E-24  5.067E-17
1.368E+00  1.429E-24  5.185E-17
1.355E+00  1.485E-24  5.340E-17
1.343E+00  1.554E-24  5.535E-17
1.330E+00  1.635E-24  5.771E-17
1.318E+00  1.728E-24  6.042E-17
1.306E+00  1.827E-24  6.328E-17
1.294E+00  1.919E-24  6.589E-17
1.282E+00  1.987E-24  6.760E-17
1.271E+00  2.007E-24  6.765E-17
1.259E+00  1.963E-24  6.554E-17
1.247E+00  1.855E-24  6.137E-17
1.236E+00  1.705E-24  5.588E-17
1.225E+00  1.540E-24  5.003E-17
1.213E+00  1.384E-24  4.456E-17
1.202E+00  1.250E-24  3.986E-17
1.191E+00  1.141E-24  3.605E-17
1.180E+00  1.056E-24  3.307E-17
1.169E+00  9.938E-25  3.083E-17
1.159E+00  9.511E-25  2.923E-17
1.148E+00  9.267E-25  2.822E-17
1.138E+00  9.206E-25  2.778E-17
1.127E+00  9.345E-25  2.794E-17
1.117E+00  9.723E-25  2.881E-17
1.107E+00  1.042E-24  3.058E-17
1.096E+00  1.155E-24  3.360E-17
1.086E+00  1.330E-24  3.834E-17
1.076E+00  1.585E-24  4.527E-17
1.067E+00  1.905E-24  5.389E-17
1.057E+00  2.160E-24  6.056E-17
1.047E+00  2.117E-24  5.881E-17
1.038E+00  1.755E-24  4.830E-17
1.028E+00  1.328E-24  3.622E-17
1.019E+00  9.974E-25  2.695E-17
1.009E+00  7.733E-25  2.070E-17
1.000E+00  6.247E-25  1.657E-17
