Dust emission from Draine & Li (2007): ApJ 657, 810-837
==========================================================
         7 = grain model
 4.000E-08 4.000E-01 4.500E-05 = a_01 (cm) , sigma_1 , b_C1/0.92
 2.000E-07 5.500E-01 1.500E-05 = a_02 (cm) , sigma_2 , b_C2/0.92
 1.000E+01 1.000E+01 1.000E+00 = Umin , Umax, beta (dN/dU propto U^{-beta})
 1.000E+01 = <U> 
     mmp83 = radfield
 4.556E-23 = power/H (erg s-1)
 band   nu*P_nu(band) j_nu(band)
 (um)   (erg s-1 H-1)(Jy cm2 sr-1 H-1)
1.270E+00  1.840E-25  6.198E-18 COBE-DIRBE
2.220E+00  2.349E-25  1.383E-17 COBE-DIRBE
3.530E+00  1.527E-24  1.429E-16 COBE-DIRBE
4.880E+00  6.843E-25  8.857E-17 COBE-DIRBE
1.229E+01  5.929E-24  1.933E-15 COBE-DIRBE
2.079E+01  3.729E-24  2.056E-15 COBE-DIRBE
5.599E+01  1.952E-23  2.900E-14 COBE-DIRBE
9.770E+01  2.545E-23  6.597E-14 COBE-DIRBE
1.479E+02  1.534E-23  6.019E-14 COBE-DIRBE
2.479E+02  3.822E-24  2.513E-14 COBE-DIRBE
1.200E+01  6.524E-24  2.077E-15 IRAS
2.500E+01  3.420E-24  2.268E-15 IRAS
6.000E+01  2.089E-23  3.324E-14 IRAS
1.000E+02  2.513E-23  6.666E-14 IRAS
3.550E+00  1.775E-24  1.671E-16 SST-IRAC
4.493E+00  4.979E-25  5.934E-17 SST-IRAC
5.731E+00  3.961E-24  6.022E-16 SST-IRAC
7.872E+00  9.588E-24  2.002E-15 SST-IRAC
2.368E+01  3.008E-24  1.890E-15 SST-MIPS
7.142E+01  2.359E-23  4.468E-14 SST-MIPS
1.559E+02  1.287E-23  5.323E-14 SST-MIPS
1.600E+01  4.507E-24  1.913E-15 SST-IRSPU
2.200E+01  3.259E-24  1.902E-15 SST-IRSPU
7.500E+01  2.032E-23  4.043E-14 Herschel-PACS
1.100E+02  1.827E-23  5.331E-14 Herschel-PACS
1.700E+02  9.759E-24  4.401E-14 Herschel-PACS
2.500E+02  3.189E-24  2.115E-14 Herschel-SPIRE
3.600E+02  7.997E-25  7.637E-15 Herschel-SPIRE
5.200E+02  1.821E-25  2.512E-15 Herschel-SPIRE
2.400E+00  2.632E-25  1.676E-17 Akari IRC NIR N2
3.200E+00  1.174E-24  9.966E-17 Akari IRC NIR N3
4.100E+00  5.402E-25  5.875E-17 Akari IRC NIR N4
7.000E+00  1.089E-23  2.022E-15 Akari IRC MIR-S S7
9.000E+00  7.679E-24  1.833E-15 Akari IRC MIR-S S9W
1.100E+01  5.961E-24  1.739E-15 Akari IRC MIR-S S11
1.500E+01  4.680E-24  1.862E-15 Akari IRC MIR-L L15
1.800E+01  3.837E-24  1.832E-15 Akari IRC MIR-L L18W
2.400E+01  3.139E-24  1.998E-15 Akari IRC MIR-L L24
6.500E+01  2.429E-23  4.189E-14 Akari FIS N60
8.000E+01  2.585E-23  5.486E-14 Akari FIS WIDE-S
1.400E+02  1.533E-23  5.694E-14 Akari FIS WIDE-L
1.600E+02  1.213E-23  5.147E-14 Akari FIS N160
 
 
 
 


lambda    nu*dP/dnu     j_nu
 (um)   (erg s-1 H-1)(Jy cm2 sr-1 H-1)
1.000E+04  7.897E-31  2.095E-19
9.908E+03  8.186E-31  2.152E-19
9.817E+03  8.486E-31  2.210E-19
9.727E+03  8.797E-31  2.270E-19
9.638E+03  9.118E-31  2.331E-19
9.550E+03  9.452E-31  2.394E-19
9.462E+03  9.798E-31  2.459E-19
9.376E+03  1.016E-30  2.526E-19
9.290E+03  1.053E-30  2.594E-19
9.204E+03  1.091E-30  2.665E-19
9.120E+03  1.131E-30  2.737E-19
9.036E+03  1.173E-30  2.811E-19
8.954E+03  1.216E-30  2.887E-19
8.872E+03  1.260E-30  2.965E-19
8.790E+03  1.306E-30  3.045E-19
8.710E+03  1.353E-30  3.127E-19
8.630E+03  1.403E-30  3.211E-19
8.551E+03  1.454E-30  3.298E-19
8.472E+03  1.507E-30  3.387E-19
8.395E+03  1.562E-30  3.478E-19
8.318E+03  1.619E-30  3.572E-19
8.241E+03  1.678E-30  3.669E-19
8.166E+03  1.740E-30  3.769E-19
8.091E+03  1.804E-30  3.871E-19
8.017E+03  1.870E-30  3.976E-19
7.943E+03  1.938E-30  4.084E-19
7.870E+03  2.010E-30  4.195E-19
7.798E+03  2.083E-30  4.310E-19
7.727E+03  2.160E-30  4.427E-19
7.656E+03  2.239E-30  4.548E-19
7.586E+03  2.322E-30  4.672E-19
7.516E+03  2.407E-30  4.800E-19
7.447E+03  2.496E-30  4.931E-19
7.379E+03  2.588E-30  5.066E-19
7.311E+03  2.684E-30  5.204E-19
7.244E+03  2.783E-30  5.347E-19
7.178E+03  2.885E-30  5.494E-19
7.112E+03  2.992E-30  5.645E-19
7.047E+03  3.103E-30  5.800E-19
6.982E+03  3.217E-30  5.959E-19
6.918E+03  3.336E-30  6.123E-19
6.855E+03  3.460E-30  6.291E-19
6.792E+03  3.588E-30  6.464E-19
6.730E+03  3.721E-30  6.642E-19
6.668E+03  3.858E-30  6.825E-19
6.607E+03  4.002E-30  7.013E-19
6.546E+03  4.150E-30  7.206E-19
6.486E+03  4.304E-30  7.405E-19
6.427E+03  4.464E-30  7.610E-19
6.368E+03  4.630E-30  7.821E-19
6.310E+03  4.802E-30  8.037E-19
6.252E+03  4.981E-30  8.260E-19
6.194E+03  5.167E-30  8.489E-19
6.138E+03  5.359E-30  8.725E-19
6.081E+03  5.559E-30  8.968E-19
6.026E+03  5.767E-30  9.217E-19
5.970E+03  5.982E-30  9.474E-19
5.916E+03  6.206E-30  9.738E-19
5.861E+03  6.438E-30  1.001E-18
5.808E+03  6.679E-30  1.029E-18
5.754E+03  6.929E-30  1.058E-18
5.702E+03  7.189E-30  1.087E-18
5.649E+03  7.458E-30  1.118E-18
5.598E+03  7.738E-30  1.149E-18
5.546E+03  8.029E-30  1.181E-18
5.495E+03  8.330E-30  1.214E-18
5.445E+03  8.643E-30  1.248E-18
5.395E+03  8.968E-30  1.283E-18
5.346E+03  9.306E-30  1.320E-18
5.297E+03  9.656E-30  1.357E-18
5.248E+03  1.002E-29  1.395E-18
5.200E+03  1.040E-29  1.434E-18
5.152E+03  1.079E-29  1.475E-18
5.105E+03  1.120E-29  1.516E-18
5.058E+03  1.162E-29  1.559E-18
5.012E+03  1.206E-29  1.603E-18
4.966E+03  1.252E-29  1.649E-18
4.920E+03  1.299E-29  1.695E-18
4.875E+03  1.348E-29  1.743E-18
4.831E+03  1.399E-29  1.793E-18
4.786E+03  1.452E-29  1.844E-18
4.742E+03  1.507E-29  1.896E-18
4.699E+03  1.564E-29  1.950E-18
4.656E+03  1.624E-29  2.005E-18
4.613E+03  1.685E-29  2.062E-18
4.571E+03  1.750E-29  2.121E-18
4.529E+03  1.816E-29  2.182E-18
4.487E+03  1.885E-29  2.244E-18
4.446E+03  1.957E-29  2.308E-18
4.406E+03  2.032E-29  2.374E-18
4.365E+03  2.109E-29  2.442E-18
4.325E+03  2.190E-29  2.512E-18
4.285E+03  2.273E-29  2.584E-18
4.246E+03  2.360E-29  2.659E-18
4.207E+03  2.451E-29  2.735E-18
4.169E+03  2.544E-29  2.814E-18
4.130E+03  2.642E-29  2.895E-18
4.093E+03  2.743E-29  2.978E-18
4.055E+03  2.848E-29  3.064E-18
4.018E+03  2.958E-29  3.152E-18
3.981E+03  3.071E-29  3.243E-18
3.945E+03  3.189E-29  3.337E-18
3.908E+03  3.312E-29  3.433E-18
3.873E+03  3.439E-29  3.532E-18
3.837E+03  3.571E-29  3.635E-18
3.802E+03  3.708E-29  3.740E-18
3.767E+03  3.851E-29  3.848E-18
3.733E+03  4.000E-29  3.960E-18
3.698E+03  4.154E-29  4.075E-18
3.664E+03  4.314E-29  4.194E-18
3.631E+03  4.481E-29  4.316E-18
3.597E+03  4.654E-29  4.441E-18
3.565E+03  4.834E-29  4.571E-18
3.532E+03  5.022E-29  4.705E-18
3.499E+03  5.216E-29  4.842E-18
3.467E+03  5.419E-29  4.984E-18
3.436E+03  5.629E-29  5.130E-18
3.404E+03  5.847E-29  5.280E-18
3.373E+03  6.075E-29  5.435E-18
3.342E+03  6.311E-29  5.595E-18
3.311E+03  6.557E-29  5.759E-18
3.281E+03  6.812E-29  5.929E-18
3.251E+03  7.078E-29  6.103E-18
3.221E+03  7.354E-29  6.283E-18
3.192E+03  7.641E-29  6.469E-18
3.162E+03  7.939E-29  6.660E-18
3.133E+03  8.250E-29  6.857E-18
3.105E+03  8.572E-29  7.059E-18
3.076E+03  8.908E-29  7.268E-18
3.048E+03  9.257E-29  7.484E-18
3.020E+03  9.620E-29  7.706E-18
2.992E+03  9.997E-29  7.934E-18
2.965E+03  1.039E-28  8.169E-18
2.938E+03  1.079E-28  8.411E-18
2.911E+03  1.122E-28  8.661E-18
2.884E+03  1.166E-28  8.918E-18
2.858E+03  1.211E-28  9.182E-18
2.831E+03  1.259E-28  9.456E-18
2.805E+03  1.308E-28  9.737E-18
2.780E+03  1.360E-28  1.003E-17
2.754E+03  1.413E-28  1.033E-17
2.729E+03  1.469E-28  1.063E-17
2.704E+03  1.527E-28  1.095E-17
2.679E+03  1.587E-28  1.128E-17
2.655E+03  1.650E-28  1.162E-17
2.630E+03  1.715E-28  1.197E-17
2.606E+03  1.783E-28  1.232E-17
2.582E+03  1.853E-28  1.269E-17
2.559E+03  1.927E-28  1.308E-17
2.535E+03  2.003E-28  1.347E-17
2.512E+03  2.082E-28  1.387E-17
2.489E+03  2.165E-28  1.429E-17
2.466E+03  2.251E-28  1.472E-17
2.443E+03  2.340E-28  1.517E-17
2.421E+03  2.433E-28  1.562E-17
2.399E+03  2.530E-28  1.610E-17
2.377E+03  2.630E-28  1.658E-17
2.355E+03  2.735E-28  1.708E-17
2.333E+03  2.844E-28  1.760E-17
2.312E+03  2.957E-28  1.814E-17
2.291E+03  3.075E-28  1.869E-17
2.270E+03  3.198E-28  1.925E-17
2.249E+03  3.325E-28  1.984E-17
2.228E+03  3.458E-28  2.044E-17
2.208E+03  3.596E-28  2.106E-17
2.188E+03  3.740E-28  2.170E-17
2.168E+03  3.889E-28  2.236E-17
2.148E+03  4.045E-28  2.304E-17
2.128E+03  4.207E-28  2.375E-17
2.109E+03  4.375E-28  2.447E-17
2.089E+03  4.550E-28  2.522E-17
2.070E+03  4.733E-28  2.599E-17
2.051E+03  4.922E-28  2.678E-17
2.032E+03  5.120E-28  2.760E-17
2.014E+03  5.325E-28  2.845E-17
1.995E+03  5.539E-28  2.932E-17
1.977E+03  5.761E-28  3.021E-17
1.959E+03  5.993E-28  3.114E-17
1.941E+03  6.233E-28  3.209E-17
1.923E+03  6.484E-28  3.307E-17
1.905E+03  6.744E-28  3.409E-17
1.888E+03  7.016E-28  3.513E-17
1.871E+03  7.298E-28  3.621E-17
1.854E+03  7.592E-28  3.733E-17
1.837E+03  7.897E-28  3.847E-17
1.820E+03  8.215E-28  3.965E-17
1.803E+03  8.546E-28  4.087E-17
1.786E+03  8.891E-28  4.213E-17
1.770E+03  9.249E-28  4.343E-17
1.754E+03  9.622E-28  4.477E-17
1.738E+03  1.001E-27  4.614E-17
1.722E+03  1.041E-27  4.757E-17
1.706E+03  1.083E-27  4.903E-17
1.690E+03  1.127E-27  5.054E-17
1.675E+03  1.173E-27  5.210E-17
1.660E+03  1.220E-27  5.371E-17
1.644E+03  1.269E-27  5.537E-17
1.629E+03  1.321E-27  5.708E-17
1.614E+03  1.374E-27  5.884E-17
1.600E+03  1.430E-27  6.066E-17
1.585E+03  1.487E-27  6.253E-17
1.570E+03  1.548E-27  6.446E-17
1.556E+03  1.610E-27  6.645E-17
1.542E+03  1.675E-27  6.851E-17
1.528E+03  1.743E-27  7.063E-17
1.514E+03  1.813E-27  7.281E-17
1.500E+03  1.887E-27  7.506E-17
1.486E+03  1.963E-27  7.738E-17
1.472E+03  2.043E-27  7.978E-17
1.459E+03  2.125E-27  8.225E-17
1.445E+03  2.212E-27  8.479E-17
1.432E+03  2.301E-27  8.742E-17
1.419E+03  2.394E-27  9.013E-17
1.406E+03  2.491E-27  9.292E-17
1.393E+03  2.592E-27  9.580E-17
1.380E+03  2.697E-27  9.877E-17
1.368E+03  2.807E-27  1.018E-16
1.355E+03  2.920E-27  1.050E-16
1.343E+03  3.039E-27  1.082E-16
1.330E+03  3.162E-27  1.116E-16
1.318E+03  3.290E-27  1.150E-16
1.306E+03  3.423E-27  1.186E-16
1.294E+03  3.562E-27  1.223E-16
1.282E+03  3.706E-27  1.261E-16
1.271E+03  3.856E-27  1.300E-16
1.259E+03  4.013E-27  1.340E-16
1.247E+03  4.175E-27  1.381E-16
1.236E+03  4.344E-27  1.424E-16
1.225E+03  4.520E-27  1.468E-16
1.213E+03  4.703E-27  1.514E-16
1.202E+03  4.893E-27  1.561E-16
1.191E+03  5.091E-27  1.609E-16
1.180E+03  5.297E-27  1.659E-16
1.169E+03  5.511E-27  1.710E-16
1.159E+03  5.734E-27  1.763E-16
1.148E+03  5.966E-27  1.817E-16
1.138E+03  6.207E-27  1.873E-16
1.127E+03  6.458E-27  1.931E-16
1.117E+03  6.719E-27  1.991E-16
1.107E+03  6.990E-27  2.052E-16
1.096E+03  7.272E-27  2.115E-16
1.086E+03  7.566E-27  2.180E-16
1.076E+03  7.871E-27  2.248E-16
1.067E+03  8.189E-27  2.317E-16
1.057E+03  8.519E-27  2.388E-16
1.047E+03  8.862E-27  2.461E-16
1.038E+03  9.219E-27  2.537E-16
1.028E+03  9.590E-27  2.615E-16
1.019E+03  9.976E-27  2.695E-16
1.009E+03  1.038E-26  2.778E-16
1.000E+03  1.079E-26  2.863E-16
9.908E+02  1.123E-26  2.951E-16
9.817E+02  1.168E-26  3.042E-16
9.727E+02  1.215E-26  3.135E-16
9.638E+02  1.264E-26  3.231E-16
9.550E+02  1.315E-26  3.330E-16
9.462E+02  1.367E-26  3.432E-16
9.376E+02  1.422E-26  3.537E-16
9.290E+02  1.479E-26  3.645E-16
9.204E+02  1.539E-26  3.757E-16
9.120E+02  1.600E-26  3.871E-16
9.036E+02  1.664E-26  3.989E-16
8.954E+02  1.731E-26  4.111E-16
8.872E+02  1.800E-26  4.236E-16
8.790E+02  1.872E-26  4.365E-16
8.710E+02  1.947E-26  4.497E-16
8.630E+02  2.024E-26  4.634E-16
8.551E+02  2.105E-26  4.774E-16
8.472E+02  2.189E-26  4.919E-16
8.395E+02  2.276E-26  5.067E-16
8.318E+02  2.366E-26  5.220E-16
8.241E+02  2.460E-26  5.378E-16
8.166E+02  2.558E-26  5.540E-16
8.091E+02  2.659E-26  5.707E-16
8.017E+02  2.764E-26  5.878E-16
7.943E+02  2.874E-26  6.055E-16
7.870E+02  2.987E-26  6.236E-16
7.798E+02  3.105E-26  6.423E-16
7.727E+02  3.228E-26  6.616E-16
7.656E+02  3.355E-26  6.814E-16
7.586E+02  3.487E-26  7.017E-16
7.516E+02  3.625E-26  7.227E-16
7.447E+02  3.768E-26  7.443E-16
7.379E+02  3.916E-26  7.665E-16
7.311E+02  4.071E-26  7.894E-16
7.244E+02  4.231E-26  8.130E-16
7.178E+02  4.398E-26  8.373E-16
7.112E+02  4.571E-26  8.623E-16
7.047E+02  4.751E-26  8.881E-16
6.982E+02  4.938E-26  9.146E-16
6.918E+02  5.132E-26  9.418E-16
6.855E+02  5.334E-26  9.699E-16
6.792E+02  5.544E-26  9.988E-16
6.730E+02  5.761E-26  1.028E-15
6.668E+02  5.987E-26  1.059E-15
6.607E+02  6.221E-26  1.090E-15
6.546E+02  6.466E-26  1.123E-15
6.486E+02  6.720E-26  1.156E-15
6.427E+02  6.984E-26  1.191E-15
6.368E+02  7.259E-26  1.226E-15
6.310E+02  7.544E-26  1.263E-15
6.252E+02  7.841E-26  1.300E-15
6.194E+02  8.149E-26  1.339E-15
6.138E+02  8.469E-26  1.379E-15
6.081E+02  8.801E-26  1.420E-15
6.026E+02  9.147E-26  1.462E-15
5.970E+02  9.506E-26  1.505E-15
5.916E+02  9.879E-26  1.550E-15
5.861E+02  1.027E-25  1.596E-15
5.808E+02  1.067E-25  1.644E-15
5.754E+02  1.109E-25  1.692E-15
5.702E+02  1.152E-25  1.743E-15
5.649E+02  1.197E-25  1.794E-15
5.598E+02  1.244E-25  1.848E-15
5.546E+02  1.293E-25  1.902E-15
5.495E+02  1.344E-25  1.959E-15
5.445E+02  1.396E-25  2.017E-15
5.395E+02  1.451E-25  2.077E-15
5.346E+02  1.508E-25  2.138E-15
5.297E+02  1.567E-25  2.201E-15
5.248E+02  1.628E-25  2.267E-15
5.200E+02  1.692E-25  2.334E-15
5.152E+02  1.758E-25  2.403E-15
5.105E+02  1.827E-25  2.474E-15
5.058E+02  1.898E-25  2.547E-15
5.012E+02  1.972E-25  2.622E-15
4.966E+02  2.049E-25  2.699E-15
4.920E+02  2.129E-25  2.778E-15
4.875E+02  2.212E-25  2.860E-15
4.831E+02  2.298E-25  2.944E-15
4.786E+02  2.387E-25  3.031E-15
4.742E+02  2.480E-25  3.120E-15
4.699E+02  2.577E-25  3.211E-15
4.656E+02  2.677E-25  3.306E-15
4.613E+02  2.781E-25  3.403E-15
4.571E+02  2.888E-25  3.502E-15
4.529E+02  3.000E-25  3.605E-15
4.487E+02  3.117E-25  3.710E-15
4.446E+02  3.237E-25  3.818E-15
4.406E+02  3.362E-25  3.929E-15
4.365E+02  3.492E-25  4.044E-15
4.325E+02  3.627E-25  4.161E-15
4.285E+02  3.767E-25  4.282E-15
4.246E+02  3.912E-25  4.406E-15
4.207E+02  4.063E-25  4.534E-15
4.169E+02  4.219E-25  4.666E-15
4.130E+02  4.381E-25  4.801E-15
4.093E+02  4.550E-25  4.939E-15
4.055E+02  4.724E-25  5.082E-15
4.018E+02  4.906E-25  5.228E-15
3.981E+02  5.094E-25  5.379E-15
3.945E+02  5.289E-25  5.534E-15
3.908E+02  5.491E-25  5.693E-15
3.873E+02  5.701E-25  5.856E-15
3.837E+02  5.919E-25  6.024E-15
3.802E+02  6.145E-25  6.197E-15
3.767E+02  6.379E-25  6.374E-15
3.733E+02  6.621E-25  6.556E-15
3.698E+02  6.873E-25  6.743E-15
3.664E+02  7.134E-25  6.934E-15
3.631E+02  7.405E-25  7.131E-15
3.597E+02  7.685E-25  7.333E-15
3.565E+02  7.975E-25  7.541E-15
3.532E+02  8.276E-25  7.754E-15
3.499E+02  8.589E-25  7.972E-15
3.467E+02  8.912E-25  8.197E-15
3.436E+02  9.247E-25  8.427E-15
3.404E+02  9.594E-25  8.663E-15
3.373E+02  9.954E-25  8.905E-15
3.342E+02  1.033E-24  9.154E-15
3.311E+02  1.071E-24  9.409E-15
3.281E+02  1.111E-24  9.670E-15
3.251E+02  1.152E-24  9.938E-15
3.221E+02  1.195E-24  1.021E-14
3.192E+02  1.240E-24  1.049E-14
3.162E+02  1.285E-24  1.078E-14
3.133E+02  1.333E-24  1.108E-14
3.105E+02  1.382E-24  1.138E-14
3.076E+02  1.433E-24  1.169E-14
3.048E+02  1.485E-24  1.201E-14
3.020E+02  1.540E-24  1.234E-14
2.992E+02  1.596E-24  1.267E-14
2.965E+02  1.654E-24  1.301E-14
2.938E+02  1.715E-24  1.336E-14
2.911E+02  1.777E-24  1.372E-14
2.884E+02  1.841E-24  1.408E-14
2.858E+02  1.908E-24  1.446E-14
2.831E+02  1.976E-24  1.484E-14
2.805E+02  2.047E-24  1.524E-14
2.780E+02  2.121E-24  1.564E-14
2.754E+02  2.197E-24  1.605E-14
2.729E+02  2.275E-24  1.647E-14
2.704E+02  2.356E-24  1.690E-14
2.679E+02  2.440E-24  1.734E-14
2.655E+02  2.527E-24  1.779E-14
2.630E+02  2.617E-24  1.826E-14
2.606E+02  2.709E-24  1.873E-14
2.582E+02  2.805E-24  1.921E-14
2.559E+02  2.903E-24  1.970E-14
2.535E+02  3.003E-24  2.020E-14
2.512E+02  3.107E-24  2.070E-14
2.489E+02  3.212E-24  2.120E-14
2.466E+02  3.318E-24  2.170E-14
2.443E+02  3.427E-24  2.221E-14
2.421E+02  3.538E-24  2.272E-14
2.399E+02  3.651E-24  2.323E-14
2.377E+02  3.766E-24  2.375E-14
2.355E+02  3.884E-24  2.426E-14
2.333E+02  4.005E-24  2.479E-14
2.312E+02  4.129E-24  2.532E-14
2.291E+02  4.256E-24  2.586E-14
2.270E+02  4.387E-24  2.641E-14
2.249E+02  4.520E-24  2.697E-14
2.228E+02  4.658E-24  2.753E-14
2.208E+02  4.798E-24  2.810E-14
2.188E+02  4.942E-24  2.868E-14
2.168E+02  5.090E-24  2.927E-14
2.148E+02  5.241E-24  2.986E-14
2.128E+02  5.396E-24  3.046E-14
2.109E+02  5.554E-24  3.107E-14
2.089E+02  5.716E-24  3.168E-14
2.070E+02  5.882E-24  3.230E-14
2.051E+02  6.051E-24  3.292E-14
2.032E+02  6.225E-24  3.356E-14
2.014E+02  6.402E-24  3.420E-14
1.995E+02  6.583E-24  3.484E-14
1.977E+02  6.768E-24  3.549E-14
1.959E+02  6.957E-24  3.615E-14
1.941E+02  7.150E-24  3.681E-14
1.923E+02  7.347E-24  3.748E-14
1.905E+02  7.548E-24  3.815E-14
1.888E+02  7.754E-24  3.883E-14
1.871E+02  7.964E-24  3.952E-14
1.854E+02  8.178E-24  4.021E-14
1.837E+02  8.396E-24  4.090E-14
1.820E+02  8.619E-24  4.161E-14
1.803E+02  8.846E-24  4.231E-14
1.786E+02  9.078E-24  4.302E-14
1.770E+02  9.315E-24  4.374E-14
1.754E+02  9.556E-24  4.446E-14
1.738E+02  9.802E-24  4.519E-14
1.722E+02  1.005E-23  4.592E-14
1.706E+02  1.031E-23  4.666E-14
1.690E+02  1.057E-23  4.740E-14
1.675E+02  1.084E-23  4.815E-14
1.660E+02  1.111E-23  4.891E-14
1.644E+02  1.139E-23  4.968E-14
1.629E+02  1.167E-23  5.045E-14
1.614E+02  1.196E-23  5.124E-14
1.600E+02  1.226E-23  5.202E-14
1.585E+02  1.256E-23  5.282E-14
1.570E+02  1.288E-23  5.364E-14
1.556E+02  1.320E-23  5.446E-14
1.542E+02  1.352E-23  5.530E-14
1.528E+02  1.386E-23  5.615E-14
1.514E+02  1.420E-23  5.702E-14
1.500E+02  1.455E-23  5.789E-14
1.486E+02  1.491E-23  5.877E-14
1.472E+02  1.528E-23  5.966E-14
1.459E+02  1.564E-23  6.053E-14
1.445E+02  1.601E-23  6.139E-14
1.432E+02  1.638E-23  6.222E-14
1.419E+02  1.673E-23  6.298E-14
1.406E+02  1.707E-23  6.367E-14
1.393E+02  1.739E-23  6.425E-14
1.380E+02  1.768E-23  6.473E-14
1.368E+02  1.795E-23  6.511E-14
1.355E+02  1.819E-23  6.539E-14
1.343E+02  1.842E-23  6.560E-14
1.330E+02  1.864E-23  6.578E-14
1.318E+02  1.885E-23  6.592E-14
1.306E+02  1.907E-23  6.606E-14
1.294E+02  1.928E-23  6.619E-14
1.282E+02  1.950E-23  6.632E-14
1.271E+02  1.972E-23  6.645E-14
1.259E+02  1.994E-23  6.659E-14
1.247E+02  2.017E-23  6.674E-14
1.236E+02  2.040E-23  6.688E-14
1.225E+02  2.064E-23  6.703E-14
1.213E+02  2.087E-23  6.719E-14
1.202E+02  2.112E-23  6.734E-14
1.191E+02  2.136E-23  6.749E-14
1.180E+02  2.160E-23  6.763E-14
1.169E+02  2.184E-23  6.776E-14
1.159E+02  2.208E-23  6.786E-14
1.148E+02  2.232E-23  6.797E-14
1.138E+02  2.256E-23  6.808E-14
1.127E+02  2.280E-23  6.816E-14
1.117E+02  2.304E-23  6.825E-14
1.107E+02  2.327E-23  6.832E-14
1.096E+02  2.351E-23  6.838E-14
1.086E+02  2.374E-23  6.842E-14
1.076E+02  2.397E-23  6.845E-14
1.067E+02  2.420E-23  6.847E-14
1.057E+02  2.442E-23  6.846E-14
1.047E+02  2.464E-23  6.845E-14
1.038E+02  2.486E-23  6.841E-14
1.028E+02  2.506E-23  6.835E-14
1.019E+02  2.526E-23  6.826E-14
1.009E+02  2.546E-23  6.816E-14
1.000E+02  2.565E-23  6.804E-14
9.908E+01  2.583E-23  6.788E-14
9.817E+01  2.600E-23  6.772E-14
9.727E+01  2.617E-23  6.753E-14
9.638E+01  2.633E-23  6.732E-14
9.550E+01  2.649E-23  6.710E-14
9.462E+01  2.663E-23  6.685E-14
9.376E+01  2.677E-23  6.657E-14
9.290E+01  2.690E-23  6.628E-14
9.204E+01  2.702E-23  6.596E-14
9.120E+01  2.713E-23  6.563E-14
9.036E+01  2.723E-23  6.527E-14
8.954E+01  2.732E-23  6.489E-14
8.872E+01  2.741E-23  6.450E-14
8.790E+01  2.748E-23  6.409E-14
8.710E+01  2.755E-23  6.365E-14
8.630E+01  2.761E-23  6.320E-14
8.551E+01  2.766E-23  6.273E-14
8.472E+01  2.769E-23  6.222E-14
8.395E+01  2.772E-23  6.171E-14
8.318E+01  2.773E-23  6.119E-14
8.241E+01  2.774E-23  6.065E-14
8.166E+01  2.774E-23  6.009E-14
8.091E+01  2.773E-23  5.952E-14
8.017E+01  2.771E-23  5.893E-14
7.943E+01  2.768E-23  5.833E-14
7.870E+01  2.764E-23  5.771E-14
7.798E+01  2.759E-23  5.708E-14
7.727E+01  2.753E-23  5.643E-14
7.656E+01  2.746E-23  5.577E-14
7.586E+01  2.738E-23  5.509E-14
7.516E+01  2.729E-23  5.440E-14
7.447E+01  2.719E-23  5.370E-14
7.379E+01  2.707E-23  5.298E-14
7.311E+01  2.694E-23  5.226E-14
7.244E+01  2.681E-23  5.151E-14
7.178E+01  2.666E-23  5.077E-14
7.112E+01  2.651E-23  5.002E-14
7.047E+01  2.635E-23  4.926E-14
6.982E+01  2.619E-23  4.850E-14
6.918E+01  2.601E-23  4.774E-14
6.855E+01  2.583E-23  4.696E-14
6.792E+01  2.563E-23  4.618E-14
6.730E+01  2.543E-23  4.540E-14
6.668E+01  2.523E-23  4.462E-14
6.607E+01  2.501E-23  4.383E-14
6.546E+01  2.478E-23  4.304E-14
6.486E+01  2.455E-23  4.225E-14
6.427E+01  2.432E-23  4.145E-14
6.368E+01  2.407E-23  4.066E-14
6.310E+01  2.382E-23  3.987E-14
6.252E+01  2.357E-23  3.908E-14
6.194E+01  2.331E-23  3.830E-14
6.138E+01  2.304E-23  3.752E-14
6.081E+01  2.277E-23  3.674E-14
6.026E+01  2.250E-23  3.596E-14
5.970E+01  2.222E-23  3.519E-14
5.916E+01  2.194E-23  3.442E-14
5.861E+01  2.165E-23  3.366E-14
5.808E+01  2.136E-23  3.290E-14
5.754E+01  2.106E-23  3.215E-14
5.702E+01  2.077E-23  3.141E-14
5.649E+01  2.047E-23  3.067E-14
5.598E+01  2.017E-23  2.995E-14
5.546E+01  1.987E-23  2.923E-14
5.495E+01  1.956E-23  2.852E-14
5.445E+01  1.926E-23  2.782E-14
5.395E+01  1.896E-23  2.713E-14
5.346E+01  1.865E-23  2.645E-14
5.297E+01  1.835E-23  2.578E-14
5.248E+01  1.804E-23  2.511E-14
5.200E+01  1.773E-23  2.446E-14
5.152E+01  1.743E-23  2.382E-14
5.105E+01  1.712E-23  2.319E-14
5.058E+01  1.682E-23  2.257E-14
5.012E+01  1.652E-23  2.196E-14
4.966E+01  1.621E-23  2.136E-14
4.920E+01  1.592E-23  2.077E-14
4.875E+01  1.562E-23  2.020E-14
4.831E+01  1.532E-23  1.963E-14
4.786E+01  1.503E-23  1.908E-14
4.742E+01  1.474E-23  1.854E-14
4.699E+01  1.445E-23  1.801E-14
4.656E+01  1.416E-23  1.749E-14
4.613E+01  1.387E-23  1.698E-14
4.571E+01  1.359E-23  1.648E-14
4.529E+01  1.331E-23  1.599E-14
4.487E+01  1.304E-23  1.552E-14
4.446E+01  1.276E-23  1.505E-14
4.406E+01  1.249E-23  1.459E-14
4.365E+01  1.222E-23  1.415E-14
4.325E+01  1.195E-23  1.371E-14
4.285E+01  1.169E-23  1.328E-14
4.246E+01  1.142E-23  1.287E-14
4.207E+01  1.116E-23  1.246E-14
4.169E+01  1.091E-23  1.206E-14
4.130E+01  1.065E-23  1.167E-14
4.093E+01  1.040E-23  1.129E-14
4.055E+01  1.015E-23  1.092E-14
4.018E+01  9.901E-24  1.055E-14
3.981E+01  9.657E-24  1.020E-14
3.945E+01  9.414E-24  9.850E-15
3.908E+01  9.174E-24  9.511E-15
3.873E+01  8.936E-24  9.179E-15
3.837E+01  8.699E-24  8.854E-15
3.802E+01  8.465E-24  8.537E-15
3.767E+01  8.233E-24  8.227E-15
3.733E+01  8.004E-24  7.924E-15
3.698E+01  7.778E-24  7.630E-15
3.664E+01  7.556E-24  7.344E-15
3.631E+01  7.336E-24  7.066E-15
3.597E+01  7.117E-24  6.792E-15
3.565E+01  6.905E-24  6.529E-15
3.532E+01  6.697E-24  6.274E-15
3.499E+01  6.491E-24  6.026E-15
3.467E+01  6.290E-24  5.785E-15
3.436E+01  6.095E-24  5.555E-15
3.404E+01  5.905E-24  5.332E-15
3.373E+01  5.719E-24  5.117E-15
3.342E+01  5.540E-24  4.911E-15
3.311E+01  5.368E-24  4.715E-15
3.281E+01  5.202E-24  4.527E-15
3.251E+01  5.040E-24  4.346E-15
3.221E+01  4.887E-24  4.176E-15
3.192E+01  4.741E-24  4.013E-15
3.162E+01  4.600E-24  3.859E-15
3.133E+01  4.469E-24  3.714E-15
3.105E+01  4.343E-24  3.576E-15
3.076E+01  4.225E-24  3.447E-15
3.048E+01  4.114E-24  3.326E-15
3.020E+01  4.010E-24  3.213E-15
2.992E+01  3.914E-24  3.107E-15
2.965E+01  3.823E-24  3.007E-15
2.938E+01  3.740E-24  2.914E-15
2.911E+01  3.662E-24  2.828E-15
2.884E+01  3.591E-24  2.747E-15
2.858E+01  3.525E-24  2.672E-15
2.831E+01  3.465E-24  2.603E-15
2.805E+01  3.411E-24  2.538E-15
2.780E+01  3.362E-24  2.479E-15
2.754E+01  3.317E-24  2.424E-15
2.729E+01  3.275E-24  2.371E-15
2.704E+01  3.240E-24  2.324E-15
2.679E+01  3.208E-24  2.280E-15
2.655E+01  3.179E-24  2.238E-15
2.630E+01  3.154E-24  2.200E-15
2.606E+01  3.131E-24  2.164E-15
2.582E+01  3.112E-24  2.132E-15
2.559E+01  3.097E-24  2.102E-15
2.535E+01  3.083E-24  2.073E-15
2.512E+01  3.073E-24  2.048E-15
2.489E+01  3.064E-24  2.023E-15
2.466E+01  3.058E-24  2.000E-15
2.443E+01  3.053E-24  1.979E-15
2.421E+01  3.052E-24  1.960E-15
2.399E+01  3.052E-24  1.942E-15
2.377E+01  3.053E-24  1.925E-15
2.355E+01  3.056E-24  1.909E-15
2.333E+01  3.061E-24  1.895E-15
2.312E+01  3.069E-24  1.882E-15
2.291E+01  3.076E-24  1.869E-15
2.270E+01  3.086E-24  1.858E-15
2.249E+01  3.099E-24  1.849E-15
2.228E+01  3.112E-24  1.840E-15
2.208E+01  3.127E-24  1.832E-15
2.188E+01  3.143E-24  1.824E-15
2.168E+01  3.159E-24  1.816E-15
2.148E+01  3.178E-24  1.811E-15
2.128E+01  3.197E-24  1.805E-15
2.109E+01  3.219E-24  1.801E-15
2.089E+01  3.242E-24  1.797E-15
2.070E+01  3.267E-24  1.794E-15
2.051E+01  3.292E-24  1.791E-15
2.032E+01  3.321E-24  1.790E-15
2.014E+01  3.352E-24  1.791E-15
1.995E+01  3.386E-24  1.792E-15
1.977E+01  3.425E-24  1.796E-15
1.959E+01  3.468E-24  1.802E-15
1.941E+01  3.525E-24  1.815E-15
1.923E+01  3.614E-24  1.844E-15
1.905E+01  3.803E-24  1.922E-15
1.888E+01  3.964E-24  1.985E-15
1.871E+01  3.819E-24  1.895E-15
1.854E+01  3.799E-24  1.868E-15
1.837E+01  3.854E-24  1.877E-15
1.820E+01  3.959E-24  1.911E-15
1.803E+01  4.151E-24  1.985E-15
1.786E+01  4.458E-24  2.113E-15
1.770E+01  4.541E-24  2.132E-15
1.754E+01  4.860E-24  2.261E-15
1.738E+01  5.569E-24  2.567E-15
1.722E+01  5.531E-24  2.526E-15
1.706E+01  5.607E-24  2.537E-15
1.690E+01  5.508E-24  2.470E-15
1.675E+01  5.306E-24  2.357E-15
1.660E+01  5.423E-24  2.387E-15
1.644E+01  6.300E-24  2.748E-15
1.629E+01  4.884E-24  2.111E-15
1.614E+01  4.316E-24  1.848E-15
1.600E+01  4.133E-24  1.754E-15
1.585E+01  4.023E-24  1.691E-15
1.570E+01  3.893E-24  1.622E-15
1.556E+01  3.816E-24  1.575E-15
1.542E+01  3.768E-24  1.541E-15
1.528E+01  3.736E-24  1.514E-15
1.514E+01  3.716E-24  1.492E-15
1.500E+01  3.707E-24  1.475E-15
1.486E+01  3.710E-24  1.462E-15
1.472E+01  3.732E-24  1.458E-15
1.459E+01  3.787E-24  1.465E-15
1.445E+01  3.911E-24  1.500E-15
1.432E+01  4.186E-24  1.590E-15
1.419E+01  4.502E-24  1.695E-15
1.406E+01  4.364E-24  1.628E-15
1.393E+01  4.319E-24  1.596E-15
1.380E+01  4.541E-24  1.663E-15
1.368E+01  5.023E-24  1.822E-15
1.355E+01  5.633E-24  2.025E-15
1.343E+01  5.821E-24  2.073E-15
1.330E+01  5.537E-24  1.954E-15
1.318E+01  5.415E-24  1.894E-15
1.306E+01  5.717E-24  1.981E-15
1.294E+01  6.551E-24  2.249E-15
1.282E+01  8.069E-24  2.745E-15
1.271E+01  9.999E-24  3.370E-15
1.259E+01  1.067E-23  3.563E-15
1.247E+01  9.373E-24  3.101E-15
1.236E+01  8.021E-24  2.630E-15
1.225E+01  7.580E-24  2.462E-15
1.213E+01  7.968E-24  2.564E-15
1.202E+01  8.516E-24  2.716E-15
1.191E+01  8.238E-24  2.603E-15
1.180E+01  7.492E-24  2.346E-15
1.169E+01  7.315E-24  2.269E-15
1.159E+01  8.303E-24  2.552E-15
1.148E+01  1.121E-23  3.415E-15
1.138E+01  1.610E-23  4.858E-15
1.127E+01  2.145E-23  6.414E-15
1.117E+01  1.519E-23  4.500E-15
1.107E+01  7.859E-24  2.307E-15
1.096E+01  5.427E-24  1.578E-15
1.086E+01  4.309E-24  1.242E-15
1.076E+01  3.721E-24  1.063E-15
1.067E+01  3.376E-24  9.552E-16
1.057E+01  3.078E-24  8.628E-16
1.047E+01  2.881E-24  8.003E-16
1.038E+01  2.751E-24  7.572E-16
1.028E+01  2.661E-24  7.255E-16
1.019E+01  2.597E-24  7.016E-16
1.009E+01  2.553E-24  6.836E-16
1.000E+01  2.528E-24  6.705E-16
9.908E+00  2.519E-24  6.620E-16
9.817E+00  2.525E-24  6.575E-16
9.727E+00  2.546E-24  6.569E-16
9.638E+00  2.583E-24  6.604E-16
9.550E+00  2.637E-24  6.679E-16
9.462E+00  2.710E-24  6.801E-16
9.376E+00  2.807E-24  6.980E-16
9.290E+00  2.935E-24  7.232E-16
9.204E+00  3.109E-24  7.590E-16
9.120E+00  3.350E-24  8.103E-16
9.036E+00  3.696E-24  8.860E-16
8.954E+00  4.219E-24  1.002E-15
8.872E+00  5.046E-24  1.187E-15
8.790E+00  6.403E-24  1.493E-15
8.710E+00  8.478E-24  1.959E-15
8.630E+00  1.043E-23  2.386E-15
8.551E+00  1.021E-23  2.315E-15
8.472E+00  8.879E-24  1.995E-15
8.395E+00  8.203E-24  1.827E-15
8.318E+00  8.170E-24  1.803E-15
8.241E+00  8.533E-24  1.865E-15
8.166E+00  9.434E-24  2.043E-15
8.091E+00  1.115E-23  2.392E-15
8.017E+00  1.388E-23  2.951E-15
7.943E+00  1.745E-23  3.677E-15
7.870E+00  2.059E-23  4.299E-15
7.798E+00  2.174E-23  4.497E-15
7.727E+00  2.190E-23  4.488E-15
7.656E+00  2.261E-23  4.592E-15
7.586E+00  2.204E-23  4.435E-15
7.516E+00  1.857E-23  3.702E-15
7.447E+00  1.465E-23  2.894E-15
7.379E+00  1.177E-23  2.304E-15
7.311E+00  9.777E-24  1.896E-15
7.244E+00  8.319E-24  1.599E-15
7.178E+00  7.205E-24  1.372E-15
7.112E+00  6.350E-24  1.198E-15
7.047E+00  5.716E-24  1.068E-15
6.982E+00  5.287E-24  9.792E-16
6.918E+00  5.053E-24  9.272E-16
6.855E+00  4.997E-24  9.087E-16
6.792E+00  5.069E-24  9.132E-16
6.730E+00  5.142E-24  9.180E-16
6.668E+00  5.073E-24  8.974E-16
6.607E+00  4.861E-24  8.519E-16
6.546E+00  4.688E-24  8.140E-16
6.486E+00  4.784E-24  8.232E-16
6.427E+00  5.414E-24  9.229E-16
6.368E+00  7.065E-24  1.193E-15
6.310E+00  1.077E-23  1.802E-15
6.252E+00  1.676E-23  2.780E-15
6.194E+00  1.698E-23  2.790E-15
6.138E+00  1.058E-23  1.723E-15
6.081E+00  6.306E-24  1.017E-15
6.026E+00  4.202E-24  6.716E-16
5.970E+00  3.135E-24  4.964E-16
5.916E+00  2.578E-24  4.045E-16
5.861E+00  2.331E-24  3.624E-16
5.808E+00  2.352E-24  3.623E-16
5.754E+00  2.640E-24  4.030E-16
5.702E+00  2.844E-24  4.301E-16
5.649E+00  2.398E-24  3.593E-16
5.598E+00  1.826E-24  2.711E-16
5.546E+00  1.473E-24  2.168E-16
5.495E+00  1.286E-24  1.875E-16
5.445E+00  1.206E-24  1.741E-16
5.395E+00  1.219E-24  1.745E-16
5.346E+00  1.352E-24  1.917E-16
5.297E+00  1.570E-24  2.206E-16
5.248E+00  1.535E-24  2.136E-16
5.200E+00  1.218E-24  1.680E-16
5.152E+00  9.711E-25  1.327E-16
5.105E+00  8.281E-25  1.121E-16
5.058E+00  7.421E-25  9.956E-17
5.012E+00  6.853E-25  9.111E-17
4.966E+00  6.446E-25  8.492E-17
4.920E+00  6.136E-25  8.008E-17
4.875E+00  5.887E-25  7.613E-17
4.831E+00  5.681E-25  7.279E-17
4.786E+00  5.505E-25  6.990E-17
4.742E+00  5.354E-25  6.735E-17
4.699E+00  5.221E-25  6.507E-17
4.656E+00  5.103E-25  6.302E-17
4.613E+00  4.997E-25  6.114E-17
4.571E+00  4.901E-25  5.942E-17
4.529E+00  4.814E-25  5.784E-17
4.487E+00  4.735E-25  5.637E-17
4.446E+00  4.663E-25  5.500E-17
4.406E+00  4.597E-25  5.372E-17
4.365E+00  4.537E-25  5.253E-17
4.325E+00  4.481E-25  5.141E-17
4.285E+00  4.430E-25  5.036E-17
4.246E+00  4.384E-25  4.938E-17
4.207E+00  4.341E-25  4.845E-17
4.169E+00  4.303E-25  4.758E-17
4.130E+00  4.268E-25  4.676E-17
4.093E+00  4.237E-25  4.600E-17
4.055E+00  4.210E-25  4.528E-17
4.018E+00  4.187E-25  4.462E-17
3.981E+00  4.168E-25  4.402E-17
3.945E+00  4.154E-25  4.347E-17
3.908E+00  4.146E-25  4.298E-17
3.873E+00  4.143E-25  4.256E-17
3.837E+00  4.148E-25  4.222E-17
3.802E+00  4.162E-25  4.197E-17
3.767E+00  4.186E-25  4.183E-17
3.733E+00  4.224E-25  4.182E-17
3.698E+00  4.279E-25  4.198E-17
3.664E+00  4.358E-25  4.236E-17
3.631E+00  4.469E-25  4.304E-17
3.597E+00  4.626E-25  4.415E-17
3.565E+00  4.852E-25  4.587E-17
3.532E+00  5.183E-25  4.856E-17
3.499E+00  5.690E-25  5.282E-17
3.467E+00  6.510E-25  5.988E-17
3.436E+00  7.946E-25  7.242E-17
3.404E+00  1.078E-24  9.736E-17
3.373E+00  1.755E-24  1.571E-16
3.342E+00  4.000E-24  3.546E-16
3.311E+00  1.513E-23  1.329E-15
3.281E+00  1.033E-23  8.991E-16
3.251E+00  2.951E-24  2.545E-16
3.221E+00  1.409E-24  1.204E-16
3.192E+00  8.991E-25  7.612E-17
3.162E+00  6.738E-25  5.652E-17
3.133E+00  5.552E-25  4.614E-17
3.105E+00  4.851E-25  3.995E-17
3.076E+00  4.400E-25  3.590E-17
3.048E+00  4.090E-25  3.307E-17
3.020E+00  3.867E-25  3.098E-17
2.992E+00  3.699E-25  2.936E-17
2.965E+00  3.568E-25  2.806E-17
2.938E+00  3.463E-25  2.698E-17
2.911E+00  3.376E-25  2.606E-17
2.884E+00  3.302E-25  2.526E-17
2.858E+00  3.238E-25  2.455E-17
2.831E+00  3.182E-25  2.390E-17
2.805E+00  3.132E-25  2.331E-17
2.780E+00  3.087E-25  2.276E-17
2.754E+00  3.045E-25  2.225E-17
2.729E+00  3.006E-25  2.176E-17
2.704E+00  2.970E-25  2.130E-17
2.679E+00  2.935E-25  2.086E-17
2.655E+00  2.902E-25  2.043E-17
2.630E+00  2.870E-25  2.003E-17
2.606E+00  2.840E-25  1.963E-17
2.582E+00  2.810E-25  1.925E-17
2.559E+00  2.781E-25  1.887E-17
2.535E+00  2.752E-25  1.851E-17
2.512E+00  2.724E-25  1.815E-17
2.489E+00  2.696E-25  1.780E-17
2.466E+00  2.668E-25  1.746E-17
2.443E+00  2.641E-25  1.712E-17
2.421E+00  2.613E-25  1.678E-17
2.399E+00  2.587E-25  1.646E-17
2.377E+00  2.560E-25  1.614E-17
2.355E+00  2.533E-25  1.583E-17
2.333E+00  2.507E-25  1.552E-17
2.312E+00  2.481E-25  1.521E-17
2.291E+00  2.454E-25  1.491E-17
2.270E+00  2.428E-25  1.462E-17
2.249E+00  2.401E-25  1.433E-17
2.228E+00  2.374E-25  1.404E-17
2.208E+00  2.347E-25  1.375E-17
2.188E+00  2.319E-25  1.346E-17
2.168E+00  2.291E-25  1.317E-17
2.148E+00  2.261E-25  1.288E-17
2.128E+00  2.230E-25  1.259E-17
2.109E+00  2.198E-25  1.229E-17
2.089E+00  2.163E-25  1.199E-17
2.070E+00  2.126E-25  1.167E-17
2.051E+00  2.086E-25  1.135E-17
2.032E+00  2.041E-25  1.100E-17
2.014E+00  1.991E-25  1.064E-17
1.995E+00  1.935E-25  1.024E-17
1.977E+00  1.873E-25  9.823E-18
1.959E+00  1.807E-25  9.389E-18
1.941E+00  1.743E-25  8.973E-18
1.923E+00  1.692E-25  8.634E-18
1.905E+00  1.668E-25  8.431E-18
1.888E+00  1.673E-25  8.381E-18
1.871E+00  1.700E-25  8.437E-18
1.854E+00  1.734E-25  8.525E-18
1.837E+00  1.764E-25  8.591E-18
1.820E+00  1.785E-25  8.617E-18
1.803E+00  1.798E-25  8.599E-18
1.786E+00  1.804E-25  8.547E-18
1.770E+00  1.804E-25  8.469E-18
1.754E+00  1.799E-25  8.372E-18
1.738E+00  1.792E-25  8.262E-18
1.722E+00  1.783E-25  8.143E-18
1.706E+00  1.772E-25  8.020E-18
1.690E+00  1.760E-25  7.893E-18
1.675E+00  1.748E-25  7.765E-18
1.660E+00  1.735E-25  7.638E-18
1.644E+00  1.722E-25  7.512E-18
1.629E+00  1.709E-25  7.387E-18
1.614E+00  1.697E-25  7.265E-18
1.600E+00  1.685E-25  7.147E-18
1.585E+00  1.673E-25  7.034E-18
1.570E+00  1.663E-25  6.926E-18
1.556E+00  1.653E-25  6.823E-18
1.542E+00  1.645E-25  6.727E-18
1.528E+00  1.638E-25  6.639E-18
1.514E+00  1.634E-25  6.559E-18
1.500E+00  1.631E-25  6.488E-18
1.486E+00  1.631E-25  6.428E-18
1.472E+00  1.634E-25  6.380E-18
1.459E+00  1.640E-25  6.345E-18
1.445E+00  1.650E-25  6.327E-18
1.432E+00  1.666E-25  6.327E-18
1.419E+00  1.687E-25  6.349E-18
1.406E+00  1.715E-25  6.396E-18
1.393E+00  1.751E-25  6.472E-18
1.380E+00  1.798E-25  6.584E-18
1.368E+00  1.857E-25  6.737E-18
1.355E+00  1.930E-25  6.936E-18
1.343E+00  2.018E-25  7.189E-18
1.330E+00  2.124E-25  7.494E-18
1.318E+00  2.244E-25  7.845E-18
1.306E+00  2.371E-25  8.216E-18
1.294E+00  2.491E-25  8.553E-18
1.282E+00  2.579E-25  8.774E-18
1.271E+00  2.605E-25  8.780E-18
1.259E+00  2.547E-25  8.506E-18
1.247E+00  2.408E-25  7.967E-18
1.236E+00  2.213E-25  7.255E-18
1.225E+00  2.000E-25  6.497E-18
1.213E+00  1.798E-25  5.789E-18
1.202E+00  1.624E-25  5.180E-18
1.191E+00  1.483E-25  4.686E-18
1.180E+00  1.373E-25  4.300E-18
1.169E+00  1.292E-25  4.009E-18
1.159E+00  1.237E-25  3.803E-18
1.148E+00  1.206E-25  3.672E-18
1.138E+00  1.198E-25  3.614E-18
1.127E+00  1.215E-25  3.634E-18
1.117E+00  1.264E-25  3.745E-18
1.107E+00  1.354E-25  3.974E-18
1.096E+00  1.501E-25  4.364E-18
1.086E+00  1.727E-25  4.977E-18
1.076E+00  2.057E-25  5.873E-18
1.067E+00  2.470E-25  6.988E-18
1.057E+00  2.801E-25  7.851E-18
1.047E+00  2.744E-25  7.623E-18
1.038E+00  2.276E-25  6.264E-18
1.028E+00  1.724E-25  4.700E-18
1.019E+00  1.295E-25  3.500E-18
1.009E+00  1.005E-25  2.692E-18
1.000E+00  8.132E-26  2.157E-18
