Dust emission from Draine & Li (2007): ApJ 657, 810-837
==========================================================
         1 = grain model
 4.000E-08 4.000E-01 0.000E+00 = a_01 (cm) , sigma_1 , b_C1/0.92
 2.000E-07 5.500E-01 0.000E+00 = a_02 (cm) , sigma_2 , b_C2/0.92
 1.000E+01 1.000E+01 1.000E+00 = Umin , Umax, beta (dN/dU propto U^{-beta})
 1.000E+01 = <U> 
     mmp83 = radfield
 4.468E-23 = power/H (erg s-1)
 band   nu*P_nu(band) j_nu(band)
 (um)   (erg s-1 H-1)(Jy cm2 sr-1 H-1)
1.270E+00  1.685E-26  5.676E-19 COBE-DIRBE
2.220E+00  1.995E-26  1.175E-18 COBE-DIRBE
3.530E+00  1.223E-25  1.145E-17 COBE-DIRBE
4.880E+00  5.342E-26  6.915E-18 COBE-DIRBE
1.229E+01  1.090E-24  3.553E-16 COBE-DIRBE
2.079E+01  1.834E-24  1.011E-15 COBE-DIRBE
5.599E+01  2.573E-23  3.821E-14 COBE-DIRBE
9.770E+01  3.016E-23  7.815E-14 COBE-DIRBE
1.479E+02  1.713E-23  6.721E-14 COBE-DIRBE
2.479E+02  4.126E-24  2.713E-14 COBE-DIRBE
1.200E+01  1.017E-24  3.239E-16 IRAS
2.500E+01  2.128E-24  1.411E-15 IRAS
6.000E+01  2.713E-23  4.318E-14 IRAS
1.000E+02  2.963E-23  7.860E-14 IRAS
3.550E+00  1.422E-25  1.339E-17 SST-IRAC
4.493E+00  3.871E-26  4.614E-18 SST-IRAC
5.731E+00  3.309E-25  5.030E-17 SST-IRAC
7.872E+00  1.027E-24  2.144E-16 SST-IRAC
2.368E+01  1.932E-24  1.213E-15 SST-MIPS
7.142E+01  2.974E-23  5.634E-14 SST-MIPS
1.559E+02  1.424E-23  5.891E-14 SST-MIPS
1.600E+01  1.406E-24  5.965E-16 SST-IRSPU
2.200E+01  1.931E-24  1.127E-15 SST-IRSPU
7.500E+01  2.567E-23  5.107E-14 Herschel-PACS
1.100E+02  2.148E-23  6.268E-14 Herschel-PACS
1.700E+02  1.080E-23  4.871E-14 Herschel-PACS
2.500E+02  3.430E-24  2.275E-14 Herschel-SPIRE
3.600E+02  8.509E-25  8.125E-15 Herschel-SPIRE
5.200E+02  1.920E-25  2.648E-15 Herschel-SPIRE
2.400E+00  2.194E-26  1.397E-18 Akari IRC NIR N2
3.200E+00  9.425E-26  8.000E-18 Akari IRC NIR N3
4.100E+00  4.214E-26  4.583E-18 Akari IRC NIR N4
7.000E+00  1.108E-24  2.057E-16 Akari IRC MIR-S S7
9.000E+00  9.077E-25  2.167E-16 Akari IRC MIR-S S9W
1.100E+01  9.112E-25  2.659E-16 Akari IRC MIR-S S11
1.500E+01  1.482E-24  5.898E-16 Akari IRC MIR-L L15
1.800E+01  1.678E-24  8.013E-16 Akari IRC MIR-L L18W
2.400E+01  1.907E-24  1.214E-15 Akari IRC MIR-L L24
6.500E+01  3.113E-23  5.367E-14 Akari FIS N60
8.000E+01  3.136E-23  6.655E-14 Akari FIS WIDE-S
1.400E+02  1.710E-23  6.349E-14 Akari FIS WIDE-L
1.600E+02  1.338E-23  5.680E-14 Akari FIS N160
 
 
 
 


lambda    nu*dP/dnu     j_nu
 (um)   (erg s-1 H-1)(Jy cm2 sr-1 H-1)
1.000E+04  7.963E-31  2.112E-19
9.908E+03  8.255E-31  2.170E-19
9.817E+03  8.559E-31  2.229E-19
9.727E+03  8.873E-31  2.290E-19
9.638E+03  9.199E-31  2.352E-19
9.550E+03  9.537E-31  2.416E-19
9.462E+03  9.888E-31  2.482E-19
9.376E+03  1.025E-30  2.549E-19
9.290E+03  1.063E-30  2.619E-19
9.204E+03  1.102E-30  2.690E-19
9.120E+03  1.142E-30  2.764E-19
9.036E+03  1.184E-30  2.839E-19
8.954E+03  1.228E-30  2.916E-19
8.872E+03  1.273E-30  2.995E-19
8.790E+03  1.319E-30  3.076E-19
8.710E+03  1.368E-30  3.160E-19
8.630E+03  1.418E-30  3.245E-19
8.551E+03  1.470E-30  3.334E-19
8.472E+03  1.524E-30  3.424E-19
8.395E+03  1.580E-30  3.517E-19
8.318E+03  1.638E-30  3.613E-19
8.241E+03  1.698E-30  3.712E-19
8.166E+03  1.760E-30  3.813E-19
8.091E+03  1.825E-30  3.917E-19
8.017E+03  1.892E-30  4.024E-19
7.943E+03  1.962E-30  4.134E-19
7.870E+03  2.034E-30  4.247E-19
7.798E+03  2.110E-30  4.364E-19
7.727E+03  2.187E-30  4.483E-19
7.656E+03  2.268E-30  4.606E-19
7.586E+03  2.352E-30  4.733E-19
7.516E+03  2.439E-30  4.863E-19
7.447E+03  2.529E-30  4.997E-19
7.379E+03  2.623E-30  5.134E-19
7.311E+03  2.720E-30  5.276E-19
7.244E+03  2.821E-30  5.421E-19
7.178E+03  2.926E-30  5.571E-19
7.112E+03  3.034E-30  5.724E-19
7.047E+03  3.147E-30  5.882E-19
6.982E+03  3.264E-30  6.045E-19
6.918E+03  3.385E-30  6.212E-19
6.855E+03  3.511E-30  6.384E-19
6.792E+03  3.641E-30  6.560E-19
6.730E+03  3.777E-30  6.742E-19
6.668E+03  3.917E-30  6.928E-19
6.607E+03  4.063E-30  7.120E-19
6.546E+03  4.214E-30  7.318E-19
6.486E+03  4.371E-30  7.521E-19
6.427E+03  4.535E-30  7.730E-19
6.368E+03  4.704E-30  7.945E-19
6.310E+03  4.880E-30  8.167E-19
6.252E+03  5.062E-30  8.394E-19
6.194E+03  5.251E-30  8.628E-19
6.138E+03  5.448E-30  8.869E-19
6.081E+03  5.652E-30  9.117E-19
6.026E+03  5.864E-30  9.372E-19
5.970E+03  6.083E-30  9.634E-19
5.916E+03  6.312E-30  9.904E-19
5.861E+03  6.549E-30  1.018E-18
5.808E+03  6.795E-30  1.047E-18
5.754E+03  7.050E-30  1.076E-18
5.702E+03  7.315E-30  1.106E-18
5.649E+03  7.591E-30  1.137E-18
5.598E+03  7.877E-30  1.170E-18
5.546E+03  8.173E-30  1.202E-18
5.495E+03  8.481E-30  1.236E-18
5.445E+03  8.801E-30  1.271E-18
5.395E+03  9.134E-30  1.307E-18
5.346E+03  9.479E-30  1.344E-18
5.297E+03  9.837E-30  1.382E-18
5.248E+03  1.021E-29  1.421E-18
5.200E+03  1.060E-29  1.461E-18
5.152E+03  1.100E-29  1.503E-18
5.105E+03  1.141E-29  1.545E-18
5.058E+03  1.185E-29  1.589E-18
5.012E+03  1.229E-29  1.634E-18
4.966E+03  1.276E-29  1.681E-18
4.920E+03  1.324E-29  1.729E-18
4.875E+03  1.375E-29  1.778E-18
4.831E+03  1.427E-29  1.828E-18
4.786E+03  1.481E-29  1.880E-18
4.742E+03  1.538E-29  1.934E-18
4.699E+03  1.596E-29  1.989E-18
4.656E+03  1.657E-29  2.046E-18
4.613E+03  1.720E-29  2.105E-18
4.571E+03  1.786E-29  2.165E-18
4.529E+03  1.854E-29  2.227E-18
4.487E+03  1.924E-29  2.291E-18
4.446E+03  1.998E-29  2.356E-18
4.406E+03  2.074E-29  2.424E-18
4.365E+03  2.154E-29  2.494E-18
4.325E+03  2.236E-29  2.566E-18
4.285E+03  2.322E-29  2.639E-18
4.246E+03  2.411E-29  2.715E-18
4.207E+03  2.503E-29  2.794E-18
4.169E+03  2.599E-29  2.874E-18
4.130E+03  2.699E-29  2.957E-18
4.093E+03  2.803E-29  3.043E-18
4.055E+03  2.911E-29  3.131E-18
4.018E+03  3.023E-29  3.222E-18
3.981E+03  3.139E-29  3.315E-18
3.945E+03  3.260E-29  3.411E-18
3.908E+03  3.385E-29  3.510E-18
3.873E+03  3.516E-29  3.611E-18
3.837E+03  3.651E-29  3.716E-18
3.802E+03  3.792E-29  3.824E-18
3.767E+03  3.938E-29  3.935E-18
3.733E+03  4.090E-29  4.050E-18
3.698E+03  4.249E-29  4.168E-18
3.664E+03  4.413E-29  4.289E-18
3.631E+03  4.584E-29  4.415E-18
3.597E+03  4.761E-29  4.544E-18
3.565E+03  4.946E-29  4.676E-18
3.532E+03  5.138E-29  4.813E-18
3.499E+03  5.337E-29  4.954E-18
3.467E+03  5.545E-29  5.100E-18
3.436E+03  5.760E-29  5.249E-18
3.404E+03  5.984E-29  5.404E-18
3.373E+03  6.217E-29  5.563E-18
3.342E+03  6.460E-29  5.726E-18
3.311E+03  6.711E-29  5.895E-18
3.281E+03  6.973E-29  6.069E-18
3.251E+03  7.246E-29  6.248E-18
3.221E+03  7.529E-29  6.433E-18
3.192E+03  7.823E-29  6.623E-18
3.162E+03  8.129E-29  6.819E-18
3.133E+03  8.447E-29  7.021E-18
3.105E+03  8.778E-29  7.229E-18
3.076E+03  9.122E-29  7.443E-18
3.048E+03  9.480E-29  7.664E-18
3.020E+03  9.852E-29  7.892E-18
2.992E+03  1.024E-28  8.126E-18
2.965E+03  1.064E-28  8.367E-18
2.938E+03  1.106E-28  8.615E-18
2.911E+03  1.149E-28  8.871E-18
2.884E+03  1.194E-28  9.135E-18
2.858E+03  1.241E-28  9.407E-18
2.831E+03  1.290E-28  9.687E-18
2.805E+03  1.341E-28  9.976E-18
2.780E+03  1.393E-28  1.027E-17
2.754E+03  1.448E-28  1.058E-17
2.729E+03  1.505E-28  1.090E-17
2.704E+03  1.565E-28  1.122E-17
2.679E+03  1.626E-28  1.156E-17
2.655E+03  1.691E-28  1.190E-17
2.630E+03  1.758E-28  1.226E-17
2.606E+03  1.827E-28  1.263E-17
2.582E+03  1.899E-28  1.301E-17
2.559E+03  1.975E-28  1.340E-17
2.535E+03  2.053E-28  1.380E-17
2.512E+03  2.134E-28  1.422E-17
2.489E+03  2.219E-28  1.465E-17
2.466E+03  2.307E-28  1.509E-17
2.443E+03  2.399E-28  1.555E-17
2.421E+03  2.494E-28  1.602E-17
2.399E+03  2.593E-28  1.650E-17
2.377E+03  2.696E-28  1.700E-17
2.355E+03  2.804E-28  1.752E-17
2.333E+03  2.915E-28  1.805E-17
2.312E+03  3.032E-28  1.859E-17
2.291E+03  3.153E-28  1.916E-17
2.270E+03  3.278E-28  1.974E-17
2.249E+03  3.409E-28  2.034E-17
2.228E+03  3.546E-28  2.096E-17
2.208E+03  3.687E-28  2.160E-17
2.188E+03  3.835E-28  2.225E-17
2.168E+03  3.988E-28  2.293E-17
2.148E+03  4.148E-28  2.363E-17
2.128E+03  4.314E-28  2.435E-17
2.109E+03  4.487E-28  2.510E-17
2.089E+03  4.667E-28  2.586E-17
2.070E+03  4.854E-28  2.665E-17
2.051E+03  5.049E-28  2.747E-17
2.032E+03  5.251E-28  2.831E-17
2.014E+03  5.462E-28  2.918E-17
1.995E+03  5.681E-28  3.007E-17
1.977E+03  5.910E-28  3.099E-17
1.959E+03  6.147E-28  3.194E-17
1.941E+03  6.394E-28  3.292E-17
1.923E+03  6.651E-28  3.393E-17
1.905E+03  6.919E-28  3.497E-17
1.888E+03  7.197E-28  3.604E-17
1.871E+03  7.487E-28  3.715E-17
1.854E+03  7.789E-28  3.829E-17
1.837E+03  8.103E-28  3.947E-17
1.820E+03  8.429E-28  4.069E-17
1.803E+03  8.769E-28  4.194E-17
1.786E+03  9.123E-28  4.323E-17
1.770E+03  9.491E-28  4.457E-17
1.754E+03  9.875E-28  4.594E-17
1.738E+03  1.027E-27  4.736E-17
1.722E+03  1.069E-27  4.882E-17
1.706E+03  1.112E-27  5.033E-17
1.690E+03  1.157E-27  5.188E-17
1.675E+03  1.204E-27  5.348E-17
1.660E+03  1.252E-27  5.514E-17
1.644E+03  1.303E-27  5.684E-17
1.629E+03  1.356E-27  5.860E-17
1.614E+03  1.411E-27  6.041E-17
1.600E+03  1.468E-27  6.228E-17
1.585E+03  1.527E-27  6.421E-17
1.570E+03  1.589E-27  6.620E-17
1.556E+03  1.653E-27  6.825E-17
1.542E+03  1.720E-27  7.036E-17
1.528E+03  1.790E-27  7.254E-17
1.514E+03  1.863E-27  7.479E-17
1.500E+03  1.938E-27  7.710E-17
1.486E+03  2.017E-27  7.949E-17
1.472E+03  2.099E-27  8.196E-17
1.459E+03  2.184E-27  8.451E-17
1.445E+03  2.272E-27  8.713E-17
1.432E+03  2.365E-27  8.983E-17
1.419E+03  2.461E-27  9.262E-17
1.406E+03  2.561E-27  9.550E-17
1.393E+03  2.665E-27  9.847E-17
1.380E+03  2.773E-27  1.015E-16
1.368E+03  2.885E-27  1.047E-16
1.355E+03  3.003E-27  1.079E-16
1.343E+03  3.125E-27  1.113E-16
1.330E+03  3.252E-27  1.148E-16
1.318E+03  3.384E-27  1.183E-16
1.306E+03  3.521E-27  1.220E-16
1.294E+03  3.664E-27  1.258E-16
1.282E+03  3.813E-27  1.297E-16
1.271E+03  3.968E-27  1.337E-16
1.259E+03  4.129E-27  1.379E-16
1.247E+03  4.297E-27  1.422E-16
1.236E+03  4.471E-27  1.466E-16
1.225E+03  4.653E-27  1.511E-16
1.213E+03  4.842E-27  1.558E-16
1.202E+03  5.038E-27  1.607E-16
1.191E+03  5.243E-27  1.657E-16
1.180E+03  5.456E-27  1.708E-16
1.169E+03  5.677E-27  1.761E-16
1.159E+03  5.907E-27  1.816E-16
1.148E+03  6.147E-27  1.872E-16
1.138E+03  6.396E-27  1.930E-16
1.127E+03  6.656E-27  1.990E-16
1.117E+03  6.926E-27  2.052E-16
1.107E+03  7.207E-27  2.115E-16
1.096E+03  7.499E-27  2.181E-16
1.086E+03  7.802E-27  2.249E-16
1.076E+03  8.119E-27  2.318E-16
1.067E+03  8.447E-27  2.390E-16
1.057E+03  8.789E-27  2.464E-16
1.047E+03  9.145E-27  2.540E-16
1.038E+03  9.515E-27  2.619E-16
1.028E+03  9.900E-27  2.700E-16
1.019E+03  1.030E-26  2.783E-16
1.009E+03  1.072E-26  2.869E-16
1.000E+03  1.115E-26  2.957E-16
9.908E+02  1.160E-26  3.049E-16
9.817E+02  1.207E-26  3.143E-16
9.727E+02  1.256E-26  3.240E-16
9.638E+02  1.306E-26  3.340E-16
9.550E+02  1.359E-26  3.443E-16
9.462E+02  1.414E-26  3.549E-16
9.376E+02  1.471E-26  3.658E-16
9.290E+02  1.530E-26  3.771E-16
9.204E+02  1.592E-26  3.887E-16
9.120E+02  1.656E-26  4.007E-16
9.036E+02  1.723E-26  4.130E-16
8.954E+02  1.792E-26  4.256E-16
8.872E+02  1.864E-26  4.387E-16
8.790E+02  1.939E-26  4.521E-16
8.710E+02  2.017E-26  4.660E-16
8.630E+02  2.098E-26  4.802E-16
8.551E+02  2.182E-26  4.949E-16
8.472E+02  2.269E-26  5.100E-16
8.395E+02  2.360E-26  5.255E-16
8.318E+02  2.454E-26  5.415E-16
8.241E+02  2.553E-26  5.580E-16
8.166E+02  2.655E-26  5.750E-16
8.091E+02  2.760E-26  5.924E-16
8.017E+02  2.870E-26  6.104E-16
7.943E+02  2.985E-26  6.289E-16
7.870E+02  3.104E-26  6.480E-16
7.798E+02  3.227E-26  6.676E-16
7.727E+02  3.356E-26  6.877E-16
7.656E+02  3.489E-26  7.085E-16
7.586E+02  3.627E-26  7.299E-16
7.516E+02  3.771E-26  7.519E-16
7.447E+02  3.921E-26  7.746E-16
7.379E+02  4.077E-26  7.980E-16
7.311E+02  4.239E-26  8.221E-16
7.244E+02  4.407E-26  8.469E-16
7.178E+02  4.582E-26  8.724E-16
7.112E+02  4.764E-26  8.987E-16
7.047E+02  4.953E-26  9.258E-16
6.982E+02  5.149E-26  9.537E-16
6.918E+02  5.354E-26  9.825E-16
6.855E+02  5.566E-26  1.012E-15
6.792E+02  5.786E-26  1.042E-15
6.730E+02  6.015E-26  1.074E-15
6.668E+02  6.252E-26  1.106E-15
6.607E+02  6.499E-26  1.139E-15
6.546E+02  6.756E-26  1.173E-15
6.486E+02  7.024E-26  1.209E-15
6.427E+02  7.303E-26  1.245E-15
6.368E+02  7.592E-26  1.282E-15
6.310E+02  7.892E-26  1.321E-15
6.252E+02  8.205E-26  1.361E-15
6.194E+02  8.530E-26  1.402E-15
6.138E+02  8.867E-26  1.444E-15
6.081E+02  9.218E-26  1.487E-15
6.026E+02  9.583E-26  1.532E-15
5.970E+02  9.962E-26  1.578E-15
5.916E+02  1.036E-25  1.625E-15
5.861E+02  1.077E-25  1.674E-15
5.808E+02  1.119E-25  1.724E-15
5.754E+02  1.163E-25  1.776E-15
5.702E+02  1.209E-25  1.829E-15
5.649E+02  1.257E-25  1.884E-15
5.598E+02  1.307E-25  1.940E-15
5.546E+02  1.358E-25  1.998E-15
5.495E+02  1.412E-25  2.058E-15
5.445E+02  1.468E-25  2.120E-15
5.395E+02  1.525E-25  2.183E-15
5.346E+02  1.586E-25  2.248E-15
5.297E+02  1.648E-25  2.315E-15
5.248E+02  1.713E-25  2.385E-15
5.200E+02  1.780E-25  2.456E-15
5.152E+02  1.850E-25  2.529E-15
5.105E+02  1.923E-25  2.604E-15
5.058E+02  1.999E-25  2.682E-15
5.012E+02  2.077E-25  2.762E-15
4.966E+02  2.159E-25  2.844E-15
4.920E+02  2.244E-25  2.929E-15
4.875E+02  2.332E-25  3.016E-15
4.831E+02  2.423E-25  3.105E-15
4.786E+02  2.518E-25  3.197E-15
4.742E+02  2.617E-25  3.292E-15
4.699E+02  2.719E-25  3.389E-15
4.656E+02  2.826E-25  3.490E-15
4.613E+02  2.936E-25  3.593E-15
4.571E+02  3.051E-25  3.699E-15
4.529E+02  3.170E-25  3.808E-15
4.487E+02  3.294E-25  3.920E-15
4.446E+02  3.422E-25  4.036E-15
4.406E+02  3.555E-25  4.154E-15
4.365E+02  3.693E-25  4.276E-15
4.325E+02  3.837E-25  4.402E-15
4.285E+02  3.986E-25  4.531E-15
4.246E+02  4.140E-25  4.664E-15
4.207E+02  4.301E-25  4.800E-15
4.169E+02  4.468E-25  4.940E-15
4.130E+02  4.640E-25  5.084E-15
4.093E+02  4.820E-25  5.233E-15
4.055E+02  5.006E-25  5.385E-15
4.018E+02  5.199E-25  5.541E-15
3.981E+02  5.400E-25  5.702E-15
3.945E+02  5.608E-25  5.868E-15
3.908E+02  5.824E-25  6.038E-15
3.873E+02  6.048E-25  6.213E-15
3.837E+02  6.281E-25  6.392E-15
3.802E+02  6.522E-25  6.577E-15
3.767E+02  6.772E-25  6.766E-15
3.733E+02  7.031E-25  6.961E-15
3.698E+02  7.300E-25  7.161E-15
3.664E+02  7.579E-25  7.366E-15
3.631E+02  7.868E-25  7.577E-15
3.597E+02  8.167E-25  7.794E-15
3.565E+02  8.478E-25  8.016E-15
3.532E+02  8.800E-25  8.244E-15
3.499E+02  9.134E-25  8.478E-15
3.467E+02  9.480E-25  8.719E-15
3.436E+02  9.838E-25  8.966E-15
3.404E+02  1.021E-24  9.219E-15
3.373E+02  1.059E-24  9.479E-15
3.342E+02  1.099E-24  9.745E-15
3.311E+02  1.141E-24  1.002E-14
3.281E+02  1.183E-24  1.030E-14
3.251E+02  1.228E-24  1.059E-14
3.221E+02  1.274E-24  1.088E-14
3.192E+02  1.321E-24  1.118E-14
3.162E+02  1.370E-24  1.149E-14
3.133E+02  1.421E-24  1.181E-14
3.105E+02  1.474E-24  1.214E-14
3.076E+02  1.528E-24  1.247E-14
3.048E+02  1.585E-24  1.281E-14
3.020E+02  1.643E-24  1.316E-14
2.992E+02  1.704E-24  1.352E-14
2.965E+02  1.766E-24  1.389E-14
2.938E+02  1.831E-24  1.427E-14
2.911E+02  1.898E-24  1.465E-14
2.884E+02  1.967E-24  1.505E-14
2.858E+02  2.038E-24  1.545E-14
2.831E+02  2.112E-24  1.586E-14
2.805E+02  2.189E-24  1.629E-14
2.780E+02  2.268E-24  1.672E-14
2.754E+02  2.349E-24  1.716E-14
2.729E+02  2.434E-24  1.762E-14
2.704E+02  2.521E-24  1.808E-14
2.679E+02  2.612E-24  1.856E-14
2.655E+02  2.705E-24  1.905E-14
2.630E+02  2.801E-24  1.955E-14
2.606E+02  2.901E-24  2.005E-14
2.582E+02  3.004E-24  2.058E-14
2.559E+02  3.110E-24  2.110E-14
2.535E+02  3.218E-24  2.164E-14
2.512E+02  3.330E-24  2.219E-14
2.489E+02  3.444E-24  2.273E-14
2.466E+02  3.559E-24  2.328E-14
2.443E+02  3.677E-24  2.383E-14
2.421E+02  3.798E-24  2.439E-14
2.399E+02  3.922E-24  2.495E-14
2.377E+02  4.047E-24  2.551E-14
2.355E+02  4.176E-24  2.609E-14
2.333E+02  4.308E-24  2.667E-14
2.312E+02  4.444E-24  2.725E-14
2.291E+02  4.583E-24  2.785E-14
2.270E+02  4.726E-24  2.846E-14
2.249E+02  4.873E-24  2.907E-14
2.228E+02  5.024E-24  2.970E-14
2.208E+02  5.178E-24  3.033E-14
2.188E+02  5.337E-24  3.097E-14
2.168E+02  5.500E-24  3.162E-14
2.148E+02  5.666E-24  3.228E-14
2.128E+02  5.837E-24  3.295E-14
2.109E+02  6.012E-24  3.363E-14
2.089E+02  6.191E-24  3.431E-14
2.070E+02  6.375E-24  3.500E-14
2.051E+02  6.562E-24  3.570E-14
2.032E+02  6.755E-24  3.641E-14
2.014E+02  6.951E-24  3.713E-14
1.995E+02  7.152E-24  3.786E-14
1.977E+02  7.358E-24  3.859E-14
1.959E+02  7.569E-24  3.933E-14
1.941E+02  7.784E-24  4.007E-14
1.923E+02  8.004E-24  4.083E-14
1.905E+02  8.229E-24  4.159E-14
1.888E+02  8.459E-24  4.236E-14
1.871E+02  8.693E-24  4.314E-14
1.854E+02  8.933E-24  4.392E-14
1.837E+02  9.178E-24  4.471E-14
1.820E+02  9.429E-24  4.551E-14
1.803E+02  9.684E-24  4.632E-14
1.786E+02  9.945E-24  4.713E-14
1.770E+02  1.021E-23  4.795E-14
1.754E+02  1.048E-23  4.877E-14
1.738E+02  1.076E-23  4.961E-14
1.722E+02  1.104E-23  5.044E-14
1.706E+02  1.133E-23  5.129E-14
1.690E+02  1.163E-23  5.215E-14
1.675E+02  1.193E-23  5.301E-14
1.660E+02  1.224E-23  5.388E-14
1.644E+02  1.255E-23  5.476E-14
1.629E+02  1.288E-23  5.565E-14
1.614E+02  1.320E-23  5.654E-14
1.600E+02  1.354E-23  5.745E-14
1.585E+02  1.388E-23  5.836E-14
1.570E+02  1.423E-23  5.929E-14
1.556E+02  1.459E-23  6.023E-14
1.542E+02  1.496E-23  6.118E-14
1.528E+02  1.534E-23  6.214E-14
1.514E+02  1.572E-23  6.312E-14
1.500E+02  1.611E-23  6.410E-14
1.486E+02  1.652E-23  6.510E-14
1.472E+02  1.692E-23  6.609E-14
1.459E+02  1.734E-23  6.708E-14
1.445E+02  1.775E-23  6.806E-14
1.432E+02  1.816E-23  6.900E-14
1.419E+02  1.856E-23  6.988E-14
1.406E+02  1.895E-23  7.068E-14
1.393E+02  1.932E-23  7.139E-14
1.380E+02  1.966E-23  7.200E-14
1.368E+02  1.998E-23  7.250E-14
1.355E+02  2.028E-23  7.291E-14
1.343E+02  2.057E-23  7.326E-14
1.330E+02  2.085E-23  7.357E-14
1.318E+02  2.112E-23  7.385E-14
1.306E+02  2.139E-23  7.413E-14
1.294E+02  2.167E-23  7.440E-14
1.282E+02  2.195E-23  7.467E-14
1.271E+02  2.223E-23  7.494E-14
1.259E+02  2.252E-23  7.521E-14
1.247E+02  2.282E-23  7.549E-14
1.236E+02  2.311E-23  7.578E-14
1.225E+02  2.342E-23  7.606E-14
1.213E+02  2.372E-23  7.635E-14
1.202E+02  2.403E-23  7.663E-14
1.191E+02  2.434E-23  7.691E-14
1.180E+02  2.465E-23  7.719E-14
1.169E+02  2.497E-23  7.745E-14
1.159E+02  2.528E-23  7.770E-14
1.148E+02  2.559E-23  7.794E-14
1.138E+02  2.591E-23  7.817E-14
1.127E+02  2.622E-23  7.840E-14
1.117E+02  2.653E-23  7.861E-14
1.107E+02  2.685E-23  7.881E-14
1.096E+02  2.716E-23  7.899E-14
1.086E+02  2.747E-23  7.916E-14
1.076E+02  2.778E-23  7.932E-14
1.067E+02  2.808E-23  7.945E-14
1.057E+02  2.839E-23  7.957E-14
1.047E+02  2.868E-23  7.967E-14
1.038E+02  2.898E-23  7.975E-14
1.028E+02  2.927E-23  7.981E-14
1.019E+02  2.955E-23  7.985E-14
1.009E+02  2.983E-23  7.986E-14
1.000E+02  3.010E-23  7.985E-14
9.908E+01  3.037E-23  7.982E-14
9.817E+01  3.063E-23  7.976E-14
9.727E+01  3.088E-23  7.968E-14
9.638E+01  3.112E-23  7.957E-14
9.550E+01  3.136E-23  7.944E-14
9.462E+01  3.158E-23  7.928E-14
9.376E+01  3.180E-23  7.909E-14
9.290E+01  3.201E-23  7.888E-14
9.204E+01  3.221E-23  7.865E-14
9.120E+01  3.240E-23  7.838E-14
9.036E+01  3.258E-23  7.810E-14
8.954E+01  3.275E-23  7.779E-14
8.872E+01  3.291E-23  7.746E-14
8.790E+01  3.307E-23  7.710E-14
8.710E+01  3.321E-23  7.672E-14
8.630E+01  3.334E-23  7.632E-14
8.551E+01  3.346E-23  7.590E-14
8.472E+01  3.357E-23  7.545E-14
8.395E+01  3.367E-23  7.498E-14
8.318E+01  3.376E-23  7.449E-14
8.241E+01  3.384E-23  7.397E-14
8.166E+01  3.391E-23  7.344E-14
8.091E+01  3.396E-23  7.289E-14
8.017E+01  3.400E-23  7.231E-14
7.943E+01  3.403E-23  7.171E-14
7.870E+01  3.405E-23  7.109E-14
7.798E+01  3.406E-23  7.045E-14
7.727E+01  3.405E-23  6.979E-14
7.656E+01  3.403E-23  6.911E-14
7.586E+01  3.400E-23  6.842E-14
7.516E+01  3.396E-23  6.770E-14
7.447E+01  3.390E-23  6.697E-14
7.379E+01  3.383E-23  6.622E-14
7.311E+01  3.375E-23  6.546E-14
7.244E+01  3.366E-23  6.468E-14
7.178E+01  3.355E-23  6.388E-14
7.112E+01  3.343E-23  6.307E-14
7.047E+01  3.330E-23  6.225E-14
6.982E+01  3.317E-23  6.143E-14
6.918E+01  3.301E-23  6.059E-14
6.855E+01  3.285E-23  5.973E-14
6.792E+01  3.268E-23  5.887E-14
6.730E+01  3.249E-23  5.800E-14
6.668E+01  3.229E-23  5.712E-14
6.607E+01  3.209E-23  5.623E-14
6.546E+01  3.187E-23  5.534E-14
6.486E+01  3.164E-23  5.444E-14
6.427E+01  3.141E-23  5.354E-14
6.368E+01  3.116E-23  5.263E-14
6.310E+01  3.090E-23  5.172E-14
6.252E+01  3.064E-23  5.081E-14
6.194E+01  3.037E-23  4.990E-14
6.138E+01  3.009E-23  4.899E-14
6.081E+01  2.980E-23  4.807E-14
6.026E+01  2.950E-23  4.716E-14
5.970E+01  2.920E-23  4.624E-14
5.916E+01  2.889E-23  4.533E-14
5.861E+01  2.857E-23  4.442E-14
5.808E+01  2.824E-23  4.351E-14
5.754E+01  2.791E-23  4.261E-14
5.702E+01  2.758E-23  4.171E-14
5.649E+01  2.723E-23  4.081E-14
5.598E+01  2.689E-23  3.992E-14
5.546E+01  2.654E-23  3.904E-14
5.495E+01  2.618E-23  3.816E-14
5.445E+01  2.582E-23  3.729E-14
5.395E+01  2.546E-23  3.643E-14
5.346E+01  2.509E-23  3.558E-14
5.297E+01  2.472E-23  3.473E-14
5.248E+01  2.435E-23  3.390E-14
5.200E+01  2.397E-23  3.307E-14
5.152E+01  2.360E-23  3.225E-14
5.105E+01  2.322E-23  3.144E-14
5.058E+01  2.284E-23  3.064E-14
5.012E+01  2.245E-23  2.985E-14
4.966E+01  2.207E-23  2.907E-14
4.920E+01  2.168E-23  2.830E-14
4.875E+01  2.130E-23  2.754E-14
4.831E+01  2.091E-23  2.680E-14
4.786E+01  2.053E-23  2.606E-14
4.742E+01  2.014E-23  2.534E-14
4.699E+01  1.976E-23  2.462E-14
4.656E+01  1.937E-23  2.392E-14
4.613E+01  1.899E-23  2.323E-14
4.571E+01  1.860E-23  2.255E-14
4.529E+01  1.822E-23  2.188E-14
4.487E+01  1.783E-23  2.123E-14
4.446E+01  1.745E-23  2.058E-14
4.406E+01  1.707E-23  1.995E-14
4.365E+01  1.669E-23  1.932E-14
4.325E+01  1.631E-23  1.871E-14
4.285E+01  1.593E-23  1.811E-14
4.246E+01  1.555E-23  1.752E-14
4.207E+01  1.518E-23  1.694E-14
4.169E+01  1.480E-23  1.637E-14
4.130E+01  1.443E-23  1.581E-14
4.093E+01  1.405E-23  1.526E-14
4.055E+01  1.368E-23  1.471E-14
4.018E+01  1.331E-23  1.418E-14
3.981E+01  1.294E-23  1.366E-14
3.945E+01  1.257E-23  1.315E-14
3.908E+01  1.220E-23  1.265E-14
3.873E+01  1.184E-23  1.216E-14
3.837E+01  1.148E-23  1.168E-14
3.802E+01  1.111E-23  1.121E-14
3.767E+01  1.076E-23  1.075E-14
3.733E+01  1.040E-23  1.030E-14
3.698E+01  1.005E-23  9.855E-15
3.664E+01  9.696E-24  9.424E-15
3.631E+01  9.349E-24  9.004E-15
3.597E+01  9.007E-24  8.595E-15
3.565E+01  8.669E-24  8.197E-15
3.532E+01  8.337E-24  7.810E-15
3.499E+01  8.010E-24  7.435E-15
3.467E+01  7.689E-24  7.072E-15
3.436E+01  7.375E-24  6.721E-15
3.404E+01  7.069E-24  6.383E-15
3.373E+01  6.770E-24  6.057E-15
3.342E+01  6.480E-24  5.744E-15
3.311E+01  6.199E-24  5.445E-15
3.281E+01  5.928E-24  5.159E-15
3.251E+01  5.666E-24  4.886E-15
3.221E+01  5.415E-24  4.626E-15
3.192E+01  5.174E-24  4.380E-15
3.162E+01  4.944E-24  4.147E-15
3.133E+01  4.726E-24  3.928E-15
3.105E+01  4.518E-24  3.721E-15
3.076E+01  4.322E-24  3.526E-15
3.048E+01  4.136E-24  3.344E-15
3.020E+01  3.962E-24  3.174E-15
2.992E+01  3.798E-24  3.015E-15
2.965E+01  3.644E-24  2.866E-15
2.938E+01  3.501E-24  2.728E-15
2.911E+01  3.366E-24  2.599E-15
2.884E+01  3.242E-24  2.480E-15
2.858E+01  3.125E-24  2.369E-15
2.831E+01  3.018E-24  2.266E-15
2.805E+01  2.917E-24  2.171E-15
2.780E+01  2.825E-24  2.083E-15
2.754E+01  2.739E-24  2.001E-15
2.729E+01  2.659E-24  1.925E-15
2.704E+01  2.585E-24  1.854E-15
2.679E+01  2.517E-24  1.788E-15
2.655E+01  2.453E-24  1.727E-15
2.630E+01  2.394E-24  1.670E-15
2.606E+01  2.340E-24  1.617E-15
2.582E+01  2.289E-24  1.568E-15
2.559E+01  2.242E-24  1.522E-15
2.535E+01  2.198E-24  1.478E-15
2.512E+01  2.157E-24  1.437E-15
2.489E+01  2.119E-24  1.399E-15
2.466E+01  2.083E-24  1.363E-15
2.443E+01  2.049E-24  1.328E-15
2.421E+01  2.018E-24  1.296E-15
2.399E+01  1.988E-24  1.265E-15
2.377E+01  1.960E-24  1.236E-15
2.355E+01  1.933E-24  1.208E-15
2.333E+01  1.908E-24  1.181E-15
2.312E+01  1.884E-24  1.156E-15
2.291E+01  1.862E-24  1.131E-15
2.270E+01  1.840E-24  1.108E-15
2.249E+01  1.820E-24  1.086E-15
2.228E+01  1.801E-24  1.064E-15
2.208E+01  1.782E-24  1.044E-15
2.188E+01  1.764E-24  1.024E-15
2.168E+01  1.747E-24  1.004E-15
2.148E+01  1.730E-24  9.855E-16
2.128E+01  1.714E-24  9.675E-16
2.109E+01  1.699E-24  9.501E-16
2.089E+01  1.684E-24  9.332E-16
2.070E+01  1.670E-24  9.169E-16
2.051E+01  1.656E-24  9.011E-16
2.032E+01  1.643E-24  8.859E-16
2.014E+01  1.632E-24  8.716E-16
1.995E+01  1.621E-24  8.580E-16
1.977E+01  1.612E-24  8.454E-16
1.959E+01  1.605E-24  8.342E-16
1.941E+01  1.604E-24  8.259E-16
1.923E+01  1.617E-24  8.249E-16
1.905E+01  1.672E-24  8.453E-16
1.888E+01  1.713E-24  8.581E-16
1.871E+01  1.622E-24  8.048E-16
1.854E+01  1.585E-24  7.795E-16
1.837E+01  1.580E-24  7.697E-16
1.820E+01  1.594E-24  7.695E-16
1.803E+01  1.642E-24  7.851E-16
1.786E+01  1.731E-24  8.204E-16
1.770E+01  1.731E-24  8.130E-16
1.754E+01  1.819E-24  8.460E-16
1.738E+01  2.044E-24  9.422E-16
1.722E+01  1.992E-24  9.100E-16
1.706E+01  1.981E-24  8.967E-16
1.690E+01  1.910E-24  8.564E-16
1.675E+01  1.806E-24  8.022E-16
1.660E+01  1.810E-24  7.967E-16
1.644E+01  2.060E-24  8.984E-16
1.629E+01  1.570E-24  6.784E-16
1.614E+01  1.362E-24  5.834E-16
1.600E+01  1.280E-24  5.430E-16
1.585E+01  1.222E-24  5.139E-16
1.570E+01  1.160E-24  4.834E-16
1.556E+01  1.116E-24  4.605E-16
1.542E+01  1.081E-24  4.419E-16
1.528E+01  1.051E-24  4.257E-16
1.514E+01  1.025E-24  4.113E-16
1.500E+01  1.002E-24  3.986E-16
1.486E+01  9.831E-25  3.875E-16
1.472E+01  9.693E-25  3.785E-16
1.459E+01  9.636E-25  3.729E-16
1.445E+01  9.747E-25  3.737E-16
1.432E+01  1.021E-24  3.879E-16
1.419E+01  1.075E-24  4.045E-16
1.406E+01  1.020E-24  3.806E-16
1.393E+01  9.884E-25  3.653E-16
1.380E+01  1.015E-24  3.718E-16
1.368E+01  1.095E-24  3.973E-16
1.355E+01  1.198E-24  4.307E-16
1.343E+01  1.212E-24  4.318E-16
1.330E+01  1.132E-24  3.997E-16
1.318E+01  1.087E-24  3.800E-16
1.306E+01  1.121E-24  3.885E-16
1.294E+01  1.252E-24  4.297E-16
1.282E+01  1.500E-24  5.101E-16
1.271E+01  1.811E-24  6.103E-16
1.259E+01  1.894E-24  6.323E-16
1.247E+01  1.641E-24  5.428E-16
1.236E+01  1.387E-24  4.547E-16
1.225E+01  1.290E-24  4.192E-16
1.213E+01  1.330E-24  4.280E-16
1.202E+01  1.394E-24  4.444E-16
1.191E+01  1.328E-24  4.197E-16
1.180E+01  1.195E-24  3.740E-16
1.169E+01  1.151E-24  3.570E-16
1.159E+01  1.281E-24  3.937E-16
1.148E+01  1.687E-24  5.136E-16
1.138E+01  2.363E-24  7.130E-16
1.127E+01  3.084E-24  9.222E-16
1.117E+01  2.165E-24  6.415E-16
1.107E+01  1.129E-24  3.313E-16
1.096E+01  7.845E-25  2.282E-16
1.086E+01  6.253E-25  1.802E-16
1.076E+01  5.406E-25  1.544E-16
1.067E+01  4.898E-25  1.386E-16
1.057E+01  4.463E-25  1.251E-16
1.047E+01  4.171E-25  1.158E-16
1.038E+01  3.969E-25  1.092E-16
1.028E+01  3.820E-25  1.042E-16
1.019E+01  3.707E-25  1.002E-16
1.009E+01  3.623E-25  9.699E-17
1.000E+01  3.563E-25  9.452E-17
9.908E+00  3.526E-25  9.267E-17
9.817E+00  3.510E-25  9.140E-17
9.727E+00  3.513E-25  9.066E-17
9.638E+00  3.538E-25  9.044E-17
9.550E+00  3.582E-25  9.073E-17
9.462E+00  3.647E-25  9.155E-17
9.376E+00  3.740E-25  9.301E-17
9.290E+00  3.868E-25  9.532E-17
9.204E+00  4.048E-25  9.883E-17
9.120E+00  4.305E-25  1.041E-16
9.036E+00  4.685E-25  1.123E-16
8.954E+00  5.270E-25  1.252E-16
8.872E+00  6.207E-25  1.461E-16
8.790E+00  7.753E-25  1.808E-16
8.710E+00  1.010E-24  2.335E-16
8.630E+00  1.225E-24  2.804E-16
8.551E+00  1.186E-24  2.689E-16
8.472E+00  1.023E-24  2.299E-16
8.395E+00  9.377E-25  2.088E-16
8.318E+00  9.264E-25  2.044E-16
8.241E+00  9.599E-25  2.098E-16
8.166E+00  1.053E-24  2.281E-16
8.091E+00  1.233E-24  2.647E-16
8.017E+00  1.521E-24  3.234E-16
7.943E+00  1.893E-24  3.988E-16
7.870E+00  2.209E-24  4.611E-16
7.798E+00  2.305E-24  4.767E-16
7.727E+00  2.295E-24  4.704E-16
7.656E+00  2.343E-24  4.759E-16
7.586E+00  2.259E-24  4.545E-16
7.516E+00  1.881E-24  3.751E-16
7.447E+00  1.467E-24  2.899E-16
7.379E+00  1.166E-24  2.282E-16
7.311E+00  9.577E-25  1.857E-16
7.244E+00  8.062E-25  1.549E-16
7.178E+00  6.910E-25  1.316E-16
7.112E+00  6.028E-25  1.137E-16
7.047E+00  5.374E-25  1.005E-16
6.982E+00  4.924E-25  9.119E-17
6.918E+00  4.663E-25  8.557E-17
6.855E+00  4.573E-25  8.314E-17
6.792E+00  4.600E-25  8.287E-17
6.730E+00  4.630E-25  8.265E-17
6.668E+00  4.532E-25  8.017E-17
6.607E+00  4.310E-25  7.553E-17
6.546E+00  4.126E-25  7.164E-17
6.486E+00  4.182E-25  7.195E-17
6.427E+00  4.701E-25  8.014E-17
6.368E+00  6.097E-25  1.030E-16
6.310E+00  9.236E-25  1.546E-16
6.252E+00  1.429E-24  2.370E-16
6.194E+00  1.439E-24  2.364E-16
6.138E+00  8.913E-25  1.451E-16
6.081E+00  5.279E-25  8.516E-17
6.026E+00  3.498E-25  5.590E-17
5.970E+00  2.595E-25  4.110E-17
5.916E+00  2.123E-25  3.331E-17
5.861E+00  1.911E-25  2.971E-17
5.808E+00  1.919E-25  2.956E-17
5.754E+00  2.145E-25  3.274E-17
5.702E+00  2.301E-25  3.479E-17
5.649E+00  1.932E-25  2.895E-17
5.598E+00  1.466E-25  2.176E-17
5.546E+00  1.179E-25  1.735E-17
5.495E+00  1.026E-25  1.496E-17
5.445E+00  9.590E-26  1.385E-17
5.395E+00  9.667E-26  1.383E-17
5.346E+00  1.068E-25  1.514E-17
5.297E+00  1.236E-25  1.737E-17
5.248E+00  1.205E-25  1.678E-17
5.200E+00  9.550E-26  1.317E-17
5.152E+00  7.608E-26  1.040E-17
5.105E+00  6.482E-26  8.777E-18
5.058E+00  5.803E-26  7.787E-18
5.012E+00  5.355E-26  7.119E-18
4.966E+00  5.032E-26  6.629E-18
4.920E+00  4.786E-26  6.246E-18
4.875E+00  4.588E-26  5.933E-18
4.831E+00  4.424E-26  5.668E-18
4.786E+00  4.284E-26  5.439E-18
4.742E+00  4.164E-26  5.238E-18
4.699E+00  4.058E-26  5.058E-18
4.656E+00  3.965E-26  4.896E-18
4.613E+00  3.881E-26  4.749E-18
4.571E+00  3.805E-26  4.614E-18
4.529E+00  3.737E-26  4.489E-18
4.487E+00  3.675E-26  4.374E-18
4.446E+00  3.619E-26  4.268E-18
4.406E+00  3.567E-26  4.169E-18
4.365E+00  3.520E-26  4.076E-18
4.325E+00  3.477E-26  3.989E-18
4.285E+00  3.438E-26  3.908E-18
4.246E+00  3.403E-26  3.833E-18
4.207E+00  3.371E-26  3.762E-18
4.169E+00  3.342E-26  3.695E-18
4.130E+00  3.316E-26  3.633E-18
4.093E+00  3.293E-26  3.575E-18
4.055E+00  3.273E-26  3.521E-18
4.018E+00  3.257E-26  3.471E-18
3.981E+00  3.244E-26  3.426E-18
3.945E+00  3.236E-26  3.385E-18
3.908E+00  3.231E-26  3.350E-18
3.873E+00  3.231E-26  3.319E-18
3.837E+00  3.238E-26  3.295E-18
3.802E+00  3.251E-26  3.279E-18
3.767E+00  3.273E-26  3.271E-18
3.733E+00  3.306E-26  3.273E-18
3.698E+00  3.353E-26  3.289E-18
3.664E+00  3.419E-26  3.323E-18
3.631E+00  3.510E-26  3.381E-18
3.597E+00  3.639E-26  3.472E-18
3.565E+00  3.822E-26  3.614E-18
3.532E+00  4.091E-26  3.833E-18
3.499E+00  4.500E-26  4.178E-18
3.467E+00  5.161E-26  4.747E-18
3.436E+00  6.318E-26  5.757E-18
3.404E+00  8.599E-26  7.765E-18
3.373E+00  1.405E-25  1.257E-17
3.342E+00  3.211E-25  2.847E-17
3.311E+00  1.218E-24  1.069E-16
3.281E+00  8.326E-25  7.246E-17
3.251E+00  2.379E-25  2.051E-17
3.221E+00  1.135E-25  9.699E-18
3.192E+00  7.236E-26  6.126E-18
3.162E+00  5.418E-26  4.545E-18
3.133E+00  4.463E-26  3.709E-18
3.105E+00  3.898E-26  3.210E-18
3.076E+00  3.537E-26  2.886E-18
3.048E+00  3.290E-26  2.660E-18
3.020E+00  3.112E-26  2.493E-18
2.992E+00  2.979E-26  2.365E-18
2.965E+00  2.877E-26  2.262E-18
2.938E+00  2.795E-26  2.178E-18
2.911E+00  2.728E-26  2.106E-18
2.884E+00  2.671E-26  2.044E-18
2.858E+00  2.623E-26  1.988E-18
2.831E+00  2.581E-26  1.939E-18
2.805E+00  2.544E-26  1.893E-18
2.780E+00  2.511E-26  1.851E-18
2.754E+00  2.481E-26  1.812E-18
2.729E+00  2.453E-26  1.775E-18
2.704E+00  2.427E-26  1.741E-18
2.679E+00  2.402E-26  1.707E-18
2.655E+00  2.379E-26  1.675E-18
2.630E+00  2.357E-26  1.644E-18
2.606E+00  2.335E-26  1.614E-18
2.582E+00  2.315E-26  1.586E-18
2.559E+00  2.295E-26  1.557E-18
2.535E+00  2.275E-26  1.530E-18
2.512E+00  2.256E-26  1.503E-18
2.489E+00  2.237E-26  1.477E-18
2.466E+00  2.218E-26  1.451E-18
2.443E+00  2.199E-26  1.425E-18
2.421E+00  2.180E-26  1.400E-18
2.399E+00  2.161E-26  1.375E-18
2.377E+00  2.143E-26  1.351E-18
2.355E+00  2.125E-26  1.327E-18
2.333E+00  2.106E-26  1.304E-18
2.312E+00  2.088E-26  1.281E-18
2.291E+00  2.070E-26  1.258E-18
2.270E+00  2.052E-26  1.235E-18
2.249E+00  2.033E-26  1.213E-18
2.228E+00  2.014E-26  1.191E-18
2.208E+00  1.995E-26  1.168E-18
2.188E+00  1.975E-26  1.146E-18
2.168E+00  1.955E-26  1.124E-18
2.148E+00  1.934E-26  1.102E-18
2.128E+00  1.912E-26  1.079E-18
2.109E+00  1.888E-26  1.056E-18
2.089E+00  1.863E-26  1.032E-18
2.070E+00  1.835E-26  1.008E-18
2.051E+00  1.805E-26  9.822E-19
2.032E+00  1.772E-26  9.550E-19
2.014E+00  1.734E-26  9.261E-19
1.995E+00  1.691E-26  8.950E-19
1.977E+00  1.643E-26  8.617E-19
1.959E+00  1.592E-26  8.272E-19
1.941E+00  1.542E-26  7.940E-19
1.923E+00  1.503E-26  7.668E-19
1.905E+00  1.485E-26  7.504E-19
1.888E+00  1.490E-26  7.463E-19
1.871E+00  1.513E-26  7.507E-19
1.854E+00  1.541E-26  7.577E-19
1.837E+00  1.566E-26  7.630E-19
1.820E+00  1.585E-26  7.650E-19
1.803E+00  1.597E-26  7.636E-19
1.786E+00  1.602E-26  7.593E-19
1.770E+00  1.604E-26  7.530E-19
1.754E+00  1.602E-26  7.451E-19
1.738E+00  1.597E-26  7.362E-19
1.722E+00  1.591E-26  7.265E-19
1.706E+00  1.583E-26  7.164E-19
1.690E+00  1.575E-26  7.061E-19
1.675E+00  1.566E-26  6.956E-19
1.660E+00  1.556E-26  6.851E-19
1.644E+00  1.547E-26  6.747E-19
1.629E+00  1.537E-26  6.644E-19
1.614E+00  1.528E-26  6.544E-19
1.600E+00  1.519E-26  6.446E-19
1.585E+00  1.511E-26  6.352E-19
1.570E+00  1.503E-26  6.261E-19
1.556E+00  1.496E-26  6.176E-19
1.542E+00  1.491E-26  6.096E-19
1.528E+00  1.486E-26  6.022E-19
1.514E+00  1.483E-26  5.955E-19
1.500E+00  1.482E-26  5.895E-19
1.486E+00  1.483E-26  5.845E-19
1.472E+00  1.486E-26  5.805E-19
1.459E+00  1.493E-26  5.776E-19
1.445E+00  1.503E-26  5.761E-19
1.432E+00  1.517E-26  5.762E-19
1.419E+00  1.536E-26  5.781E-19
1.406E+00  1.561E-26  5.822E-19
1.393E+00  1.594E-26  5.889E-19
1.380E+00  1.635E-26  5.987E-19
1.368E+00  1.687E-26  6.120E-19
1.355E+00  1.751E-26  6.295E-19
1.343E+00  1.829E-26  6.516E-19
1.330E+00  1.922E-26  6.784E-19
1.318E+00  2.028E-26  7.092E-19
1.306E+00  2.141E-26  7.419E-19
1.294E+00  2.249E-26  7.719E-19
1.282E+00  2.328E-26  7.919E-19
1.271E+00  2.354E-26  7.933E-19
1.259E+00  2.307E-26  7.703E-19
1.247E+00  2.188E-26  7.238E-19
1.236E+00  2.020E-26  6.621E-19
1.225E+00  1.835E-26  5.960E-19
1.213E+00  1.659E-26  5.340E-19
1.202E+00  1.507E-26  4.806E-19
1.191E+00  1.383E-26  4.371E-19
1.180E+00  1.287E-26  4.031E-19
1.169E+00  1.217E-26  3.774E-19
1.159E+00  1.168E-26  3.591E-19
1.148E+00  1.141E-26  3.475E-19
1.138E+00  1.135E-26  3.424E-19
1.127E+00  1.152E-26  3.443E-19
1.117E+00  1.197E-26  3.546E-19
1.107E+00  1.279E-26  3.754E-19
1.096E+00  1.413E-26  4.110E-19
1.086E+00  1.621E-26  4.670E-19
1.076E+00  1.923E-26  5.491E-19
1.067E+00  2.303E-26  6.516E-19
1.057E+00  2.609E-26  7.315E-19
1.047E+00  2.563E-26  7.118E-19
1.038E+00  2.137E-26  5.882E-19
1.028E+00  1.632E-26  4.451E-19
1.019E+00  1.239E-26  3.348E-19
1.009E+00  9.724E-27  2.603E-19
1.000E+00  7.950E-27  2.109E-19
