Dust emission from Draine & Li (2007): ApJ 657, 810-837
==========================================================
         3 = grain model
 4.000E-08 4.000E-01 1.500E-05 = a_01 (cm) , sigma_1 , b_C1/0.92
 2.000E-07 5.500E-01 5.000E-06 = a_02 (cm) , sigma_2 , b_C2/0.92
 1.000E+01 1.000E+01 1.000E+00 = Umin , Umax, beta (dN/dU propto U^{-beta})
 1.000E+01 = <U> 
     mmp83 = radfield
 4.444E-23 = power/H (erg s-1)
 band   nu*P_nu(band) j_nu(band)
 (um)   (erg s-1 H-1)(Jy cm2 sr-1 H-1)
1.270E+00  6.600E-26  2.223E-18 COBE-DIRBE
2.220E+00  8.303E-26  4.889E-18 COBE-DIRBE
3.530E+00  5.521E-25  5.169E-17 COBE-DIRBE
4.880E+00  2.461E-25  3.186E-17 COBE-DIRBE
1.229E+01  2.446E-24  7.973E-16 COBE-DIRBE
2.079E+01  2.136E-24  1.178E-15 COBE-DIRBE
5.599E+01  2.362E-23  3.508E-14 COBE-DIRBE
9.770E+01  2.871E-23  7.441E-14 COBE-DIRBE
1.479E+02  1.660E-23  6.511E-14 COBE-DIRBE
2.479E+02  4.036E-24  2.653E-14 COBE-DIRBE
1.200E+01  2.600E-24  8.276E-16 IRAS
2.500E+01  2.225E-24  1.475E-15 IRAS
6.000E+01  2.504E-23  3.985E-14 IRAS
1.000E+02  2.825E-23  7.494E-14 IRAS
3.550E+00  6.424E-25  6.049E-17 SST-IRAC
4.493E+00  1.780E-25  2.122E-17 SST-IRAC
5.731E+00  1.451E-24  2.206E-16 SST-IRAC
7.872E+00  3.614E-24  7.546E-16 SST-IRAC
2.368E+01  1.978E-24  1.242E-15 SST-MIPS
7.142E+01  2.777E-23  5.261E-14 SST-MIPS
1.559E+02  1.383E-23  5.721E-14 SST-MIPS
1.600E+01  2.158E-24  9.160E-16 SST-IRSPU
2.200E+01  2.050E-24  1.197E-15 SST-IRSPU
7.500E+01  2.396E-23  4.767E-14 Herschel-PACS
1.100E+02  2.050E-23  5.982E-14 Herschel-PACS
1.700E+02  1.049E-23  4.730E-14 Herschel-PACS
2.500E+02  3.359E-24  2.227E-14 Herschel-SPIRE
3.600E+02  8.349E-25  7.973E-15 Herschel-SPIRE
5.200E+02  1.887E-25  2.603E-15 Herschel-SPIRE
2.400E+00  9.318E-26  5.932E-18 Akari IRC NIR N2
3.200E+00  4.240E-25  3.599E-17 Akari IRC NIR N3
4.100E+00  1.934E-25  2.104E-17 Akari IRC NIR N4
7.000E+00  4.089E-24  7.592E-16 Akari IRC MIR-S S7
9.000E+00  2.920E-24  6.972E-16 Akari IRC MIR-S S9W
1.100E+01  2.356E-24  6.875E-16 Akari IRC MIR-S S11
1.500E+01  2.250E-24  8.953E-16 Akari IRC MIR-L L15
1.800E+01  2.087E-24  9.964E-16 Akari IRC MIR-L L18W
2.400E+01  1.996E-24  1.271E-15 Akari IRC MIR-L L24
6.500E+01  2.892E-23  4.985E-14 Akari FIS N60
8.000E+01  2.964E-23  6.289E-14 Akari FIS WIDE-S
1.400E+02  1.657E-23  6.152E-14 Akari FIS WIDE-L
1.600E+02  1.301E-23  5.521E-14 Akari FIS N160
 
 
 
 


lambda    nu*dP/dnu     j_nu
 (um)   (erg s-1 H-1)(Jy cm2 sr-1 H-1)
1.000E+04  7.903E-31  2.096E-19
9.908E+03  8.193E-31  2.153E-19
9.817E+03  8.494E-31  2.212E-19
9.727E+03  8.806E-31  2.272E-19
9.638E+03  9.129E-31  2.334E-19
9.550E+03  9.464E-31  2.397E-19
9.462E+03  9.811E-31  2.463E-19
9.376E+03  1.017E-30  2.530E-19
9.290E+03  1.054E-30  2.598E-19
9.204E+03  1.093E-30  2.669E-19
9.120E+03  1.133E-30  2.742E-19
9.036E+03  1.175E-30  2.816E-19
8.954E+03  1.218E-30  2.893E-19
8.872E+03  1.262E-30  2.971E-19
8.790E+03  1.309E-30  3.051E-19
8.710E+03  1.356E-30  3.134E-19
8.630E+03  1.406E-30  3.218E-19
8.551E+03  1.457E-30  3.306E-19
8.472E+03  1.511E-30  3.395E-19
8.395E+03  1.566E-30  3.488E-19
8.318E+03  1.624E-30  3.582E-19
8.241E+03  1.683E-30  3.680E-19
8.166E+03  1.745E-30  3.780E-19
8.091E+03  1.809E-30  3.883E-19
8.017E+03  1.876E-30  3.989E-19
7.943E+03  1.945E-30  4.098E-19
7.870E+03  2.016E-30  4.210E-19
7.798E+03  2.091E-30  4.325E-19
7.727E+03  2.168E-30  4.443E-19
7.656E+03  2.248E-30  4.565E-19
7.586E+03  2.331E-30  4.690E-19
7.516E+03  2.417E-30  4.818E-19
7.447E+03  2.506E-30  4.950E-19
7.379E+03  2.599E-30  5.086E-19
7.311E+03  2.695E-30  5.226E-19
7.244E+03  2.795E-30  5.370E-19
7.178E+03  2.898E-30  5.518E-19
7.112E+03  3.005E-30  5.670E-19
7.047E+03  3.117E-30  5.826E-19
6.982E+03  3.233E-30  5.987E-19
6.918E+03  3.352E-30  6.152E-19
6.855E+03  3.477E-30  6.322E-19
6.792E+03  3.606E-30  6.496E-19
6.730E+03  3.739E-30  6.675E-19
6.668E+03  3.878E-30  6.860E-19
6.607E+03  4.023E-30  7.050E-19
6.546E+03  4.172E-30  7.245E-19
6.486E+03  4.328E-30  7.446E-19
6.427E+03  4.489E-30  7.653E-19
6.368E+03  4.656E-30  7.865E-19
6.310E+03  4.830E-30  8.084E-19
6.252E+03  5.010E-30  8.309E-19
6.194E+03  5.197E-30  8.540E-19
6.138E+03  5.392E-30  8.778E-19
6.081E+03  5.593E-30  9.023E-19
6.026E+03  5.803E-30  9.275E-19
5.970E+03  6.020E-30  9.534E-19
5.916E+03  6.246E-30  9.800E-19
5.861E+03  6.480E-30  1.007E-18
5.808E+03  6.723E-30  1.036E-18
5.754E+03  6.975E-30  1.065E-18
5.702E+03  7.237E-30  1.095E-18
5.649E+03  7.510E-30  1.125E-18
5.598E+03  7.792E-30  1.157E-18
5.546E+03  8.085E-30  1.189E-18
5.495E+03  8.390E-30  1.223E-18
5.445E+03  8.706E-30  1.257E-18
5.395E+03  9.034E-30  1.293E-18
5.346E+03  9.375E-30  1.329E-18
5.297E+03  9.729E-30  1.367E-18
5.248E+03  1.010E-29  1.406E-18
5.200E+03  1.048E-29  1.445E-18
5.152E+03  1.087E-29  1.486E-18
5.105E+03  1.129E-29  1.528E-18
5.058E+03  1.171E-29  1.572E-18
5.012E+03  1.216E-29  1.616E-18
4.966E+03  1.262E-29  1.662E-18
4.920E+03  1.310E-29  1.709E-18
4.875E+03  1.359E-29  1.758E-18
4.831E+03  1.411E-29  1.808E-18
4.786E+03  1.464E-29  1.859E-18
4.742E+03  1.520E-29  1.912E-18
4.699E+03  1.578E-29  1.967E-18
4.656E+03  1.638E-29  2.023E-18
4.613E+03  1.700E-29  2.080E-18
4.571E+03  1.765E-29  2.140E-18
4.529E+03  1.832E-29  2.201E-18
4.487E+03  1.902E-29  2.264E-18
4.446E+03  1.975E-29  2.329E-18
4.406E+03  2.050E-29  2.396E-18
4.365E+03  2.129E-29  2.465E-18
4.325E+03  2.210E-29  2.536E-18
4.285E+03  2.295E-29  2.609E-18
4.246E+03  2.383E-29  2.684E-18
4.207E+03  2.474E-29  2.761E-18
4.169E+03  2.569E-29  2.841E-18
4.130E+03  2.667E-29  2.923E-18
4.093E+03  2.770E-29  3.007E-18
4.055E+03  2.876E-29  3.094E-18
4.018E+03  2.987E-29  3.183E-18
3.981E+03  3.102E-29  3.275E-18
3.945E+03  3.221E-29  3.370E-18
3.908E+03  3.345E-29  3.468E-18
3.873E+03  3.474E-29  3.568E-18
3.837E+03  3.607E-29  3.672E-18
3.802E+03  3.746E-29  3.778E-18
3.767E+03  3.891E-29  3.888E-18
3.733E+03  4.041E-29  4.001E-18
3.698E+03  4.197E-29  4.118E-18
3.664E+03  4.360E-29  4.238E-18
3.631E+03  4.528E-29  4.361E-18
3.597E+03  4.704E-29  4.489E-18
3.565E+03  4.886E-29  4.620E-18
3.532E+03  5.075E-29  4.755E-18
3.499E+03  5.272E-29  4.894E-18
3.467E+03  5.477E-29  5.038E-18
3.436E+03  5.690E-29  5.186E-18
3.404E+03  5.912E-29  5.338E-18
3.373E+03  6.142E-29  5.495E-18
3.342E+03  6.381E-29  5.656E-18
3.311E+03  6.630E-29  5.823E-18
3.281E+03  6.888E-29  5.995E-18
3.251E+03  7.157E-29  6.172E-18
3.221E+03  7.437E-29  6.354E-18
3.192E+03  7.727E-29  6.542E-18
3.162E+03  8.029E-29  6.735E-18
3.133E+03  8.344E-29  6.935E-18
3.105E+03  8.671E-29  7.140E-18
3.076E+03  9.010E-29  7.352E-18
3.048E+03  9.364E-29  7.570E-18
3.020E+03  9.731E-29  7.795E-18
2.992E+03  1.011E-28  8.027E-18
2.965E+03  1.051E-28  8.265E-18
2.938E+03  1.092E-28  8.510E-18
2.911E+03  1.135E-28  8.763E-18
2.884E+03  1.179E-28  9.023E-18
2.858E+03  1.226E-28  9.292E-18
2.831E+03  1.274E-28  9.568E-18
2.805E+03  1.324E-28  9.853E-18
2.780E+03  1.376E-28  1.015E-17
2.754E+03  1.430E-28  1.045E-17
2.729E+03  1.487E-28  1.076E-17
2.704E+03  1.545E-28  1.109E-17
2.679E+03  1.607E-28  1.142E-17
2.655E+03  1.670E-28  1.176E-17
2.630E+03  1.736E-28  1.211E-17
2.606E+03  1.805E-28  1.248E-17
2.582E+03  1.876E-28  1.285E-17
2.559E+03  1.950E-28  1.324E-17
2.535E+03  2.028E-28  1.364E-17
2.512E+03  2.108E-28  1.405E-17
2.489E+03  2.192E-28  1.447E-17
2.466E+03  2.279E-28  1.491E-17
2.443E+03  2.369E-28  1.536E-17
2.421E+03  2.464E-28  1.582E-17
2.399E+03  2.562E-28  1.630E-17
2.377E+03  2.664E-28  1.679E-17
2.355E+03  2.770E-28  1.730E-17
2.333E+03  2.880E-28  1.783E-17
2.312E+03  2.995E-28  1.837E-17
2.291E+03  3.114E-28  1.893E-17
2.270E+03  3.239E-28  1.950E-17
2.249E+03  3.368E-28  2.009E-17
2.228E+03  3.503E-28  2.070E-17
2.208E+03  3.643E-28  2.133E-17
2.188E+03  3.788E-28  2.198E-17
2.168E+03  3.940E-28  2.266E-17
2.148E+03  4.098E-28  2.335E-17
2.128E+03  4.262E-28  2.406E-17
2.109E+03  4.433E-28  2.479E-17
2.089E+03  4.610E-28  2.555E-17
2.070E+03  4.795E-28  2.633E-17
2.051E+03  4.988E-28  2.714E-17
2.032E+03  5.188E-28  2.797E-17
2.014E+03  5.396E-28  2.883E-17
1.995E+03  5.613E-28  2.971E-17
1.977E+03  5.839E-28  3.062E-17
1.959E+03  6.073E-28  3.156E-17
1.941E+03  6.318E-28  3.253E-17
1.923E+03  6.572E-28  3.352E-17
1.905E+03  6.836E-28  3.455E-17
1.888E+03  7.111E-28  3.561E-17
1.871E+03  7.398E-28  3.671E-17
1.854E+03  7.696E-28  3.784E-17
1.837E+03  8.006E-28  3.900E-17
1.820E+03  8.329E-28  4.020E-17
1.803E+03  8.665E-28  4.144E-17
1.786E+03  9.015E-28  4.272E-17
1.770E+03  9.379E-28  4.404E-17
1.754E+03  9.757E-28  4.539E-17
1.738E+03  1.015E-27  4.680E-17
1.722E+03  1.056E-27  4.824E-17
1.706E+03  1.099E-27  4.973E-17
1.690E+03  1.143E-27  5.127E-17
1.675E+03  1.190E-27  5.285E-17
1.660E+03  1.238E-27  5.448E-17
1.644E+03  1.288E-27  5.617E-17
1.629E+03  1.340E-27  5.791E-17
1.614E+03  1.394E-27  5.970E-17
1.600E+03  1.450E-27  6.154E-17
1.585E+03  1.509E-27  6.345E-17
1.570E+03  1.570E-27  6.541E-17
1.556E+03  1.634E-27  6.744E-17
1.542E+03  1.700E-27  6.953E-17
1.528E+03  1.769E-27  7.168E-17
1.514E+03  1.841E-27  7.390E-17
1.500E+03  1.915E-27  7.619E-17
1.486E+03  1.993E-27  7.855E-17
1.472E+03  2.074E-27  8.099E-17
1.459E+03  2.158E-27  8.351E-17
1.445E+03  2.246E-27  8.610E-17
1.432E+03  2.337E-27  8.877E-17
1.419E+03  2.432E-27  9.153E-17
1.406E+03  2.530E-27  9.437E-17
1.393E+03  2.633E-27  9.730E-17
1.380E+03  2.740E-27  1.003E-16
1.368E+03  2.851E-27  1.034E-16
1.355E+03  2.967E-27  1.067E-16
1.343E+03  3.088E-27  1.100E-16
1.330E+03  3.213E-27  1.134E-16
1.318E+03  3.343E-27  1.169E-16
1.306E+03  3.479E-27  1.205E-16
1.294E+03  3.621E-27  1.243E-16
1.282E+03  3.768E-27  1.282E-16
1.271E+03  3.921E-27  1.321E-16
1.259E+03  4.080E-27  1.362E-16
1.247E+03  4.245E-27  1.405E-16
1.236E+03  4.418E-27  1.448E-16
1.225E+03  4.597E-27  1.493E-16
1.213E+03  4.784E-27  1.540E-16
1.202E+03  4.978E-27  1.587E-16
1.191E+03  5.180E-27  1.637E-16
1.180E+03  5.390E-27  1.688E-16
1.169E+03  5.609E-27  1.740E-16
1.159E+03  5.836E-27  1.794E-16
1.148E+03  6.073E-27  1.849E-16
1.138E+03  6.319E-27  1.907E-16
1.127E+03  6.575E-27  1.966E-16
1.117E+03  6.841E-27  2.027E-16
1.107E+03  7.119E-27  2.090E-16
1.096E+03  7.407E-27  2.154E-16
1.086E+03  7.707E-27  2.221E-16
1.076E+03  8.019E-27  2.290E-16
1.067E+03  8.343E-27  2.361E-16
1.057E+03  8.681E-27  2.433E-16
1.047E+03  9.032E-27  2.509E-16
1.038E+03  9.397E-27  2.586E-16
1.028E+03  9.777E-27  2.666E-16
1.019E+03  1.017E-26  2.748E-16
1.009E+03  1.058E-26  2.833E-16
1.000E+03  1.101E-26  2.920E-16
9.908E+02  1.145E-26  3.010E-16
9.817E+02  1.192E-26  3.103E-16
9.727E+02  1.240E-26  3.199E-16
9.638E+02  1.290E-26  3.298E-16
9.550E+02  1.342E-26  3.399E-16
9.462E+02  1.396E-26  3.504E-16
9.376E+02  1.452E-26  3.612E-16
9.290E+02  1.511E-26  3.723E-16
9.204E+02  1.572E-26  3.837E-16
9.120E+02  1.635E-26  3.955E-16
9.036E+02  1.701E-26  4.076E-16
8.954E+02  1.769E-26  4.201E-16
8.872E+02  1.840E-26  4.330E-16
8.790E+02  1.914E-26  4.462E-16
8.710E+02  1.990E-26  4.598E-16
8.630E+02  2.070E-26  4.739E-16
8.551E+02  2.153E-26  4.883E-16
8.472E+02  2.239E-26  5.032E-16
8.395E+02  2.329E-26  5.185E-16
8.318E+02  2.422E-26  5.343E-16
8.241E+02  2.518E-26  5.505E-16
8.166E+02  2.619E-26  5.672E-16
8.091E+02  2.723E-26  5.844E-16
8.017E+02  2.831E-26  6.021E-16
7.943E+02  2.944E-26  6.203E-16
7.870E+02  3.061E-26  6.390E-16
7.798E+02  3.183E-26  6.583E-16
7.727E+02  3.309E-26  6.782E-16
7.656E+02  3.440E-26  6.986E-16
7.586E+02  3.577E-26  7.197E-16
7.516E+02  3.718E-26  7.413E-16
7.447E+02  3.866E-26  7.636E-16
7.379E+02  4.019E-26  7.867E-16
7.311E+02  4.178E-26  8.103E-16
7.244E+02  4.344E-26  8.347E-16
7.178E+02  4.516E-26  8.599E-16
7.112E+02  4.695E-26  8.857E-16
7.047E+02  4.881E-26  9.124E-16
6.982E+02  5.074E-26  9.398E-16
6.918E+02  5.275E-26  9.681E-16
6.855E+02  5.484E-26  9.971E-16
6.792E+02  5.701E-26  1.027E-15
6.730E+02  5.925E-26  1.058E-15
6.668E+02  6.159E-26  1.089E-15
6.607E+02  6.402E-26  1.122E-15
6.546E+02  6.655E-26  1.156E-15
6.486E+02  6.918E-26  1.190E-15
6.427E+02  7.192E-26  1.226E-15
6.368E+02  7.476E-26  1.263E-15
6.310E+02  7.772E-26  1.301E-15
6.252E+02  8.079E-26  1.340E-15
6.194E+02  8.398E-26  1.380E-15
6.138E+02  8.730E-26  1.421E-15
6.081E+02  9.075E-26  1.464E-15
6.026E+02  9.433E-26  1.508E-15
5.970E+02  9.806E-26  1.553E-15
5.916E+02  1.019E-25  1.599E-15
5.861E+02  1.060E-25  1.647E-15
5.808E+02  1.101E-25  1.697E-15
5.754E+02  1.145E-25  1.747E-15
5.702E+02  1.190E-25  1.800E-15
5.649E+02  1.237E-25  1.853E-15
5.598E+02  1.286E-25  1.909E-15
5.546E+02  1.336E-25  1.966E-15
5.495E+02  1.389E-25  2.025E-15
5.445E+02  1.444E-25  2.085E-15
5.395E+02  1.500E-25  2.147E-15
5.346E+02  1.559E-25  2.211E-15
5.297E+02  1.621E-25  2.277E-15
5.248E+02  1.685E-25  2.345E-15
5.200E+02  1.751E-25  2.415E-15
5.152E+02  1.820E-25  2.487E-15
5.105E+02  1.891E-25  2.561E-15
5.058E+02  1.965E-25  2.637E-15
5.012E+02  2.043E-25  2.715E-15
4.966E+02  2.123E-25  2.796E-15
4.920E+02  2.206E-25  2.879E-15
4.875E+02  2.292E-25  2.964E-15
4.831E+02  2.382E-25  3.052E-15
4.786E+02  2.475E-25  3.143E-15
4.742E+02  2.572E-25  3.235E-15
4.699E+02  2.673E-25  3.331E-15
4.656E+02  2.777E-25  3.429E-15
4.613E+02  2.885E-25  3.531E-15
4.571E+02  2.998E-25  3.635E-15
4.529E+02  3.115E-25  3.742E-15
4.487E+02  3.236E-25  3.852E-15
4.446E+02  3.362E-25  3.965E-15
4.406E+02  3.493E-25  4.081E-15
4.365E+02  3.628E-25  4.201E-15
4.325E+02  3.769E-25  4.324E-15
4.285E+02  3.915E-25  4.451E-15
4.246E+02  4.067E-25  4.581E-15
4.207E+02  4.224E-25  4.714E-15
4.169E+02  4.388E-25  4.852E-15
4.130E+02  4.557E-25  4.993E-15
4.093E+02  4.733E-25  5.139E-15
4.055E+02  4.916E-25  5.288E-15
4.018E+02  5.106E-25  5.441E-15
3.981E+02  5.302E-25  5.599E-15
3.945E+02  5.506E-25  5.761E-15
3.908E+02  5.718E-25  5.928E-15
3.873E+02  5.938E-25  6.100E-15
3.837E+02  6.166E-25  6.276E-15
3.802E+02  6.402E-25  6.456E-15
3.767E+02  6.647E-25  6.642E-15
3.733E+02  6.901E-25  6.833E-15
3.698E+02  7.165E-25  7.029E-15
3.664E+02  7.438E-25  7.230E-15
3.631E+02  7.722E-25  7.437E-15
3.597E+02  8.016E-25  7.649E-15
3.565E+02  8.320E-25  7.867E-15
3.532E+02  8.636E-25  8.091E-15
3.499E+02  8.963E-25  8.320E-15
3.467E+02  9.302E-25  8.556E-15
3.436E+02  9.654E-25  8.798E-15
3.404E+02  1.002E-24  9.046E-15
3.373E+02  1.039E-24  9.300E-15
3.342E+02  1.079E-24  9.561E-15
3.311E+02  1.119E-24  9.829E-15
3.281E+02  1.161E-24  1.010E-14
3.251E+02  1.204E-24  1.039E-14
3.221E+02  1.249E-24  1.067E-14
3.192E+02  1.296E-24  1.097E-14
3.162E+02  1.344E-24  1.127E-14
3.133E+02  1.394E-24  1.159E-14
3.105E+02  1.446E-24  1.190E-14
3.076E+02  1.499E-24  1.223E-14
3.048E+02  1.554E-24  1.257E-14
3.020E+02  1.612E-24  1.291E-14
2.992E+02  1.671E-24  1.326E-14
2.965E+02  1.732E-24  1.362E-14
2.938E+02  1.795E-24  1.399E-14
2.911E+02  1.861E-24  1.437E-14
2.884E+02  1.929E-24  1.475E-14
2.858E+02  1.999E-24  1.515E-14
2.831E+02  2.071E-24  1.555E-14
2.805E+02  2.146E-24  1.597E-14
2.780E+02  2.223E-24  1.639E-14
2.754E+02  2.303E-24  1.683E-14
2.729E+02  2.386E-24  1.727E-14
2.704E+02  2.471E-24  1.773E-14
2.679E+02  2.560E-24  1.819E-14
2.655E+02  2.651E-24  1.867E-14
2.630E+02  2.746E-24  1.916E-14
2.606E+02  2.843E-24  1.966E-14
2.582E+02  2.944E-24  2.017E-14
2.559E+02  3.048E-24  2.068E-14
2.535E+02  3.154E-24  2.121E-14
2.512E+02  3.263E-24  2.174E-14
2.489E+02  3.374E-24  2.228E-14
2.466E+02  3.487E-24  2.281E-14
2.443E+02  3.602E-24  2.335E-14
2.421E+02  3.720E-24  2.389E-14
2.399E+02  3.841E-24  2.444E-14
2.377E+02  3.963E-24  2.499E-14
2.355E+02  4.089E-24  2.554E-14
2.333E+02  4.218E-24  2.611E-14
2.312E+02  4.350E-24  2.668E-14
2.291E+02  4.486E-24  2.726E-14
2.270E+02  4.626E-24  2.785E-14
2.249E+02  4.769E-24  2.845E-14
2.228E+02  4.915E-24  2.906E-14
2.208E+02  5.066E-24  2.967E-14
2.188E+02  5.220E-24  3.029E-14
2.168E+02  5.379E-24  3.093E-14
2.148E+02  5.541E-24  3.157E-14
2.128E+02  5.707E-24  3.222E-14
2.109E+02  5.877E-24  3.287E-14
2.089E+02  6.051E-24  3.354E-14
2.070E+02  6.229E-24  3.421E-14
2.051E+02  6.412E-24  3.489E-14
2.032E+02  6.598E-24  3.557E-14
2.014E+02  6.789E-24  3.627E-14
1.995E+02  6.985E-24  3.697E-14
1.977E+02  7.185E-24  3.768E-14
1.959E+02  7.389E-24  3.839E-14
1.941E+02  7.597E-24  3.911E-14
1.923E+02  7.811E-24  3.984E-14
1.905E+02  8.029E-24  4.058E-14
1.888E+02  8.251E-24  4.132E-14
1.871E+02  8.479E-24  4.207E-14
1.854E+02  8.711E-24  4.283E-14
1.837E+02  8.949E-24  4.359E-14
1.820E+02  9.191E-24  4.436E-14
1.803E+02  9.438E-24  4.514E-14
1.786E+02  9.690E-24  4.592E-14
1.770E+02  9.948E-24  4.671E-14
1.754E+02  1.021E-23  4.750E-14
1.738E+02  1.048E-23  4.831E-14
1.722E+02  1.075E-23  4.911E-14
1.706E+02  1.103E-23  4.993E-14
1.690E+02  1.132E-23  5.075E-14
1.675E+02  1.161E-23  5.158E-14
1.660E+02  1.191E-23  5.242E-14
1.644E+02  1.221E-23  5.326E-14
1.629E+02  1.252E-23  5.411E-14
1.614E+02  1.284E-23  5.498E-14
1.600E+02  1.316E-23  5.584E-14
1.585E+02  1.349E-23  5.672E-14
1.570E+02  1.383E-23  5.762E-14
1.556E+02  1.418E-23  5.852E-14
1.542E+02  1.453E-23  5.943E-14
1.528E+02  1.490E-23  6.036E-14
1.514E+02  1.527E-23  6.130E-14
1.500E+02  1.565E-23  6.224E-14
1.486E+02  1.603E-23  6.320E-14
1.472E+02  1.643E-23  6.415E-14
1.459E+02  1.682E-23  6.510E-14
1.445E+02  1.722E-23  6.604E-14
1.432E+02  1.762E-23  6.693E-14
1.419E+02  1.801E-23  6.777E-14
1.406E+02  1.838E-23  6.854E-14
1.393E+02  1.873E-23  6.921E-14
1.380E+02  1.906E-23  6.978E-14
1.368E+02  1.936E-23  7.024E-14
1.355E+02  1.965E-23  7.062E-14
1.343E+02  1.992E-23  7.093E-14
1.330E+02  2.018E-23  7.121E-14
1.318E+02  2.043E-23  7.145E-14
1.306E+02  2.069E-23  7.169E-14
1.294E+02  2.095E-23  7.192E-14
1.282E+02  2.121E-23  7.215E-14
1.271E+02  2.148E-23  7.239E-14
1.259E+02  2.175E-23  7.262E-14
1.247E+02  2.202E-23  7.286E-14
1.236E+02  2.230E-23  7.311E-14
1.225E+02  2.258E-23  7.335E-14
1.213E+02  2.287E-23  7.360E-14
1.202E+02  2.316E-23  7.385E-14
1.191E+02  2.345E-23  7.408E-14
1.180E+02  2.374E-23  7.432E-14
1.169E+02  2.403E-23  7.454E-14
1.159E+02  2.432E-23  7.474E-14
1.148E+02  2.461E-23  7.494E-14
1.138E+02  2.490E-23  7.514E-14
1.127E+02  2.519E-23  7.532E-14
1.117E+02  2.548E-23  7.549E-14
1.107E+02  2.577E-23  7.565E-14
1.096E+02  2.606E-23  7.579E-14
1.086E+02  2.635E-23  7.592E-14
1.076E+02  2.663E-23  7.603E-14
1.067E+02  2.691E-23  7.613E-14
1.057E+02  2.719E-23  7.621E-14
1.047E+02  2.746E-23  7.627E-14
1.038E+02  2.773E-23  7.631E-14
1.028E+02  2.799E-23  7.633E-14
1.019E+02  2.825E-23  7.633E-14
1.009E+02  2.850E-23  7.630E-14
1.000E+02  2.875E-23  7.625E-14
9.908E+01  2.898E-23  7.618E-14
9.817E+01  2.922E-23  7.609E-14
9.727E+01  2.944E-23  7.597E-14
9.638E+01  2.966E-23  7.583E-14
9.550E+01  2.987E-23  7.566E-14
9.462E+01  3.007E-23  7.547E-14
9.376E+01  3.026E-23  7.525E-14
9.290E+01  3.044E-23  7.501E-14
9.204E+01  3.062E-23  7.475E-14
9.120E+01  3.078E-23  7.446E-14
9.036E+01  3.093E-23  7.415E-14
8.954E+01  3.108E-23  7.381E-14
8.872E+01  3.122E-23  7.346E-14
8.790E+01  3.134E-23  7.308E-14
8.710E+01  3.146E-23  7.268E-14
8.630E+01  3.157E-23  7.226E-14
8.551E+01  3.166E-23  7.182E-14
8.472E+01  3.175E-23  7.134E-14
8.395E+01  3.182E-23  7.086E-14
8.318E+01  3.189E-23  7.035E-14
8.241E+01  3.194E-23  6.982E-14
8.166E+01  3.198E-23  6.928E-14
8.091E+01  3.202E-23  6.871E-14
8.017E+01  3.204E-23  6.813E-14
7.943E+01  3.205E-23  6.752E-14
7.870E+01  3.204E-23  6.690E-14
7.798E+01  3.203E-23  6.625E-14
7.727E+01  3.200E-23  6.559E-14
7.656E+01  3.196E-23  6.491E-14
7.586E+01  3.191E-23  6.422E-14
7.516E+01  3.185E-23  6.351E-14
7.447E+01  3.178E-23  6.278E-14
7.379E+01  3.169E-23  6.203E-14
7.311E+01  3.159E-23  6.128E-14
7.244E+01  3.148E-23  6.050E-14
7.178E+01  3.136E-23  5.971E-14
7.112E+01  3.123E-23  5.892E-14
7.047E+01  3.109E-23  5.811E-14
6.982E+01  3.094E-23  5.730E-14
6.918E+01  3.078E-23  5.648E-14
6.855E+01  3.060E-23  5.565E-14
6.792E+01  3.042E-23  5.480E-14
6.730E+01  3.022E-23  5.395E-14
6.668E+01  3.002E-23  5.310E-14
6.607E+01  2.981E-23  5.224E-14
6.546E+01  2.958E-23  5.137E-14
6.486E+01  2.935E-23  5.050E-14
6.427E+01  2.911E-23  4.962E-14
6.368E+01  2.886E-23  4.875E-14
6.310E+01  2.860E-23  4.787E-14
6.252E+01  2.834E-23  4.699E-14
6.194E+01  2.806E-23  4.611E-14
6.138E+01  2.778E-23  4.523E-14
6.081E+01  2.750E-23  4.435E-14
6.026E+01  2.720E-23  4.347E-14
5.970E+01  2.690E-23  4.260E-14
5.916E+01  2.659E-23  4.173E-14
5.861E+01  2.628E-23  4.085E-14
5.808E+01  2.596E-23  3.999E-14
5.754E+01  2.563E-23  3.913E-14
5.702E+01  2.530E-23  3.827E-14
5.649E+01  2.497E-23  3.742E-14
5.598E+01  2.463E-23  3.657E-14
5.546E+01  2.429E-23  3.574E-14
5.495E+01  2.395E-23  3.491E-14
5.445E+01  2.360E-23  3.409E-14
5.395E+01  2.325E-23  3.327E-14
5.346E+01  2.290E-23  3.247E-14
5.297E+01  2.254E-23  3.167E-14
5.248E+01  2.218E-23  3.088E-14
5.200E+01  2.182E-23  3.010E-14
5.152E+01  2.146E-23  2.933E-14
5.105E+01  2.110E-23  2.857E-14
5.058E+01  2.074E-23  2.783E-14
5.012E+01  2.037E-23  2.709E-14
4.966E+01  2.001E-23  2.636E-14
4.920E+01  1.965E-23  2.564E-14
4.875E+01  1.928E-23  2.494E-14
4.831E+01  1.892E-23  2.424E-14
4.786E+01  1.856E-23  2.356E-14
4.742E+01  1.819E-23  2.289E-14
4.699E+01  1.783E-23  2.223E-14
4.656E+01  1.747E-23  2.158E-14
4.613E+01  1.711E-23  2.094E-14
4.571E+01  1.675E-23  2.031E-14
4.529E+01  1.640E-23  1.970E-14
4.487E+01  1.604E-23  1.909E-14
4.446E+01  1.569E-23  1.850E-14
4.406E+01  1.533E-23  1.792E-14
4.365E+01  1.498E-23  1.735E-14
4.325E+01  1.463E-23  1.679E-14
4.285E+01  1.428E-23  1.624E-14
4.246E+01  1.394E-23  1.570E-14
4.207E+01  1.359E-23  1.517E-14
4.169E+01  1.325E-23  1.465E-14
4.130E+01  1.290E-23  1.414E-14
4.093E+01  1.256E-23  1.364E-14
4.055E+01  1.223E-23  1.315E-14
4.018E+01  1.189E-23  1.267E-14
3.981E+01  1.155E-23  1.220E-14
3.945E+01  1.122E-23  1.174E-14
3.908E+01  1.089E-23  1.129E-14
3.873E+01  1.056E-23  1.085E-14
3.837E+01  1.023E-23  1.041E-14
3.802E+01  9.907E-24  9.991E-15
3.767E+01  9.585E-24  9.578E-15
3.733E+01  9.265E-24  9.173E-15
3.698E+01  8.949E-24  8.779E-15
3.664E+01  8.637E-24  8.395E-15
3.631E+01  8.328E-24  8.020E-15
3.597E+01  8.022E-24  7.655E-15
3.565E+01  7.722E-24  7.301E-15
3.532E+01  7.427E-24  6.958E-15
3.499E+01  7.137E-24  6.625E-15
3.467E+01  6.853E-24  6.303E-15
3.436E+01  6.576E-24  5.993E-15
3.404E+01  6.305E-24  5.693E-15
3.373E+01  6.042E-24  5.406E-15
3.342E+01  5.787E-24  5.130E-15
3.311E+01  5.541E-24  4.867E-15
3.281E+01  5.303E-24  4.616E-15
3.251E+01  5.074E-24  4.376E-15
3.221E+01  4.855E-24  4.149E-15
3.192E+01  4.646E-24  3.933E-15
3.162E+01  4.446E-24  3.730E-15
3.133E+01  4.257E-24  3.538E-15
3.105E+01  4.077E-24  3.357E-15
3.076E+01  3.908E-24  3.188E-15
3.048E+01  3.748E-24  3.030E-15
3.020E+01  3.599E-24  2.883E-15
2.992E+01  3.459E-24  2.745E-15
2.965E+01  3.328E-24  2.617E-15
2.938E+01  3.206E-24  2.498E-15
2.911E+01  3.093E-24  2.388E-15
2.884E+01  2.988E-24  2.286E-15
2.858E+01  2.891E-24  2.191E-15
2.831E+01  2.801E-24  2.104E-15
2.805E+01  2.719E-24  2.023E-15
2.780E+01  2.643E-24  1.949E-15
2.754E+01  2.573E-24  1.880E-15
2.729E+01  2.508E-24  1.816E-15
2.704E+01  2.450E-24  1.757E-15
2.679E+01  2.396E-24  1.703E-15
2.655E+01  2.346E-24  1.652E-15
2.630E+01  2.301E-24  1.605E-15
2.606E+01  2.259E-24  1.562E-15
2.582E+01  2.222E-24  1.522E-15
2.559E+01  2.187E-24  1.484E-15
2.535E+01  2.155E-24  1.449E-15
2.512E+01  2.127E-24  1.417E-15
2.489E+01  2.100E-24  1.387E-15
2.466E+01  2.076E-24  1.358E-15
2.443E+01  2.054E-24  1.331E-15
2.421E+01  2.034E-24  1.306E-15
2.399E+01  2.016E-24  1.283E-15
2.377E+01  1.999E-24  1.261E-15
2.355E+01  1.984E-24  1.240E-15
2.333E+01  1.971E-24  1.220E-15
2.312E+01  1.959E-24  1.201E-15
2.291E+01  1.948E-24  1.184E-15
2.270E+01  1.938E-24  1.167E-15
2.249E+01  1.930E-24  1.151E-15
2.228E+01  1.922E-24  1.136E-15
2.208E+01  1.916E-24  1.122E-15
2.188E+01  1.910E-24  1.108E-15
2.168E+01  1.905E-24  1.095E-15
2.148E+01  1.901E-24  1.083E-15
2.128E+01  1.898E-24  1.071E-15
2.109E+01  1.896E-24  1.060E-15
2.089E+01  1.894E-24  1.050E-15
2.070E+01  1.893E-24  1.040E-15
2.051E+01  1.894E-24  1.030E-15
2.032E+01  1.895E-24  1.022E-15
2.014E+01  1.898E-24  1.014E-15
1.995E+01  1.902E-24  1.007E-15
1.977E+01  1.909E-24  1.001E-15
1.959E+01  1.918E-24  9.967E-16
1.941E+01  1.935E-24  9.963E-16
1.923E+01  1.970E-24  1.005E-15
1.905E+01  2.059E-24  1.041E-15
1.888E+01  2.132E-24  1.068E-15
1.871E+01  2.037E-24  1.011E-15
1.854E+01  2.011E-24  9.889E-16
1.837E+01  2.026E-24  9.871E-16
1.820E+01  2.068E-24  9.980E-16
1.803E+01  2.155E-24  1.030E-15
1.786E+01  2.301E-24  1.090E-15
1.770E+01  2.328E-24  1.093E-15
1.754E+01  2.477E-24  1.152E-15
1.738E+01  2.824E-24  1.302E-15
1.722E+01  2.785E-24  1.272E-15
1.706E+01  2.805E-24  1.269E-15
1.690E+01  2.736E-24  1.227E-15
1.675E+01  2.617E-24  1.163E-15
1.660E+01  2.658E-24  1.170E-15
1.644E+01  3.071E-24  1.340E-15
1.629E+01  2.360E-24  1.020E-15
1.614E+01  2.070E-24  8.866E-16
1.600E+01  1.969E-24  8.355E-16
1.585E+01  1.905E-24  8.008E-16
1.570E+01  1.831E-24  7.629E-16
1.556E+01  1.784E-24  7.365E-16
1.542E+01  1.751E-24  7.162E-16
1.528E+01  1.726E-24  6.995E-16
1.514E+01  1.707E-24  6.853E-16
1.500E+01  1.693E-24  6.735E-16
1.486E+01  1.685E-24  6.641E-16
1.472E+01  1.685E-24  6.583E-16
1.459E+01  1.701E-24  6.581E-16
1.445E+01  1.747E-24  6.698E-16
1.432E+01  1.860E-24  7.067E-16
1.419E+01  1.990E-24  7.490E-16
1.406E+01  1.917E-24  7.151E-16
1.393E+01  1.886E-24  6.970E-16
1.380E+01  1.972E-24  7.219E-16
1.368E+01  2.168E-24  7.864E-16
1.355E+01  2.417E-24  8.690E-16
1.343E+01  2.484E-24  8.849E-16
1.330E+01  2.351E-24  8.297E-16
1.318E+01  2.288E-24  8.000E-16
1.306E+01  2.402E-24  8.324E-16
1.294E+01  2.738E-24  9.400E-16
1.282E+01  3.355E-24  1.141E-15
1.271E+01  4.138E-24  1.395E-15
1.259E+01  4.396E-24  1.468E-15
1.247E+01  3.846E-24  1.273E-15
1.236E+01  3.279E-24  1.075E-15
1.225E+01  3.086E-24  1.002E-15
1.213E+01  3.230E-24  1.040E-15
1.202E+01  3.439E-24  1.097E-15
1.191E+01  3.315E-24  1.047E-15
1.180E+01  3.004E-24  9.406E-16
1.169E+01  2.924E-24  9.070E-16
1.159E+01  3.309E-24  1.017E-15
1.148E+01  4.457E-24  1.357E-15
1.138E+01  6.382E-24  1.926E-15
1.127E+01  8.483E-24  2.536E-15
1.117E+01  5.985E-24  1.773E-15
1.107E+01  3.082E-24  9.048E-16
1.096E+01  2.118E-24  6.160E-16
1.086E+01  1.673E-24  4.822E-16
1.076E+01  1.438E-24  4.107E-16
1.067E+01  1.299E-24  3.676E-16
1.057E+01  1.179E-24  3.304E-16
1.047E+01  1.098E-24  3.050E-16
1.038E+01  1.044E-24  2.874E-16
1.028E+01  1.006E-24  2.744E-16
1.019E+01  9.789E-25  2.645E-16
1.009E+01  9.600E-25  2.570E-16
1.000E+01  9.480E-25  2.515E-16
9.908E+00  9.424E-25  2.477E-16
9.817E+00  9.426E-25  2.455E-16
9.727E+00  9.488E-25  2.448E-16
9.638E+00  9.612E-25  2.457E-16
9.550E+00  9.804E-25  2.483E-16
9.462E+00  1.007E-24  2.529E-16
9.376E+00  1.044E-24  2.597E-16
9.290E+00  1.094E-24  2.696E-16
9.204E+00  1.162E-24  2.837E-16
9.120E+00  1.256E-24  3.038E-16
9.036E+00  1.391E-24  3.334E-16
8.954E+00  1.593E-24  3.785E-16
8.872E+00  1.913E-24  4.501E-16
8.790E+00  2.434E-24  5.676E-16
8.710E+00  3.229E-24  7.460E-16
8.630E+00  3.972E-24  9.092E-16
8.551E+00  3.883E-24  8.807E-16
8.472E+00  3.372E-24  7.578E-16
8.395E+00  3.112E-24  6.930E-16
8.318E+00  3.098E-24  6.836E-16
8.241E+00  3.235E-24  7.073E-16
8.166E+00  3.578E-24  7.750E-16
8.091E+00  4.228E-24  9.074E-16
8.017E+00  5.262E-24  1.119E-15
7.943E+00  6.614E-24  1.394E-15
7.870E+00  7.795E-24  1.627E-15
7.798E+00  8.217E-24  1.700E-15
7.727E+00  8.266E-24  1.694E-15
7.656E+00  8.523E-24  1.731E-15
7.586E+00  8.296E-24  1.669E-15
7.516E+00  6.978E-24  1.391E-15
7.447E+00  5.497E-24  1.086E-15
7.379E+00  4.410E-24  8.632E-16
7.311E+00  3.657E-24  7.092E-16
7.244E+00  3.106E-24  5.970E-16
7.178E+00  2.687E-24  5.115E-16
7.112E+00  2.364E-24  4.460E-16
7.047E+00  2.125E-24  3.973E-16
6.982E+00  1.963E-24  3.636E-16
6.918E+00  1.874E-24  3.439E-16
6.855E+00  1.852E-24  3.367E-16
6.792E+00  1.876E-24  3.380E-16
6.730E+00  1.902E-24  3.395E-16
6.668E+00  1.874E-24  3.315E-16
6.607E+00  1.794E-24  3.144E-16
6.546E+00  1.729E-24  3.002E-16
6.486E+00  1.763E-24  3.033E-16
6.427E+00  1.994E-24  3.399E-16
6.368E+00  2.601E-24  4.394E-16
6.310E+00  3.963E-24  6.633E-16
6.252E+00  6.167E-24  1.023E-15
6.194E+00  6.243E-24  1.026E-15
6.138E+00  3.887E-24  6.328E-16
6.081E+00  2.313E-24  3.731E-16
6.026E+00  1.539E-24  2.460E-16
5.970E+00  1.147E-24  1.816E-16
5.916E+00  9.418E-25  1.478E-16
5.861E+00  8.509E-25  1.323E-16
5.808E+00  8.580E-25  1.322E-16
5.754E+00  9.632E-25  1.470E-16
5.702E+00  1.037E-24  1.569E-16
5.649E+00  8.737E-25  1.309E-16
5.598E+00  6.642E-25  9.863E-17
5.546E+00  5.352E-25  7.874E-17
5.495E+00  4.667E-25  6.803E-17
5.445E+00  4.371E-25  6.313E-17
5.395E+00  4.419E-25  6.324E-17
5.346E+00  4.900E-25  6.948E-17
5.297E+00  5.695E-25  8.002E-17
5.248E+00  5.564E-25  7.746E-17
5.200E+00  4.408E-25  6.081E-17
5.152E+00  3.508E-25  4.795E-17
5.105E+00  2.986E-25  4.044E-17
5.058E+00  2.673E-25  3.586E-17
5.012E+00  2.466E-25  3.278E-17
4.966E+00  2.317E-25  3.052E-17
4.920E+00  2.203E-25  2.876E-17
4.875E+00  2.112E-25  2.732E-17
4.831E+00  2.037E-25  2.610E-17
4.786E+00  1.973E-25  2.505E-17
4.742E+00  1.918E-25  2.412E-17
4.699E+00  1.869E-25  2.330E-17
4.656E+00  1.826E-25  2.255E-17
4.613E+00  1.787E-25  2.187E-17
4.571E+00  1.752E-25  2.124E-17
4.529E+00  1.720E-25  2.067E-17
4.487E+00  1.691E-25  2.013E-17
4.446E+00  1.665E-25  1.964E-17
4.406E+00  1.641E-25  1.917E-17
4.365E+00  1.619E-25  1.874E-17
4.325E+00  1.598E-25  1.834E-17
4.285E+00  1.580E-25  1.796E-17
4.246E+00  1.563E-25  1.760E-17
4.207E+00  1.547E-25  1.727E-17
4.169E+00  1.533E-25  1.695E-17
4.130E+00  1.520E-25  1.666E-17
4.093E+00  1.509E-25  1.638E-17
4.055E+00  1.499E-25  1.612E-17
4.018E+00  1.491E-25  1.589E-17
3.981E+00  1.484E-25  1.567E-17
3.945E+00  1.479E-25  1.547E-17
3.908E+00  1.475E-25  1.530E-17
3.873E+00  1.475E-25  1.515E-17
3.837E+00  1.476E-25  1.503E-17
3.802E+00  1.481E-25  1.494E-17
3.767E+00  1.490E-25  1.489E-17
3.733E+00  1.504E-25  1.489E-17
3.698E+00  1.524E-25  1.495E-17
3.664E+00  1.553E-25  1.509E-17
3.631E+00  1.593E-25  1.534E-17
3.597E+00  1.650E-25  1.575E-17
3.565E+00  1.732E-25  1.638E-17
3.532E+00  1.853E-25  1.736E-17
3.499E+00  2.037E-25  1.891E-17
3.467E+00  2.335E-25  2.148E-17
3.436E+00  2.858E-25  2.604E-17
3.404E+00  3.889E-25  3.512E-17
3.373E+00  6.352E-25  5.683E-17
3.342E+00  1.451E-24  1.287E-16
3.311E+00  5.499E-24  4.830E-16
3.281E+00  3.755E-24  3.268E-16
3.251E+00  1.070E-24  9.230E-17
3.221E+00  5.095E-25  4.354E-17
3.192E+00  3.240E-25  2.743E-17
3.162E+00  2.420E-25  2.030E-17
3.133E+00  1.989E-25  1.653E-17
3.105E+00  1.734E-25  1.428E-17
3.076E+00  1.570E-25  1.281E-17
3.048E+00  1.458E-25  1.178E-17
3.020E+00  1.377E-25  1.103E-17
2.992E+00  1.316E-25  1.044E-17
2.965E+00  1.268E-25  9.972E-18
2.938E+00  1.230E-25  9.583E-18
2.911E+00  1.198E-25  9.251E-18
2.884E+00  1.172E-25  8.962E-18
2.858E+00  1.149E-25  8.706E-18
2.831E+00  1.128E-25  8.474E-18
2.805E+00  1.110E-25  8.262E-18
2.780E+00  1.094E-25  8.066E-18
2.754E+00  1.079E-25  7.882E-18
2.729E+00  1.065E-25  7.708E-18
2.704E+00  1.052E-25  7.544E-18
2.679E+00  1.039E-25  7.386E-18
2.655E+00  1.028E-25  7.235E-18
2.630E+00  1.016E-25  7.090E-18
2.606E+00  1.005E-25  6.949E-18
2.582E+00  9.945E-26  6.812E-18
2.559E+00  9.841E-26  6.679E-18
2.535E+00  9.739E-26  6.549E-18
2.512E+00  9.639E-26  6.422E-18
2.489E+00  9.540E-26  6.298E-18
2.466E+00  9.441E-26  6.176E-18
2.443E+00  9.342E-26  6.055E-18
2.421E+00  9.245E-26  5.937E-18
2.399E+00  9.149E-26  5.822E-18
2.377E+00  9.054E-26  5.708E-18
2.355E+00  8.960E-26  5.597E-18
2.333E+00  8.866E-26  5.488E-18
2.312E+00  8.772E-26  5.380E-18
2.291E+00  8.679E-26  5.274E-18
2.270E+00  8.585E-26  5.169E-18
2.249E+00  8.490E-26  5.065E-18
2.228E+00  8.394E-26  4.962E-18
2.208E+00  8.297E-26  4.859E-18
2.188E+00  8.198E-26  4.757E-18
2.168E+00  8.096E-26  4.655E-18
2.148E+00  7.991E-26  4.552E-18
2.128E+00  7.881E-26  4.449E-18
2.109E+00  7.765E-26  4.343E-18
2.089E+00  7.642E-26  4.235E-18
2.070E+00  7.509E-26  4.123E-18
2.051E+00  7.364E-26  4.007E-18
2.032E+00  7.204E-26  3.884E-18
2.014E+00  7.025E-26  3.753E-18
1.995E+00  6.824E-26  3.612E-18
1.977E+00  6.601E-26  3.462E-18
1.959E+00  6.363E-26  3.306E-18
1.941E+00  6.132E-26  3.157E-18
1.923E+00  5.951E-26  3.036E-18
1.905E+00  5.864E-26  2.964E-18
1.888E+00  5.886E-26  2.948E-18
1.871E+00  5.985E-26  2.970E-18
1.854E+00  6.110E-26  3.004E-18
1.837E+00  6.220E-26  3.030E-18
1.820E+00  6.300E-26  3.041E-18
1.803E+00  6.349E-26  3.037E-18
1.786E+00  6.372E-26  3.020E-18
1.770E+00  6.374E-26  2.993E-18
1.754E+00  6.361E-26  2.960E-18
1.738E+00  6.338E-26  2.921E-18
1.722E+00  6.306E-26  2.880E-18
1.706E+00  6.269E-26  2.837E-18
1.690E+00  6.228E-26  2.793E-18
1.675E+00  6.185E-26  2.748E-18
1.660E+00  6.141E-26  2.703E-18
1.644E+00  6.096E-26  2.659E-18
1.629E+00  6.051E-26  2.615E-18
1.614E+00  6.008E-26  2.573E-18
1.600E+00  5.966E-26  2.531E-18
1.585E+00  5.927E-26  2.492E-18
1.570E+00  5.891E-26  2.454E-18
1.556E+00  5.859E-26  2.418E-18
1.542E+00  5.832E-26  2.385E-18
1.528E+00  5.810E-26  2.354E-18
1.514E+00  5.795E-26  2.327E-18
1.500E+00  5.788E-26  2.303E-18
1.486E+00  5.790E-26  2.282E-18
1.472E+00  5.803E-26  2.266E-18
1.459E+00  5.828E-26  2.255E-18
1.445E+00  5.868E-26  2.250E-18
1.432E+00  5.927E-26  2.252E-18
1.419E+00  6.006E-26  2.261E-18
1.406E+00  6.112E-26  2.279E-18
1.393E+00  6.248E-26  2.309E-18
1.380E+00  6.421E-26  2.351E-18
1.368E+00  6.639E-26  2.408E-18
1.355E+00  6.907E-26  2.483E-18
1.343E+00  7.234E-26  2.577E-18
1.330E+00  7.622E-26  2.690E-18
1.318E+00  8.063E-26  2.820E-18
1.306E+00  8.533E-26  2.956E-18
1.294E+00  8.976E-26  3.081E-18
1.282E+00  9.301E-26  3.164E-18
1.271E+00  9.398E-26  3.167E-18
1.259E+00  9.190E-26  3.069E-18
1.247E+00  8.682E-26  2.873E-18
1.236E+00  7.974E-26  2.614E-18
1.225E+00  7.197E-26  2.338E-18
1.213E+00  6.462E-26  2.080E-18
1.202E+00  5.828E-26  1.859E-18
1.191E+00  5.313E-26  1.679E-18
1.180E+00  4.914E-26  1.539E-18
1.169E+00  4.620E-26  1.433E-18
1.159E+00  4.420E-26  1.359E-18
1.148E+00  4.307E-26  1.312E-18
1.138E+00  4.280E-26  1.292E-18
1.127E+00  4.348E-26  1.300E-18
1.117E+00  4.530E-26  1.342E-18
1.107E+00  4.862E-26  1.427E-18
1.096E+00  5.402E-26  1.571E-18
1.086E+00  6.236E-26  1.797E-18
1.076E+00  7.448E-26  2.127E-18
1.067E+00  8.968E-26  2.537E-18
1.057E+00  1.018E-25  2.855E-18
1.047E+00  9.982E-26  2.773E-18
1.038E+00  8.266E-26  2.275E-18
1.028E+00  6.241E-26  1.702E-18
1.019E+00  4.671E-26  1.262E-18
1.009E+00  3.608E-26  9.658E-19
1.000E+00  2.904E-26  7.702E-19
