Dust emission from Draine & Li (2007): ApJ 657, 810-837
==========================================================
         5 = grain model
 4.000E-08 4.000E-01 3.000E-05 = a_01 (cm) , sigma_1 , b_C1/0.92
 2.000E-07 5.500E-01 1.000E-05 = a_02 (cm) , sigma_2 , b_C2/0.92
 1.000E+01 1.000E+06 2.000E+00 = Umin , Umax, beta (dN/dU propto U^{-beta})
 1.151E+02 = <U> 
     mmp83 = radfield
 5.155E-22 = power/H (erg s-1)
 band   nu*P_nu(band) j_nu(band)
 (um)   (erg s-1 H-1)(Jy cm2 sr-1 H-1)
1.270E+00  1.507E-24  5.077E-17 COBE-DIRBE
2.220E+00  2.032E-24  1.196E-16 COBE-DIRBE
3.530E+00  1.403E-23  1.314E-15 COBE-DIRBE
4.880E+00  9.707E-24  1.257E-15 COBE-DIRBE
1.229E+01  9.708E-23  3.165E-14 COBE-DIRBE
2.079E+01  1.585E-22  8.742E-14 COBE-DIRBE
5.599E+01  2.083E-22  3.093E-13 COBE-DIRBE
9.770E+01  8.778E-23  2.275E-13 COBE-DIRBE
1.479E+02  3.421E-23  1.342E-13 COBE-DIRBE
2.479E+02  6.455E-24  4.244E-14 COBE-DIRBE
1.200E+01  9.815E-23  3.124E-14 IRAS
2.500E+01  1.916E-22  1.270E-13 IRAS
6.000E+01  1.962E-22  3.123E-13 IRAS
1.000E+02  8.315E-23  2.206E-13 IRAS
3.550E+00  1.623E-23  1.528E-15 SST-IRAC
4.493E+00  6.810E-24  8.116E-16 SST-IRAC
5.731E+00  4.575E-23  6.955E-15 SST-IRAC
7.872E+00  1.178E-22  2.459E-14 SST-IRAC
2.368E+01  1.803E-22  1.133E-13 SST-MIPS
7.142E+01  1.365E-22  2.586E-13 SST-MIPS
1.559E+02  2.668E-23  1.103E-13 SST-MIPS
1.600E+01  1.086E-22  4.609E-14 SST-IRSPU
2.200E+01  1.776E-22  1.036E-13 SST-IRSPU
7.500E+01  1.184E-22  2.355E-13 Herschel-PACS
1.100E+02  5.881E-23  1.716E-13 Herschel-PACS
1.700E+02  2.033E-23  9.167E-14 Herschel-PACS
2.500E+02  5.252E-24  3.483E-14 Herschel-SPIRE
3.600E+02  1.179E-24  1.126E-14 Herschel-SPIRE
5.200E+02  2.520E-25  3.476E-15 Herschel-SPIRE
2.400E+00  2.340E-24  1.490E-16 Akari IRC NIR N2
3.200E+00  1.069E-23  9.073E-16 Akari IRC NIR N3
4.100E+00  7.028E-24  7.644E-16 Akari IRC NIR N4
7.000E+00  1.271E-22  2.359E-14 Akari IRC MIR-S S7
9.000E+00  1.031E-22  2.462E-14 Akari IRC MIR-S S9W
1.100E+01  9.145E-23  2.668E-14 Akari IRC MIR-S S11
1.500E+01  1.148E-22  4.569E-14 Akari IRC MIR-L L15
1.800E+01  1.429E-22  6.824E-14 Akari IRC MIR-L L18W
2.400E+01  1.780E-22  1.133E-13 Akari IRC MIR-L L24
6.500E+01  1.660E-22  2.863E-13 Akari FIS N60
8.000E+01  1.123E-22  2.384E-13 Akari FIS WIDE-S
1.400E+02  3.384E-23  1.257E-13 Akari FIS WIDE-L
1.600E+02  2.439E-23  1.035E-13 Akari FIS N160
 
 
 
 


lambda    nu*dP/dnu     j_nu
 (um)   (erg s-1 H-1)(Jy cm2 sr-1 H-1)
1.000E+04  9.607E-31  2.548E-19
9.908E+03  9.959E-31  2.618E-19
9.817E+03  1.032E-30  2.689E-19
9.727E+03  1.070E-30  2.762E-19
9.638E+03  1.110E-30  2.837E-19
9.550E+03  1.150E-30  2.914E-19
9.462E+03  1.193E-30  2.993E-19
9.376E+03  1.236E-30  3.075E-19
9.290E+03  1.282E-30  3.158E-19
9.204E+03  1.329E-30  3.244E-19
9.120E+03  1.378E-30  3.332E-19
9.036E+03  1.428E-30  3.423E-19
8.954E+03  1.480E-30  3.516E-19
8.872E+03  1.534E-30  3.611E-19
8.790E+03  1.590E-30  3.708E-19
8.710E+03  1.649E-30  3.809E-19
8.630E+03  1.709E-30  3.912E-19
8.551E+03  1.771E-30  4.018E-19
8.472E+03  1.836E-30  4.127E-19
8.395E+03  1.904E-30  4.239E-19
8.318E+03  1.974E-30  4.354E-19
8.241E+03  2.046E-30  4.473E-19
8.166E+03  2.121E-30  4.594E-19
8.091E+03  2.199E-30  4.720E-19
8.017E+03  2.280E-30  4.848E-19
7.943E+03  2.364E-30  4.981E-19
7.870E+03  2.451E-30  5.117E-19
7.798E+03  2.541E-30  5.257E-19
7.727E+03  2.635E-30  5.400E-19
7.656E+03  2.732E-30  5.548E-19
7.586E+03  2.833E-30  5.700E-19
7.516E+03  2.938E-30  5.857E-19
7.447E+03  3.046E-30  6.017E-19
7.379E+03  3.159E-30  6.183E-19
7.311E+03  3.276E-30  6.353E-19
7.244E+03  3.397E-30  6.528E-19
7.178E+03  3.523E-30  6.707E-19
7.112E+03  3.653E-30  6.892E-19
7.047E+03  3.789E-30  7.083E-19
6.982E+03  3.930E-30  7.278E-19
6.918E+03  4.075E-30  7.479E-19
6.855E+03  4.226E-30  7.685E-19
6.792E+03  4.383E-30  7.897E-19
6.730E+03  4.546E-30  8.115E-19
6.668E+03  4.715E-30  8.340E-19
6.607E+03  4.890E-30  8.571E-19
6.546E+03  5.073E-30  8.808E-19
6.486E+03  5.261E-30  9.053E-19
6.427E+03  5.458E-30  9.304E-19
6.368E+03  5.661E-30  9.563E-19
6.310E+03  5.873E-30  9.829E-19
6.252E+03  6.092E-30  1.010E-18
6.194E+03  6.320E-30  1.038E-18
6.138E+03  6.556E-30  1.067E-18
6.081E+03  6.801E-30  1.097E-18
6.026E+03  7.056E-30  1.128E-18
5.970E+03  7.321E-30  1.159E-18
5.916E+03  7.595E-30  1.192E-18
5.861E+03  7.880E-30  1.225E-18
5.808E+03  8.176E-30  1.260E-18
5.754E+03  8.483E-30  1.295E-18
5.702E+03  8.802E-30  1.331E-18
5.649E+03  9.133E-30  1.369E-18
5.598E+03  9.477E-30  1.407E-18
5.546E+03  9.834E-30  1.447E-18
5.495E+03  1.021E-29  1.488E-18
5.445E+03  1.059E-29  1.530E-18
5.395E+03  1.099E-29  1.573E-18
5.346E+03  1.140E-29  1.617E-18
5.297E+03  1.184E-29  1.663E-18
5.248E+03  1.228E-29  1.710E-18
5.200E+03  1.275E-29  1.758E-18
5.152E+03  1.323E-29  1.808E-18
5.105E+03  1.373E-29  1.860E-18
5.058E+03  1.425E-29  1.912E-18
5.012E+03  1.479E-29  1.967E-18
4.966E+03  1.535E-29  2.023E-18
4.920E+03  1.594E-29  2.080E-18
4.875E+03  1.654E-29  2.139E-18
4.831E+03  1.717E-29  2.200E-18
4.786E+03  1.782E-29  2.263E-18
4.742E+03  1.850E-29  2.328E-18
4.699E+03  1.921E-29  2.394E-18
4.656E+03  1.994E-29  2.462E-18
4.613E+03  2.070E-29  2.533E-18
4.571E+03  2.149E-29  2.605E-18
4.529E+03  2.231E-29  2.680E-18
4.487E+03  2.316E-29  2.757E-18
4.446E+03  2.405E-29  2.836E-18
4.406E+03  2.497E-29  2.918E-18
4.365E+03  2.593E-29  3.002E-18
4.325E+03  2.692E-29  3.088E-18
4.285E+03  2.795E-29  3.177E-18
4.246E+03  2.902E-29  3.269E-18
4.207E+03  3.014E-29  3.364E-18
4.169E+03  3.130E-29  3.461E-18
4.130E+03  3.250E-29  3.561E-18
4.093E+03  3.375E-29  3.664E-18
4.055E+03  3.505E-29  3.770E-18
4.018E+03  3.640E-29  3.880E-18
3.981E+03  3.780E-29  3.992E-18
3.945E+03  3.926E-29  4.108E-18
3.908E+03  4.077E-29  4.227E-18
3.873E+03  4.235E-29  4.350E-18
3.837E+03  4.398E-29  4.476E-18
3.802E+03  4.568E-29  4.607E-18
3.767E+03  4.745E-29  4.741E-18
3.733E+03  4.928E-29  4.879E-18
3.698E+03  5.119E-29  5.022E-18
3.664E+03  5.318E-29  5.169E-18
3.631E+03  5.524E-29  5.320E-18
3.597E+03  5.738E-29  5.476E-18
3.565E+03  5.961E-29  5.637E-18
3.532E+03  6.193E-29  5.802E-18
3.499E+03  6.434E-29  5.973E-18
3.467E+03  6.685E-29  6.148E-18
3.436E+03  6.945E-29  6.329E-18
3.404E+03  7.216E-29  6.516E-18
3.373E+03  7.498E-29  6.708E-18
3.342E+03  7.791E-29  6.907E-18
3.311E+03  8.096E-29  7.111E-18
3.281E+03  8.412E-29  7.321E-18
3.251E+03  8.742E-29  7.538E-18
3.221E+03  9.084E-29  7.762E-18
3.192E+03  9.440E-29  7.992E-18
3.162E+03  9.811E-29  8.229E-18
3.133E+03  1.020E-28  8.474E-18
3.105E+03  1.060E-28  8.726E-18
3.076E+03  1.101E-28  8.986E-18
3.048E+03  1.145E-28  9.254E-18
3.020E+03  1.190E-28  9.530E-18
2.992E+03  1.237E-28  9.815E-18
2.965E+03  1.285E-28  1.011E-17
2.938E+03  1.336E-28  1.041E-17
2.911E+03  1.388E-28  1.072E-17
2.884E+03  1.443E-28  1.104E-17
2.858E+03  1.500E-28  1.137E-17
2.831E+03  1.559E-28  1.171E-17
2.805E+03  1.621E-28  1.206E-17
2.780E+03  1.685E-28  1.242E-17
2.754E+03  1.751E-28  1.279E-17
2.729E+03  1.821E-28  1.318E-17
2.704E+03  1.893E-28  1.357E-17
2.679E+03  1.968E-28  1.398E-17
2.655E+03  2.046E-28  1.440E-17
2.630E+03  2.127E-28  1.484E-17
2.606E+03  2.211E-28  1.529E-17
2.582E+03  2.299E-28  1.575E-17
2.559E+03  2.391E-28  1.623E-17
2.535E+03  2.486E-28  1.672E-17
2.512E+03  2.585E-28  1.722E-17
2.489E+03  2.688E-28  1.775E-17
2.466E+03  2.795E-28  1.828E-17
2.443E+03  2.907E-28  1.884E-17
2.421E+03  3.023E-28  1.941E-17
2.399E+03  3.144E-28  2.000E-17
2.377E+03  3.269E-28  2.061E-17
2.355E+03  3.400E-28  2.124E-17
2.333E+03  3.536E-28  2.189E-17
2.312E+03  3.678E-28  2.256E-17
2.291E+03  3.825E-28  2.325E-17
2.270E+03  3.979E-28  2.396E-17
2.249E+03  4.138E-28  2.469E-17
2.228E+03  4.305E-28  2.545E-17
2.208E+03  4.478E-28  2.623E-17
2.188E+03  4.658E-28  2.703E-17
2.168E+03  4.845E-28  2.786E-17
2.148E+03  5.040E-28  2.871E-17
2.128E+03  5.243E-28  2.960E-17
2.109E+03  5.454E-28  3.051E-17
2.089E+03  5.674E-28  3.145E-17
2.070E+03  5.903E-28  3.241E-17
2.051E+03  6.141E-28  3.341E-17
2.032E+03  6.389E-28  3.444E-17
2.014E+03  6.647E-28  3.550E-17
1.995E+03  6.915E-28  3.660E-17
1.977E+03  7.195E-28  3.773E-17
1.959E+03  7.486E-28  3.889E-17
1.941E+03  7.788E-28  4.010E-17
1.923E+03  8.103E-28  4.134E-17
1.905E+03  8.431E-28  4.262E-17
1.888E+03  8.773E-28  4.393E-17
1.871E+03  9.128E-28  4.530E-17
1.854E+03  9.498E-28  4.670E-17
1.837E+03  9.883E-28  4.815E-17
1.820E+03  1.028E-27  4.964E-17
1.803E+03  1.070E-27  5.118E-17
1.786E+03  1.114E-27  5.277E-17
1.770E+03  1.159E-27  5.441E-17
1.754E+03  1.206E-27  5.610E-17
1.738E+03  1.255E-27  5.785E-17
1.722E+03  1.306E-27  5.965E-17
1.706E+03  1.359E-27  6.151E-17
1.690E+03  1.414E-27  6.342E-17
1.675E+03  1.472E-27  6.540E-17
1.660E+03  1.532E-27  6.744E-17
1.644E+03  1.594E-27  6.954E-17
1.629E+03  1.659E-27  7.171E-17
1.614E+03  1.727E-27  7.395E-17
1.600E+03  1.797E-27  7.626E-17
1.585E+03  1.871E-27  7.864E-17
1.570E+03  1.947E-27  8.110E-17
1.556E+03  2.026E-27  8.363E-17
1.542E+03  2.109E-27  8.625E-17
1.528E+03  2.195E-27  8.894E-17
1.514E+03  2.285E-27  9.172E-17
1.500E+03  2.378E-27  9.459E-17
1.486E+03  2.475E-27  9.756E-17
1.472E+03  2.576E-27  1.006E-16
1.459E+03  2.682E-27  1.038E-16
1.445E+03  2.791E-27  1.070E-16
1.432E+03  2.905E-27  1.104E-16
1.419E+03  3.024E-27  1.138E-16
1.406E+03  3.148E-27  1.174E-16
1.393E+03  3.277E-27  1.211E-16
1.380E+03  3.411E-27  1.249E-16
1.368E+03  3.551E-27  1.288E-16
1.355E+03  3.696E-27  1.329E-16
1.343E+03  3.847E-27  1.370E-16
1.330E+03  4.005E-27  1.413E-16
1.318E+03  4.169E-27  1.458E-16
1.306E+03  4.340E-27  1.504E-16
1.294E+03  4.517E-27  1.551E-16
1.282E+03  4.702E-27  1.599E-16
1.271E+03  4.895E-27  1.650E-16
1.259E+03  5.095E-27  1.702E-16
1.247E+03  5.304E-27  1.755E-16
1.236E+03  5.521E-27  1.810E-16
1.225E+03  5.747E-27  1.867E-16
1.213E+03  5.983E-27  1.926E-16
1.202E+03  6.228E-27  1.986E-16
1.191E+03  6.483E-27  2.049E-16
1.180E+03  6.748E-27  2.113E-16
1.169E+03  7.025E-27  2.179E-16
1.159E+03  7.312E-27  2.248E-16
1.148E+03  7.612E-27  2.318E-16
1.138E+03  7.923E-27  2.391E-16
1.127E+03  8.248E-27  2.466E-16
1.117E+03  8.585E-27  2.543E-16
1.107E+03  8.936E-27  2.623E-16
1.096E+03  9.302E-27  2.705E-16
1.086E+03  9.682E-27  2.790E-16
1.076E+03  1.008E-26  2.878E-16
1.067E+03  1.049E-26  2.968E-16
1.057E+03  1.092E-26  3.061E-16
1.047E+03  1.137E-26  3.157E-16
1.038E+03  1.183E-26  3.256E-16
1.028E+03  1.231E-26  3.358E-16
1.019E+03  1.282E-26  3.463E-16
1.009E+03  1.334E-26  3.571E-16
1.000E+03  1.388E-26  3.683E-16
9.908E+02  1.445E-26  3.798E-16
9.817E+02  1.504E-26  3.917E-16
9.727E+02  1.565E-26  4.039E-16
9.638E+02  1.629E-26  4.166E-16
9.550E+02  1.696E-26  4.296E-16
9.462E+02  1.765E-26  4.430E-16
9.376E+02  1.837E-26  4.569E-16
9.290E+02  1.912E-26  4.711E-16
9.204E+02  1.990E-26  4.858E-16
9.120E+02  2.071E-26  5.010E-16
9.036E+02  2.155E-26  5.166E-16
8.954E+02  2.243E-26  5.327E-16
8.872E+02  2.334E-26  5.493E-16
8.790E+02  2.429E-26  5.664E-16
8.710E+02  2.528E-26  5.840E-16
8.630E+02  2.630E-26  6.021E-16
8.551E+02  2.737E-26  6.208E-16
8.472E+02  2.848E-26  6.400E-16
8.395E+02  2.963E-26  6.599E-16
8.318E+02  3.083E-26  6.803E-16
8.241E+02  3.208E-26  7.013E-16
8.166E+02  3.338E-26  7.230E-16
8.091E+02  3.473E-26  7.453E-16
8.017E+02  3.613E-26  7.683E-16
7.943E+02  3.759E-26  7.920E-16
7.870E+02  3.910E-26  8.164E-16
7.798E+02  4.068E-26  8.415E-16
7.727E+02  4.232E-26  8.674E-16
7.656E+02  4.403E-26  8.941E-16
7.586E+02  4.580E-26  9.215E-16
7.516E+02  4.764E-26  9.498E-16
7.447E+02  4.956E-26  9.790E-16
7.379E+02  5.156E-26  1.009E-15
7.311E+02  5.363E-26  1.040E-15
7.244E+02  5.580E-26  1.072E-15
7.178E+02  5.804E-26  1.105E-15
7.112E+02  6.038E-26  1.139E-15
7.047E+02  6.282E-26  1.174E-15
6.982E+02  6.535E-26  1.210E-15
6.918E+02  6.798E-26  1.248E-15
6.855E+02  7.072E-26  1.286E-15
6.792E+02  7.356E-26  1.325E-15
6.730E+02  7.652E-26  1.366E-15
6.668E+02  7.959E-26  1.408E-15
6.607E+02  8.279E-26  1.451E-15
6.546E+02  8.612E-26  1.495E-15
6.486E+02  8.959E-26  1.541E-15
6.427E+02  9.321E-26  1.589E-15
6.368E+02  9.697E-26  1.638E-15
6.310E+02  1.009E-25  1.688E-15
6.252E+02  1.049E-25  1.740E-15
6.194E+02  1.092E-25  1.794E-15
6.138E+02  1.136E-25  1.849E-15
6.081E+02  1.182E-25  1.906E-15
6.026E+02  1.229E-25  1.965E-15
5.970E+02  1.279E-25  2.026E-15
5.916E+02  1.331E-25  2.088E-15
5.861E+02  1.384E-25  2.152E-15
5.808E+02  1.440E-25  2.219E-15
5.754E+02  1.498E-25  2.287E-15
5.702E+02  1.559E-25  2.358E-15
5.649E+02  1.622E-25  2.430E-15
5.598E+02  1.687E-25  2.505E-15
5.546E+02  1.755E-25  2.582E-15
5.495E+02  1.826E-25  2.662E-15
5.445E+02  1.900E-25  2.744E-15
5.395E+02  1.977E-25  2.829E-15
5.346E+02  2.056E-25  2.916E-15
5.297E+02  2.140E-25  3.006E-15
5.248E+02  2.226E-25  3.099E-15
5.200E+02  2.316E-25  3.194E-15
5.152E+02  2.409E-25  3.293E-15
5.105E+02  2.507E-25  3.394E-15
5.058E+02  2.608E-25  3.499E-15
5.012E+02  2.713E-25  3.607E-15
4.966E+02  2.823E-25  3.718E-15
4.920E+02  2.936E-25  3.833E-15
4.875E+02  3.055E-25  3.951E-15
4.831E+02  3.178E-25  4.072E-15
4.786E+02  3.306E-25  4.198E-15
4.742E+02  3.440E-25  4.327E-15
4.699E+02  3.578E-25  4.460E-15
4.656E+02  3.723E-25  4.597E-15
4.613E+02  3.873E-25  4.739E-15
4.571E+02  4.029E-25  4.885E-15
4.529E+02  4.191E-25  5.035E-15
4.487E+02  4.360E-25  5.189E-15
4.446E+02  4.535E-25  5.349E-15
4.406E+02  4.717E-25  5.513E-15
4.365E+02  4.907E-25  5.682E-15
4.325E+02  5.104E-25  5.856E-15
4.285E+02  5.310E-25  6.036E-15
4.246E+02  5.523E-25  6.221E-15
4.207E+02  5.745E-25  6.411E-15
4.169E+02  5.976E-25  6.608E-15
4.130E+02  6.216E-25  6.810E-15
4.093E+02  6.465E-25  7.018E-15
4.055E+02  6.724E-25  7.233E-15
4.018E+02  6.994E-25  7.454E-15
3.981E+02  7.275E-25  7.682E-15
3.945E+02  7.566E-25  7.917E-15
3.908E+02  7.870E-25  8.159E-15
3.873E+02  8.185E-25  8.408E-15
3.837E+02  8.513E-25  8.664E-15
3.802E+02  8.853E-25  8.929E-15
3.767E+02  9.208E-25  9.201E-15
3.733E+02  9.576E-25  9.481E-15
3.698E+02  9.958E-25  9.769E-15
3.664E+02  1.036E-24  1.007E-14
3.631E+02  1.077E-24  1.037E-14
3.597E+02  1.120E-24  1.069E-14
3.565E+02  1.165E-24  1.101E-14
3.532E+02  1.211E-24  1.134E-14
3.499E+02  1.259E-24  1.169E-14
3.467E+02  1.309E-24  1.204E-14
3.436E+02  1.361E-24  1.240E-14
3.404E+02  1.415E-24  1.278E-14
3.373E+02  1.471E-24  1.316E-14
3.342E+02  1.530E-24  1.356E-14
3.311E+02  1.590E-24  1.397E-14
3.281E+02  1.653E-24  1.439E-14
3.251E+02  1.719E-24  1.482E-14
3.221E+02  1.786E-24  1.526E-14
3.192E+02  1.857E-24  1.572E-14
3.162E+02  1.930E-24  1.619E-14
3.133E+02  2.006E-24  1.667E-14
3.105E+02  2.085E-24  1.717E-14
3.076E+02  2.167E-24  1.768E-14
3.048E+02  2.252E-24  1.821E-14
3.020E+02  2.340E-24  1.875E-14
2.992E+02  2.432E-24  1.930E-14
2.965E+02  2.527E-24  1.987E-14
2.938E+02  2.626E-24  2.046E-14
2.911E+02  2.728E-24  2.106E-14
2.884E+02  2.834E-24  2.168E-14
2.858E+02  2.944E-24  2.232E-14
2.831E+02  3.059E-24  2.297E-14
2.805E+02  3.177E-24  2.364E-14
2.780E+02  3.300E-24  2.433E-14
2.754E+02  3.428E-24  2.504E-14
2.729E+02  3.561E-24  2.578E-14
2.704E+02  3.698E-24  2.653E-14
2.679E+02  3.841E-24  2.730E-14
2.655E+02  3.990E-24  2.809E-14
2.630E+02  4.143E-24  2.891E-14
2.606E+02  4.303E-24  2.975E-14
2.582E+02  4.468E-24  3.061E-14
2.559E+02  4.639E-24  3.148E-14
2.535E+02  4.815E-24  3.238E-14
2.512E+02  4.997E-24  3.330E-14
2.489E+02  5.183E-24  3.422E-14
2.466E+02  5.372E-24  3.514E-14
2.443E+02  5.566E-24  3.608E-14
2.421E+02  5.766E-24  3.703E-14
2.399E+02  5.972E-24  3.800E-14
2.377E+02  6.181E-24  3.897E-14
2.355E+02  6.397E-24  3.996E-14
2.333E+02  6.620E-24  4.097E-14
2.312E+02  6.850E-24  4.201E-14
2.291E+02  7.087E-24  4.306E-14
2.270E+02  7.331E-24  4.414E-14
2.249E+02  7.583E-24  4.524E-14
2.228E+02  7.843E-24  4.636E-14
2.208E+02  8.111E-24  4.751E-14
2.188E+02  8.387E-24  4.867E-14
2.168E+02  8.672E-24  4.986E-14
2.148E+02  8.965E-24  5.108E-14
2.128E+02  9.268E-24  5.232E-14
2.109E+02  9.579E-24  5.358E-14
2.089E+02  9.899E-24  5.486E-14
2.070E+02  1.023E-23  5.617E-14
2.051E+02  1.057E-23  5.750E-14
2.032E+02  1.092E-23  5.886E-14
2.014E+02  1.128E-23  6.025E-14
1.995E+02  1.165E-23  6.166E-14
1.977E+02  1.203E-23  6.309E-14
1.959E+02  1.242E-23  6.455E-14
1.941E+02  1.283E-23  6.603E-14
1.923E+02  1.324E-23  6.755E-14
1.905E+02  1.367E-23  6.909E-14
1.888E+02  1.411E-23  7.065E-14
1.871E+02  1.456E-23  7.225E-14
1.854E+02  1.502E-23  7.387E-14
1.837E+02  1.550E-23  7.552E-14
1.820E+02  1.599E-23  7.720E-14
1.803E+02  1.650E-23  7.890E-14
1.786E+02  1.702E-23  8.064E-14
1.770E+02  1.755E-23  8.241E-14
1.754E+02  1.810E-23  8.421E-14
1.738E+02  1.867E-23  8.604E-14
1.722E+02  1.925E-23  8.791E-14
1.706E+02  1.984E-23  8.981E-14
1.690E+02  2.046E-23  9.174E-14
1.675E+02  2.109E-23  9.371E-14
1.660E+02  2.174E-23  9.571E-14
1.644E+02  2.241E-23  9.776E-14
1.629E+02  2.310E-23  9.985E-14
1.614E+02  2.381E-23  1.020E-13
1.600E+02  2.455E-23  1.041E-13
1.585E+02  2.530E-23  1.064E-13
1.570E+02  2.608E-23  1.086E-13
1.556E+02  2.688E-23  1.110E-13
1.542E+02  2.771E-23  1.133E-13
1.528E+02  2.857E-23  1.158E-13
1.514E+02  2.945E-23  1.183E-13
1.500E+02  3.037E-23  1.208E-13
1.486E+02  3.130E-23  1.234E-13
1.472E+02  3.227E-23  1.260E-13
1.459E+02  3.326E-23  1.287E-13
1.445E+02  3.426E-23  1.314E-13
1.432E+02  3.528E-23  1.340E-13
1.419E+02  3.629E-23  1.366E-13
1.406E+02  3.729E-23  1.391E-13
1.393E+02  3.826E-23  1.414E-13
1.380E+02  3.920E-23  1.435E-13
1.368E+02  4.011E-23  1.455E-13
1.355E+02  4.099E-23  1.474E-13
1.343E+02  4.186E-23  1.491E-13
1.330E+02  4.273E-23  1.508E-13
1.318E+02  4.360E-23  1.524E-13
1.306E+02  4.448E-23  1.541E-13
1.294E+02  4.539E-23  1.558E-13
1.282E+02  4.632E-23  1.575E-13
1.271E+02  4.727E-23  1.593E-13
1.259E+02  4.825E-23  1.611E-13
1.247E+02  4.925E-23  1.630E-13
1.236E+02  5.029E-23  1.649E-13
1.225E+02  5.135E-23  1.668E-13
1.213E+02  5.244E-23  1.688E-13
1.202E+02  5.355E-23  1.708E-13
1.191E+02  5.469E-23  1.728E-13
1.180E+02  5.585E-23  1.749E-13
1.169E+02  5.704E-23  1.769E-13
1.159E+02  5.824E-23  1.790E-13
1.148E+02  5.947E-23  1.811E-13
1.138E+02  6.073E-23  1.833E-13
1.127E+02  6.200E-23  1.854E-13
1.117E+02  6.331E-23  1.876E-13
1.107E+02  6.464E-23  1.897E-13
1.096E+02  6.599E-23  1.919E-13
1.086E+02  6.736E-23  1.941E-13
1.076E+02  6.876E-23  1.963E-13
1.067E+02  7.018E-23  1.986E-13
1.057E+02  7.162E-23  2.008E-13
1.047E+02  7.308E-23  2.030E-13
1.038E+02  7.456E-23  2.052E-13
1.028E+02  7.606E-23  2.074E-13
1.019E+02  7.757E-23  2.096E-13
1.009E+02  7.910E-23  2.118E-13
1.000E+02  8.066E-23  2.139E-13
9.908E+01  8.222E-23  2.161E-13
9.817E+01  8.380E-23  2.182E-13
9.727E+01  8.540E-23  2.204E-13
9.638E+01  8.702E-23  2.225E-13
9.550E+01  8.865E-23  2.246E-13
9.462E+01  9.030E-23  2.267E-13
9.376E+01  9.196E-23  2.287E-13
9.290E+01  9.364E-23  2.307E-13
9.204E+01  9.533E-23  2.328E-13
9.120E+01  9.703E-23  2.347E-13
9.036E+01  9.875E-23  2.367E-13
8.954E+01  1.005E-22  2.386E-13
8.872E+01  1.022E-22  2.406E-13
8.790E+01  1.040E-22  2.425E-13
8.710E+01  1.058E-22  2.443E-13
8.630E+01  1.076E-22  2.462E-13
8.551E+01  1.094E-22  2.480E-13
8.472E+01  1.112E-22  2.498E-13
8.395E+01  1.130E-22  2.516E-13
8.318E+01  1.148E-22  2.533E-13
8.241E+01  1.167E-22  2.550E-13
8.166E+01  1.185E-22  2.567E-13
8.091E+01  1.204E-22  2.584E-13
8.017E+01  1.223E-22  2.601E-13
7.943E+01  1.242E-22  2.617E-13
7.870E+01  1.261E-22  2.632E-13
7.798E+01  1.280E-22  2.648E-13
7.727E+01  1.299E-22  2.662E-13
7.656E+01  1.318E-22  2.677E-13
7.586E+01  1.338E-22  2.692E-13
7.516E+01  1.357E-22  2.706E-13
7.447E+01  1.376E-22  2.719E-13
7.379E+01  1.396E-22  2.732E-13
7.311E+01  1.415E-22  2.745E-13
7.244E+01  1.435E-22  2.757E-13
7.178E+01  1.454E-22  2.769E-13
7.112E+01  1.474E-22  2.780E-13
7.047E+01  1.494E-22  2.792E-13
6.982E+01  1.514E-22  2.803E-13
6.918E+01  1.534E-22  2.814E-13
6.855E+01  1.554E-22  2.825E-13
6.792E+01  1.574E-22  2.835E-13
6.730E+01  1.594E-22  2.845E-13
6.668E+01  1.614E-22  2.854E-13
6.607E+01  1.634E-22  2.864E-13
6.546E+01  1.654E-22  2.872E-13
6.486E+01  1.675E-22  2.881E-13
6.427E+01  1.695E-22  2.889E-13
6.368E+01  1.715E-22  2.897E-13
6.310E+01  1.736E-22  2.905E-13
6.252E+01  1.757E-22  2.913E-13
6.194E+01  1.777E-22  2.921E-13
6.138E+01  1.798E-22  2.928E-13
6.081E+01  1.819E-22  2.935E-13
6.026E+01  1.841E-22  2.942E-13
5.970E+01  1.862E-22  2.948E-13
5.916E+01  1.883E-22  2.955E-13
5.861E+01  1.904E-22  2.961E-13
5.808E+01  1.926E-22  2.967E-13
5.754E+01  1.948E-22  2.973E-13
5.702E+01  1.969E-22  2.978E-13
5.649E+01  1.991E-22  2.984E-13
5.598E+01  2.014E-22  2.990E-13
5.546E+01  2.036E-22  2.995E-13
5.495E+01  2.059E-22  3.001E-13
5.445E+01  2.082E-22  3.007E-13
5.395E+01  2.105E-22  3.012E-13
5.346E+01  2.128E-22  3.018E-13
5.297E+01  2.152E-22  3.024E-13
5.248E+01  2.176E-22  3.029E-13
5.200E+01  2.200E-22  3.035E-13
5.152E+01  2.225E-22  3.041E-13
5.105E+01  2.250E-22  3.047E-13
5.058E+01  2.275E-22  3.053E-13
5.012E+01  2.301E-22  3.059E-13
4.966E+01  2.327E-22  3.065E-13
4.920E+01  2.353E-22  3.071E-13
4.875E+01  2.380E-22  3.077E-13
4.831E+01  2.407E-22  3.084E-13
4.786E+01  2.434E-22  3.091E-13
4.742E+01  2.463E-22  3.098E-13
4.699E+01  2.491E-22  3.105E-13
4.656E+01  2.520E-22  3.113E-13
4.613E+01  2.550E-22  3.120E-13
4.571E+01  2.580E-22  3.128E-13
4.529E+01  2.611E-22  3.136E-13
4.487E+01  2.642E-22  3.145E-13
4.446E+01  2.674E-22  3.154E-13
4.406E+01  2.706E-22  3.163E-13
4.365E+01  2.739E-22  3.172E-13
4.325E+01  2.772E-22  3.181E-13
4.285E+01  2.806E-22  3.190E-13
4.246E+01  2.840E-22  3.199E-13
4.207E+01  2.874E-22  3.208E-13
4.169E+01  2.909E-22  3.217E-13
4.130E+01  2.944E-22  3.226E-13
4.093E+01  2.979E-22  3.234E-13
4.055E+01  3.014E-22  3.242E-13
4.018E+01  3.048E-22  3.249E-13
3.981E+01  3.083E-22  3.256E-13
3.945E+01  3.117E-22  3.262E-13
3.908E+01  3.151E-22  3.267E-13
3.873E+01  3.184E-22  3.271E-13
3.837E+01  3.216E-22  3.274E-13
3.802E+01  3.248E-22  3.275E-13
3.767E+01  3.277E-22  3.275E-13
3.733E+01  3.305E-22  3.273E-13
3.698E+01  3.332E-22  3.268E-13
3.664E+01  3.356E-22  3.262E-13
3.631E+01  3.378E-22  3.253E-13
3.597E+01  3.398E-22  3.242E-13
3.565E+01  3.415E-22  3.229E-13
3.532E+01  3.429E-22  3.212E-13
3.499E+01  3.440E-22  3.193E-13
3.467E+01  3.447E-22  3.170E-13
3.436E+01  3.451E-22  3.145E-13
3.404E+01  3.451E-22  3.116E-13
3.373E+01  3.447E-22  3.084E-13
3.342E+01  3.439E-22  3.048E-13
3.311E+01  3.427E-22  3.010E-13
3.281E+01  3.411E-22  2.969E-13
3.251E+01  3.391E-22  2.924E-13
3.221E+01  3.366E-22  2.876E-13
3.192E+01  3.338E-22  2.826E-13
3.162E+01  3.306E-22  2.773E-13
3.133E+01  3.270E-22  2.718E-13
3.105E+01  3.231E-22  2.660E-13
3.076E+01  3.188E-22  2.601E-13
3.048E+01  3.143E-22  2.541E-13
3.020E+01  3.095E-22  2.479E-13
2.992E+01  3.045E-22  2.417E-13
2.965E+01  2.993E-22  2.354E-13
2.938E+01  2.940E-22  2.291E-13
2.911E+01  2.885E-22  2.227E-13
2.884E+01  2.829E-22  2.164E-13
2.858E+01  2.773E-22  2.102E-13
2.831E+01  2.717E-22  2.041E-13
2.805E+01  2.661E-22  1.980E-13
2.780E+01  2.606E-22  1.921E-13
2.754E+01  2.551E-22  1.863E-13
2.729E+01  2.496E-22  1.807E-13
2.704E+01  2.443E-22  1.752E-13
2.679E+01  2.391E-22  1.699E-13
2.655E+01  2.341E-22  1.648E-13
2.630E+01  2.291E-22  1.599E-13
2.606E+01  2.243E-22  1.551E-13
2.582E+01  2.197E-22  1.505E-13
2.559E+01  2.152E-22  1.461E-13
2.535E+01  2.109E-22  1.418E-13
2.512E+01  2.068E-22  1.378E-13
2.489E+01  2.028E-22  1.339E-13
2.466E+01  1.989E-22  1.301E-13
2.443E+01  1.952E-22  1.265E-13
2.421E+01  1.916E-22  1.231E-13
2.399E+01  1.882E-22  1.197E-13
2.377E+01  1.849E-22  1.166E-13
2.355E+01  1.818E-22  1.136E-13
2.333E+01  1.788E-22  1.107E-13
2.312E+01  1.759E-22  1.079E-13
2.291E+01  1.731E-22  1.052E-13
2.270E+01  1.705E-22  1.027E-13
2.249E+01  1.682E-22  1.004E-13
2.228E+01  1.661E-22  9.816E-14
2.208E+01  1.640E-22  9.604E-14
2.188E+01  1.618E-22  9.392E-14
2.168E+01  1.598E-22  9.186E-14
2.148E+01  1.578E-22  8.989E-14
2.128E+01  1.560E-22  8.804E-14
2.109E+01  1.543E-22  8.633E-14
2.089E+01  1.527E-22  8.465E-14
2.070E+01  1.512E-22  8.301E-14
2.051E+01  1.496E-22  8.142E-14
2.032E+01  1.483E-22  7.993E-14
2.014E+01  1.472E-22  7.864E-14
1.995E+01  1.462E-22  7.738E-14
1.977E+01  1.452E-22  7.615E-14
1.959E+01  1.442E-22  7.492E-14
1.941E+01  1.432E-22  7.371E-14
1.923E+01  1.423E-22  7.259E-14
1.905E+01  1.421E-22  7.184E-14
1.888E+01  1.416E-22  7.094E-14
1.871E+01  1.385E-22  6.872E-14
1.854E+01  1.363E-22  6.699E-14
1.837E+01  1.345E-22  6.553E-14
1.820E+01  1.331E-22  6.425E-14
1.803E+01  1.324E-22  6.331E-14
1.786E+01  1.326E-22  6.281E-14
1.770E+01  1.308E-22  6.141E-14
1.754E+01  1.310E-22  6.093E-14
1.738E+01  1.345E-22  6.200E-14
1.722E+01  1.316E-22  6.012E-14
1.706E+01  1.298E-22  5.875E-14
1.690E+01  1.265E-22  5.673E-14
1.675E+01  1.223E-22  5.435E-14
1.660E+01  1.210E-22  5.325E-14
1.644E+01  1.263E-22  5.511E-14
1.629E+01  1.116E-22  4.823E-14
1.614E+01  1.044E-22  4.471E-14
1.600E+01  1.007E-22  4.271E-14
1.585E+01  9.769E-23  4.107E-14
1.570E+01  9.461E-23  3.941E-14
1.556E+01  9.210E-23  3.801E-14
1.542E+01  8.994E-23  3.678E-14
1.528E+01  8.803E-23  3.567E-14
1.514E+01  8.632E-23  3.466E-14
1.500E+01  8.482E-23  3.374E-14
1.486E+01  8.349E-23  3.291E-14
1.472E+01  8.241E-23  3.219E-14
1.459E+01  8.171E-23  3.162E-14
1.445E+01  8.177E-23  3.135E-14
1.432E+01  8.334E-23  3.166E-14
1.419E+01  8.543E-23  3.216E-14
1.406E+01  8.350E-23  3.114E-14
1.393E+01  8.256E-23  3.051E-14
1.380E+01  8.419E-23  3.083E-14
1.368E+01  8.830E-23  3.204E-14
1.355E+01  9.368E-23  3.368E-14
1.343E+01  9.525E-23  3.393E-14
1.330E+01  9.253E-23  3.265E-14
1.318E+01  9.129E-23  3.192E-14
1.306E+01  9.388E-23  3.253E-14
1.294E+01  1.013E-22  3.479E-14
1.282E+01  1.150E-22  3.913E-14
1.271E+01  1.325E-22  4.466E-14
1.259E+01  1.386E-22  4.627E-14
1.247E+01  1.267E-22  4.193E-14
1.236E+01  1.143E-22  3.747E-14
1.225E+01  1.101E-22  3.577E-14
1.213E+01  1.135E-22  3.653E-14
1.202E+01  1.184E-22  3.775E-14
1.191E+01  1.157E-22  3.657E-14
1.180E+01  1.088E-22  3.408E-14
1.169E+01  1.071E-22  3.323E-14
1.159E+01  1.162E-22  3.572E-14
1.148E+01  1.452E-22  4.421E-14
1.138E+01  1.877E-22  5.664E-14
1.127E+01  2.366E-22  7.074E-14
1.117E+01  1.788E-22  5.296E-14
1.107E+01  1.111E-22  3.261E-14
1.096E+01  8.843E-23  2.572E-14
1.086E+01  7.786E-23  2.244E-14
1.076E+01  7.222E-23  2.062E-14
1.067E+01  6.884E-23  1.948E-14
1.057E+01  6.590E-23  1.848E-14
1.047E+01  6.387E-23  1.774E-14
1.038E+01  6.235E-23  1.716E-14
1.028E+01  6.109E-23  1.666E-14
1.019E+01  5.999E-23  1.621E-14
1.009E+01  5.906E-23  1.581E-14
1.000E+01  5.829E-23  1.546E-14
9.908E+00  5.770E-23  1.517E-14
9.817E+00  5.728E-23  1.492E-14
9.727E+00  5.702E-23  1.471E-14
9.638E+00  5.691E-23  1.455E-14
9.550E+00  5.691E-23  1.442E-14
9.462E+00  5.704E-23  1.432E-14
9.376E+00  5.732E-23  1.426E-14
9.290E+00  5.786E-23  1.426E-14
9.204E+00  5.880E-23  1.436E-14
9.120E+00  6.042E-23  1.462E-14
9.036E+00  6.315E-23  1.514E-14
8.954E+00  6.774E-23  1.609E-14
8.872E+00  7.555E-23  1.778E-14
8.790E+00  8.892E-23  2.073E-14
8.710E+00  1.098E-22  2.536E-14
8.630E+00  1.293E-22  2.960E-14
8.551E+00  1.265E-22  2.869E-14
8.472E+00  1.123E-22  2.524E-14
8.395E+00  1.050E-22  2.338E-14
8.318E+00  1.044E-22  2.303E-14
8.241E+00  1.080E-22  2.360E-14
8.166E+00  1.173E-22  2.540E-14
8.091E+00  1.352E-22  2.901E-14
8.017E+00  1.638E-22  3.483E-14
7.943E+00  2.013E-22  4.241E-14
7.870E+00  2.340E-22  4.886E-14
7.798E+00  2.455E-22  5.078E-14
7.727E+00  2.465E-22  5.051E-14
7.656E+00  2.533E-22  5.143E-14
7.586E+00  2.465E-22  4.960E-14
7.516E+00  2.092E-22  4.172E-14
7.447E+00  1.675E-22  3.308E-14
7.379E+00  1.367E-22  2.676E-14
7.311E+00  1.153E-22  2.236E-14
7.244E+00  9.961E-23  1.914E-14
7.178E+00  8.755E-23  1.667E-14
7.112E+00  7.823E-23  1.476E-14
7.047E+00  7.124E-23  1.332E-14
6.982E+00  6.639E-23  1.230E-14
6.918E+00  6.357E-23  1.167E-14
6.855E+00  6.261E-23  1.139E-14
6.792E+00  6.296E-23  1.134E-14
6.730E+00  6.333E-23  1.130E-14
6.668E+00  6.224E-23  1.101E-14
6.607E+00  5.970E-23  1.046E-14
6.546E+00  5.756E-23  9.996E-15
6.486E+00  5.818E-23  1.001E-14
6.427E+00  6.419E-23  1.094E-14
6.368E+00  8.051E-23  1.360E-14
6.310E+00  1.174E-22  1.965E-14
6.252E+00  1.774E-22  2.942E-14
6.194E+00  1.790E-22  2.941E-14
6.138E+00  1.142E-22  1.860E-14
6.081E+00  7.094E-23  1.144E-14
6.026E+00  4.955E-23  7.919E-15
5.970E+00  3.858E-23  6.109E-15
5.916E+00  3.274E-23  5.137E-15
5.861E+00  3.001E-23  4.665E-15
5.808E+00  2.993E-23  4.611E-15
5.754E+00  3.251E-23  4.963E-15
5.702E+00  3.425E-23  5.180E-15
5.649E+00  2.959E-23  4.434E-15
5.598E+00  2.370E-23  3.520E-15
5.546E+00  2.000E-23  2.943E-15
5.495E+00  1.794E-23  2.615E-15
5.445E+00  1.693E-23  2.445E-15
5.395E+00  1.684E-23  2.410E-15
5.346E+00  1.792E-23  2.541E-15
5.297E+00  1.983E-23  2.785E-15
5.248E+00  1.927E-23  2.683E-15
5.200E+00  1.600E-23  2.207E-15
5.152E+00  1.342E-23  1.834E-15
5.105E+00  1.186E-23  1.606E-15
5.058E+00  1.085E-23  1.456E-15
5.012E+00  1.013E-23  1.347E-15
4.966E+00  9.576E-24  1.261E-15
4.920E+00  9.116E-24  1.190E-15
4.875E+00  8.721E-24  1.128E-15
4.831E+00  8.372E-24  1.073E-15
4.786E+00  8.058E-24  1.023E-15
4.742E+00  7.772E-24  9.777E-16
4.699E+00  7.509E-24  9.359E-16
4.656E+00  7.265E-24  8.972E-16
4.613E+00  7.037E-24  8.611E-16
4.571E+00  6.824E-24  8.274E-16
4.529E+00  6.624E-24  7.957E-16
4.487E+00  6.435E-24  7.660E-16
4.446E+00  6.258E-24  7.380E-16
4.406E+00  6.090E-24  7.117E-16
4.365E+00  5.932E-24  6.868E-16
4.325E+00  5.782E-24  6.634E-16
4.285E+00  5.641E-24  6.413E-16
4.246E+00  5.508E-24  6.204E-16
4.207E+00  5.382E-24  6.007E-16
4.169E+00  5.264E-24  5.821E-16
4.130E+00  5.153E-24  5.646E-16
4.093E+00  5.049E-24  5.481E-16
4.055E+00  4.951E-24  5.326E-16
4.018E+00  4.861E-24  5.181E-16
3.981E+00  4.778E-24  5.045E-16
3.945E+00  4.702E-24  4.920E-16
3.908E+00  4.634E-24  4.804E-16
3.873E+00  4.574E-24  4.699E-16
3.837E+00  4.524E-24  4.605E-16
3.802E+00  4.484E-24  4.522E-16
3.767E+00  4.457E-24  4.453E-16
3.733E+00  4.444E-24  4.400E-16
3.698E+00  4.449E-24  4.364E-16
3.664E+00  4.477E-24  4.352E-16
3.631E+00  4.536E-24  4.368E-16
3.597E+00  4.638E-24  4.426E-16
3.565E+00  4.802E-24  4.541E-16
3.532E+00  5.063E-24  4.743E-16
3.499E+00  5.481E-24  5.087E-16
3.467E+00  6.177E-24  5.681E-16
3.436E+00  7.421E-24  6.763E-16
3.404E+00  9.904E-24  8.943E-16
3.373E+00  1.587E-23  1.420E-15
3.342E+00  3.569E-23  3.164E-15
3.311E+00  1.340E-22  1.177E-14
3.281E+00  9.151E-23  7.964E-15
3.251E+00  2.629E-23  2.267E-15
3.221E+00  1.266E-23  1.081E-15
3.192E+00  8.137E-24  6.888E-16
3.162E+00  6.132E-24  5.144E-16
3.133E+00  5.071E-24  4.215E-16
3.105E+00  4.439E-24  3.655E-16
3.076E+00  4.028E-24  3.287E-16
3.048E+00  3.743E-24  3.026E-16
3.020E+00  3.535E-24  2.831E-16
2.992E+00  3.375E-24  2.679E-16
2.965E+00  3.250E-24  2.556E-16
2.938E+00  3.147E-24  2.452E-16
2.911E+00  3.061E-24  2.363E-16
2.884E+00  2.987E-24  2.285E-16
2.858E+00  2.923E-24  2.216E-16
2.831E+00  2.866E-24  2.153E-16
2.805E+00  2.815E-24  2.095E-16
2.780E+00  2.768E-24  2.041E-16
2.754E+00  2.725E-24  1.991E-16
2.729E+00  2.684E-24  1.943E-16
2.704E+00  2.646E-24  1.898E-16
2.679E+00  2.611E-24  1.855E-16
2.655E+00  2.576E-24  1.814E-16
2.630E+00  2.544E-24  1.775E-16
2.606E+00  2.512E-24  1.737E-16
2.582E+00  2.481E-24  1.700E-16
2.559E+00  2.452E-24  1.664E-16
2.535E+00  2.423E-24  1.629E-16
2.512E+00  2.394E-24  1.595E-16
2.489E+00  2.366E-24  1.562E-16
2.466E+00  2.339E-24  1.530E-16
2.443E+00  2.311E-24  1.498E-16
2.421E+00  2.284E-24  1.467E-16
2.399E+00  2.258E-24  1.437E-16
2.377E+00  2.231E-24  1.407E-16
2.355E+00  2.206E-24  1.378E-16
2.333E+00  2.180E-24  1.349E-16
2.312E+00  2.155E-24  1.321E-16
2.291E+00  2.129E-24  1.294E-16
2.270E+00  2.104E-24  1.267E-16
2.249E+00  2.079E-24  1.240E-16
2.228E+00  2.053E-24  1.214E-16
2.208E+00  2.027E-24  1.187E-16
2.188E+00  2.001E-24  1.161E-16
2.168E+00  1.975E-24  1.135E-16
2.148E+00  1.947E-24  1.109E-16
2.128E+00  1.919E-24  1.083E-16
2.109E+00  1.890E-24  1.057E-16
2.089E+00  1.858E-24  1.030E-16
2.070E+00  1.825E-24  1.002E-16
2.051E+00  1.789E-24  9.736E-17
2.032E+00  1.750E-24  9.435E-17
2.014E+00  1.707E-24  9.116E-17
1.995E+00  1.658E-24  8.777E-17
1.977E+00  1.605E-24  8.417E-17
1.959E+00  1.548E-24  8.046E-17
1.941E+00  1.494E-24  7.690E-17
1.923E+00  1.450E-24  7.398E-17
1.905E+00  1.428E-24  7.218E-17
1.888E+00  1.430E-24  7.164E-17
1.871E+00  1.450E-24  7.197E-17
1.854E+00  1.476E-24  7.256E-17
1.837E+00  1.498E-24  7.299E-17
1.820E+00  1.514E-24  7.308E-17
1.803E+00  1.523E-24  7.282E-17
1.786E+00  1.525E-24  7.228E-17
1.770E+00  1.524E-24  7.153E-17
1.754E+00  1.518E-24  7.064E-17
1.738E+00  1.511E-24  6.964E-17
1.722E+00  1.501E-24  6.857E-17
1.706E+00  1.491E-24  6.747E-17
1.690E+00  1.480E-24  6.634E-17
1.675E+00  1.468E-24  6.521E-17
1.660E+00  1.456E-24  6.408E-17
1.644E+00  1.444E-24  6.297E-17
1.629E+00  1.432E-24  6.187E-17
1.614E+00  1.420E-24  6.080E-17
1.600E+00  1.409E-24  5.976E-17
1.585E+00  1.398E-24  5.877E-17
1.570E+00  1.388E-24  5.781E-17
1.556E+00  1.379E-24  5.691E-17
1.542E+00  1.371E-24  5.606E-17
1.528E+00  1.364E-24  5.528E-17
1.514E+00  1.359E-24  5.456E-17
1.500E+00  1.356E-24  5.393E-17
1.486E+00  1.354E-24  5.338E-17
1.472E+00  1.355E-24  5.293E-17
1.459E+00  1.359E-24  5.260E-17
1.445E+00  1.367E-24  5.239E-17
1.432E+00  1.378E-24  5.234E-17
1.419E+00  1.394E-24  5.247E-17
1.406E+00  1.416E-24  5.280E-17
1.393E+00  1.444E-24  5.338E-17
1.380E+00  1.481E-24  5.424E-17
1.368E+00  1.528E-24  5.543E-17
1.355E+00  1.586E-24  5.701E-17
1.343E+00  1.657E-24  5.901E-17
1.330E+00  1.741E-24  6.145E-17
1.318E+00  1.837E-24  6.425E-17
1.306E+00  1.940E-24  6.721E-17
1.294E+00  2.036E-24  6.991E-17
1.282E+00  2.107E-24  7.166E-17
1.271E+00  2.126E-24  7.167E-17
1.259E+00  2.079E-24  6.942E-17
1.247E+00  1.965E-24  6.501E-17
1.236E+00  1.806E-24  5.922E-17
1.225E+00  1.633E-24  5.305E-17
1.213E+00  1.469E-24  4.729E-17
1.202E+00  1.328E-24  4.234E-17
1.191E+00  1.213E-24  3.832E-17
1.180E+00  1.123E-24  3.518E-17
1.169E+00  1.057E-24  3.280E-17
1.159E+00  1.012E-24  3.111E-17
1.148E+00  9.860E-25  3.003E-17
1.138E+00  9.791E-25  2.954E-17
1.127E+00  9.929E-25  2.969E-17
1.117E+00  1.032E-24  3.057E-17
1.107E+00  1.104E-24  3.240E-17
1.096E+00  1.222E-24  3.553E-17
1.086E+00  1.404E-24  4.047E-17
1.076E+00  1.670E-24  4.768E-17
1.067E+00  2.003E-24  5.667E-17
1.057E+00  2.269E-24  6.362E-17
1.047E+00  2.223E-24  6.176E-17
1.038E+00  1.845E-24  5.077E-17
1.028E+00  1.399E-24  3.814E-17
1.019E+00  1.053E-24  2.844E-17
1.009E+00  8.183E-25  2.191E-17
1.000E+00  6.629E-25  1.758E-17
