Dust emission from Draine & Li (2007): ApJ 657, 810-837
================================================================
         5 = grain model
 4.000E-08 4.000E-01 3.000E-05 = a_01 (cm) , sigma_1 , b_C1/0.92
 2.500E-07 4.000E-01 1.000E-05 = a_02 (cm) , sigma_2 , b_C2/0.92
 1.000E+01 1.000E+03 2.000E+00 = Umin , Umax, beta (dN/dU propto U^{-beta})
 4.652E+01 = <U> 
     mmp83 = radfield
 2.092E-22 = power/H (erg s-1)
 band   nu*P_nu(band) j_nu(band)
 (um)   (erg s-1 H-1)(Jy cm2 sr-1 H-1)
1.270E+00  5.765E-25  1.942E-17 COBE-DIRBE
2.220E+00  7.364E-25  4.337E-17 COBE-DIRBE
3.530E+00  4.783E-24  4.479E-16 COBE-DIRBE
4.880E+00  2.228E-24  2.884E-16 COBE-DIRBE
1.229E+01  2.114E-23  6.892E-15 COBE-DIRBE
2.079E+01  2.161E-23  1.192E-14 COBE-DIRBE
5.599E+01  1.308E-22  1.943E-13 COBE-DIRBE
9.770E+01  7.635E-23  1.979E-13 COBE-DIRBE
1.479E+02  3.192E-23  1.252E-13 COBE-DIRBE
2.479E+02  6.211E-24  4.084E-14 COBE-DIRBE
1.200E+01  2.188E-23  6.966E-15 IRAS
2.500E+01  2.637E-23  1.749E-14 IRAS
6.000E+01  1.265E-22  2.013E-13 IRAS
1.000E+02  7.298E-23  1.936E-13 IRAS
3.550E+00  5.562E-24  5.237E-16 SST-IRAC
4.493E+00  1.562E-24  1.861E-16 SST-IRAC
5.731E+00  1.320E-23  2.007E-15 SST-IRAC
7.872E+00  3.099E-23  6.470E-15 SST-IRAC
2.368E+01  2.211E-23  1.389E-14 SST-MIPS
7.142E+01  1.059E-22  2.005E-13 SST-MIPS
1.559E+02  2.514E-23  1.040E-13 SST-MIPS
1.600E+01  1.884E-23  7.996E-15 SST-IRSPU
2.200E+01  2.209E-23  1.289E-14 SST-IRSPU











lambda    nu*dP/dnu     j_nu
 (um)   (erg s-1 H-1)(Jy cm2 sr-1 H-1)
1.000E+04  9.483E-31  2.515E-19
9.908E+03  9.831E-31  2.584E-19
9.817E+03  1.019E-30  2.654E-19
9.727E+03  1.057E-30  2.726E-19
9.638E+03  1.095E-30  2.800E-19
9.550E+03  1.135E-30  2.876E-19
9.462E+03  1.177E-30  2.955E-19
9.376E+03  1.220E-30  3.035E-19
9.290E+03  1.265E-30  3.117E-19
9.204E+03  1.312E-30  3.202E-19
9.120E+03  1.360E-30  3.289E-19
9.036E+03  1.410E-30  3.379E-19
8.954E+03  1.461E-30  3.470E-19
8.872E+03  1.514E-30  3.564E-19
8.790E+03  1.570E-30  3.660E-19
8.710E+03  1.627E-30  3.759E-19
8.630E+03  1.687E-30  3.861E-19
8.551E+03  1.748E-30  3.966E-19
8.472E+03  1.812E-30  4.073E-19
8.395E+03  1.879E-30  4.184E-19
8.318E+03  1.948E-30  4.297E-19
8.241E+03  2.019E-30  4.414E-19
8.166E+03  2.093E-30  4.534E-19
8.091E+03  2.170E-30  4.658E-19
8.017E+03  2.250E-30  4.785E-19
7.943E+03  2.333E-30  4.915E-19
7.870E+03  2.419E-30  5.050E-19
7.798E+03  2.508E-30  5.188E-19
7.727E+03  2.600E-30  5.330E-19
7.656E+03  2.696E-30  5.476E-19
7.586E+03  2.796E-30  5.626E-19
7.516E+03  2.899E-30  5.780E-19
7.447E+03  3.006E-30  5.939E-19
7.379E+03  3.117E-30  6.102E-19
7.311E+03  3.233E-30  6.269E-19
7.244E+03  3.352E-30  6.442E-19
7.178E+03  3.477E-30  6.619E-19
7.112E+03  3.605E-30  6.802E-19
7.047E+03  3.739E-30  6.989E-19
6.982E+03  3.878E-30  7.182E-19
6.918E+03  4.021E-30  7.380E-19
6.855E+03  4.171E-30  7.584E-19
6.792E+03  4.325E-30  7.793E-19
6.730E+03  4.486E-30  8.008E-19
6.668E+03  4.653E-30  8.230E-19
6.607E+03  4.826E-30  8.457E-19
6.546E+03  5.005E-30  8.692E-19
6.486E+03  5.192E-30  8.933E-19
6.427E+03  5.385E-30  9.181E-19
6.368E+03  5.586E-30  9.436E-19
6.310E+03  5.795E-30  9.698E-19
6.252E+03  6.011E-30  9.968E-19
6.194E+03  6.236E-30  1.025E-18
6.138E+03  6.469E-30  1.053E-18
6.081E+03  6.711E-30  1.083E-18
6.026E+03  6.962E-30  1.113E-18
5.970E+03  7.223E-30  1.144E-18
5.916E+03  7.494E-30  1.176E-18
5.861E+03  7.775E-30  1.209E-18
5.808E+03  8.067E-30  1.243E-18
5.754E+03  8.370E-30  1.278E-18
5.702E+03  8.685E-30  1.313E-18
5.649E+03  9.011E-30  1.350E-18
5.598E+03  9.351E-30  1.388E-18
5.546E+03  9.703E-30  1.427E-18
5.495E+03  1.007E-29  1.468E-18
5.445E+03  1.045E-29  1.509E-18
5.395E+03  1.084E-29  1.552E-18
5.346E+03  1.125E-29  1.596E-18
5.297E+03  1.168E-29  1.641E-18
5.248E+03  1.212E-29  1.687E-18
5.200E+03  1.258E-29  1.735E-18
5.152E+03  1.305E-29  1.784E-18
5.105E+03  1.355E-29  1.835E-18
5.058E+03  1.406E-29  1.887E-18
5.012E+03  1.459E-29  1.940E-18
4.966E+03  1.515E-29  1.995E-18
4.920E+03  1.572E-29  2.052E-18
4.875E+03  1.632E-29  2.110E-18
4.831E+03  1.694E-29  2.170E-18
4.786E+03  1.758E-29  2.232E-18
4.742E+03  1.825E-29  2.296E-18
4.699E+03  1.895E-29  2.362E-18
4.656E+03  1.967E-29  2.429E-18
4.613E+03  2.042E-29  2.499E-18
4.571E+03  2.120E-29  2.570E-18
4.529E+03  2.201E-29  2.644E-18
4.487E+03  2.285E-29  2.720E-18
4.446E+03  2.372E-29  2.798E-18
4.406E+03  2.463E-29  2.878E-18
4.365E+03  2.557E-29  2.961E-18
4.325E+03  2.655E-29  3.046E-18
4.285E+03  2.757E-29  3.134E-18
4.246E+03  2.863E-29  3.224E-18
4.207E+03  2.973E-29  3.318E-18
4.169E+03  3.087E-29  3.413E-18
4.130E+03  3.206E-29  3.512E-18
4.093E+03  3.329E-29  3.614E-18
4.055E+03  3.457E-29  3.719E-18
4.018E+03  3.590E-29  3.826E-18
3.981E+03  3.728E-29  3.937E-18
3.945E+03  3.872E-29  4.051E-18
3.908E+03  4.021E-29  4.169E-18
3.873E+03  4.176E-29  4.290E-18
3.837E+03  4.337E-29  4.415E-18
3.802E+03  4.505E-29  4.543E-18
3.767E+03  4.679E-29  4.676E-18
3.733E+03  4.860E-29  4.812E-18
3.698E+03  5.048E-29  4.952E-18
3.664E+03  5.244E-29  5.097E-18
3.631E+03  5.447E-29  5.246E-18
3.597E+03  5.659E-29  5.400E-18
3.565E+03  5.879E-29  5.558E-18
3.532E+03  6.107E-29  5.721E-18
3.499E+03  6.345E-29  5.890E-18
3.467E+03  6.592E-29  6.063E-18
3.436E+03  6.849E-29  6.241E-18
3.404E+03  7.116E-29  6.425E-18
3.373E+03  7.393E-29  6.615E-18
3.342E+03  7.682E-29  6.810E-18
3.311E+03  7.982E-29  7.011E-18
3.281E+03  8.294E-29  7.219E-18
3.251E+03  8.619E-29  7.432E-18
3.221E+03  8.957E-29  7.653E-18
3.192E+03  9.308E-29  7.880E-18
3.162E+03  9.673E-29  8.114E-18
3.133E+03  1.005E-28  8.355E-18
3.105E+03  1.045E-28  8.603E-18
3.076E+03  1.086E-28  8.860E-18
3.048E+03  1.128E-28  9.124E-18
3.020E+03  1.173E-28  9.396E-18
2.992E+03  1.219E-28  9.676E-18
2.965E+03  1.267E-28  9.964E-18
2.938E+03  1.317E-28  1.026E-17
2.911E+03  1.369E-28  1.057E-17
2.884E+03  1.422E-28  1.088E-17
2.858E+03  1.479E-28  1.121E-17
2.831E+03  1.537E-28  1.154E-17
2.805E+03  1.597E-28  1.189E-17
2.780E+03  1.661E-28  1.224E-17
2.754E+03  1.726E-28  1.261E-17
2.729E+03  1.794E-28  1.299E-17
2.704E+03  1.866E-28  1.338E-17
2.679E+03  1.939E-28  1.378E-17
2.655E+03  2.016E-28  1.420E-17
2.630E+03  2.096E-28  1.463E-17
2.606E+03  2.180E-28  1.507E-17
2.582E+03  2.266E-28  1.552E-17
2.559E+03  2.356E-28  1.599E-17
2.535E+03  2.450E-28  1.648E-17
2.512E+03  2.548E-28  1.697E-17
2.489E+03  2.649E-28  1.749E-17
2.466E+03  2.755E-28  1.802E-17
2.443E+03  2.865E-28  1.857E-17
2.421E+03  2.979E-28  1.913E-17
2.399E+03  3.098E-28  1.971E-17
2.377E+03  3.222E-28  2.031E-17
2.355E+03  3.351E-28  2.093E-17
2.333E+03  3.485E-28  2.157E-17
2.312E+03  3.624E-28  2.223E-17
2.291E+03  3.769E-28  2.291E-17
2.270E+03  3.920E-28  2.361E-17
2.249E+03  4.078E-28  2.433E-17
2.228E+03  4.241E-28  2.507E-17
2.208E+03  4.412E-28  2.584E-17
2.188E+03  4.589E-28  2.663E-17
2.168E+03  4.774E-28  2.745E-17
2.148E+03  4.966E-28  2.829E-17
2.128E+03  5.165E-28  2.916E-17
2.109E+03  5.373E-28  3.005E-17
2.089E+03  5.590E-28  3.098E-17
2.070E+03  5.815E-28  3.193E-17
2.051E+03  6.050E-28  3.292E-17
2.032E+03  6.294E-28  3.393E-17
2.014E+03  6.548E-28  3.498E-17
1.995E+03  6.812E-28  3.605E-17
1.977E+03  7.087E-28  3.717E-17
1.959E+03  7.373E-28  3.831E-17
1.941E+03  7.671E-28  3.949E-17
1.923E+03  7.982E-28  4.072E-17
1.905E+03  8.304E-28  4.197E-17
1.888E+03  8.641E-28  4.327E-17
1.871E+03  8.990E-28  4.461E-17
1.854E+03  9.355E-28  4.599E-17
1.837E+03  9.734E-28  4.742E-17
1.820E+03  1.013E-27  4.889E-17
1.803E+03  1.054E-27  5.041E-17
1.786E+03  1.097E-27  5.197E-17
1.770E+03  1.141E-27  5.358E-17
1.754E+03  1.188E-27  5.525E-17
1.738E+03  1.236E-27  5.697E-17
1.722E+03  1.286E-27  5.874E-17
1.706E+03  1.338E-27  6.056E-17
1.690E+03  1.393E-27  6.245E-17
1.675E+03  1.449E-27  6.439E-17
1.660E+03  1.508E-27  6.640E-17
1.644E+03  1.570E-27  6.847E-17
1.629E+03  1.634E-27  7.060E-17
1.614E+03  1.700E-27  7.281E-17
1.600E+03  1.769E-27  7.508E-17
1.585E+03  1.842E-27  7.742E-17
1.570E+03  1.917E-27  7.984E-17
1.556E+03  1.995E-27  8.233E-17
1.542E+03  2.076E-27  8.490E-17
1.528E+03  2.161E-27  8.755E-17
1.514E+03  2.249E-27  9.029E-17
1.500E+03  2.341E-27  9.311E-17
1.486E+03  2.436E-27  9.602E-17
1.472E+03  2.536E-27  9.903E-17
1.459E+03  2.639E-27  1.021E-16
1.445E+03  2.747E-27  1.053E-16
1.432E+03  2.859E-27  1.086E-16
1.419E+03  2.976E-27  1.120E-16
1.406E+03  3.098E-27  1.155E-16
1.393E+03  3.225E-27  1.192E-16
1.380E+03  3.356E-27  1.229E-16
1.368E+03  3.494E-27  1.268E-16
1.355E+03  3.637E-27  1.307E-16
1.343E+03  3.785E-27  1.348E-16
1.330E+03  3.940E-27  1.391E-16
1.318E+03  4.102E-27  1.434E-16
1.306E+03  4.269E-27  1.479E-16
1.294E+03  4.444E-27  1.526E-16
1.282E+03  4.626E-27  1.574E-16
1.271E+03  4.815E-27  1.623E-16
1.259E+03  5.012E-27  1.674E-16
1.247E+03  5.218E-27  1.726E-16
1.236E+03  5.431E-27  1.781E-16
1.225E+03  5.653E-27  1.836E-16
1.213E+03  5.885E-27  1.894E-16
1.202E+03  6.125E-27  1.953E-16
1.191E+03  6.376E-27  2.015E-16
1.180E+03  6.637E-27  2.078E-16
1.169E+03  6.908E-27  2.143E-16
1.159E+03  7.191E-27  2.210E-16
1.148E+03  7.485E-27  2.280E-16
1.138E+03  7.791E-27  2.351E-16
1.127E+03  8.110E-27  2.425E-16
1.117E+03  8.441E-27  2.501E-16
1.107E+03  8.786E-27  2.579E-16
1.096E+03  9.145E-27  2.660E-16
1.086E+03  9.519E-27  2.743E-16
1.076E+03  9.908E-27  2.829E-16
1.067E+03  1.031E-26  2.918E-16
1.057E+03  1.073E-26  3.009E-16
1.047E+03  1.117E-26  3.103E-16
1.038E+03  1.163E-26  3.200E-16
1.028E+03  1.210E-26  3.300E-16
1.019E+03  1.260E-26  3.403E-16
1.009E+03  1.311E-26  3.510E-16
1.000E+03  1.364E-26  3.619E-16
9.908E+02  1.420E-26  3.732E-16
9.817E+02  1.478E-26  3.849E-16
9.727E+02  1.538E-26  3.969E-16
9.638E+02  1.601E-26  4.093E-16
9.550E+02  1.666E-26  4.221E-16
9.462E+02  1.734E-26  4.353E-16
9.376E+02  1.805E-26  4.489E-16
9.290E+02  1.878E-26  4.629E-16
9.204E+02  1.955E-26  4.773E-16
9.120E+02  2.034E-26  4.922E-16
9.036E+02  2.117E-26  5.075E-16
8.954E+02  2.203E-26  5.233E-16
8.872E+02  2.293E-26  5.395E-16
8.790E+02  2.386E-26  5.563E-16
8.710E+02  2.482E-26  5.735E-16
8.630E+02  2.583E-26  5.913E-16
8.551E+02  2.688E-26  6.096E-16
8.472E+02  2.797E-26  6.285E-16
8.395E+02  2.910E-26  6.479E-16
8.318E+02  3.027E-26  6.679E-16
8.241E+02  3.150E-26  6.886E-16
8.166E+02  3.277E-26  7.098E-16
8.091E+02  3.409E-26  7.317E-16
8.017E+02  3.547E-26  7.542E-16
7.943E+02  3.690E-26  7.774E-16
7.870E+02  3.838E-26  8.013E-16
7.798E+02  3.993E-26  8.259E-16
7.727E+02  4.153E-26  8.513E-16
7.656E+02  4.321E-26  8.774E-16
7.586E+02  4.494E-26  9.043E-16
7.516E+02  4.675E-26  9.320E-16
7.447E+02  4.863E-26  9.606E-16
7.379E+02  5.058E-26  9.901E-16
7.311E+02  5.262E-26  1.021E-15
7.244E+02  5.474E-26  1.052E-15
7.178E+02  5.694E-26  1.084E-15
7.112E+02  5.923E-26  1.117E-15
7.047E+02  6.161E-26  1.152E-15
6.982E+02  6.409E-26  1.187E-15
6.918E+02  6.667E-26  1.223E-15
6.855E+02  6.935E-26  1.261E-15
6.792E+02  7.214E-26  1.300E-15
6.730E+02  7.503E-26  1.339E-15
6.668E+02  7.804E-26  1.380E-15
6.607E+02  8.116E-26  1.422E-15
6.546E+02  8.443E-26  1.466E-15
6.486E+02  8.782E-26  1.511E-15
6.427E+02  9.136E-26  1.558E-15
6.368E+02  9.504E-26  1.605E-15
6.310E+02  9.887E-26  1.655E-15
6.252E+02  1.028E-25  1.706E-15
6.194E+02  1.070E-25  1.758E-15
6.138E+02  1.113E-25  1.812E-15
6.081E+02  1.158E-25  1.868E-15
6.026E+02  1.204E-25  1.925E-15
5.970E+02  1.253E-25  1.984E-15
5.916E+02  1.303E-25  2.045E-15
5.861E+02  1.356E-25  2.108E-15
5.808E+02  1.411E-25  2.173E-15
5.754E+02  1.467E-25  2.240E-15
5.702E+02  1.526E-25  2.309E-15
5.649E+02  1.588E-25  2.380E-15
5.598E+02  1.652E-25  2.453E-15
5.546E+02  1.719E-25  2.528E-15
5.495E+02  1.788E-25  2.606E-15
5.445E+02  1.860E-25  2.686E-15
5.395E+02  1.935E-25  2.769E-15
5.346E+02  2.013E-25  2.854E-15
5.297E+02  2.094E-25  2.942E-15
5.248E+02  2.178E-25  3.032E-15
5.200E+02  2.266E-25  3.126E-15
5.152E+02  2.357E-25  3.222E-15
5.105E+02  2.452E-25  3.321E-15
5.058E+02  2.551E-25  3.423E-15
5.012E+02  2.654E-25  3.528E-15
4.966E+02  2.761E-25  3.636E-15
4.920E+02  2.872E-25  3.748E-15
4.875E+02  2.987E-25  3.863E-15
4.831E+02  3.108E-25  3.982E-15
4.786E+02  3.233E-25  4.104E-15
4.742E+02  3.363E-25  4.230E-15
4.699E+02  3.498E-25  4.360E-15
4.656E+02  3.638E-25  4.494E-15
4.613E+02  3.785E-25  4.631E-15
4.571E+02  3.937E-25  4.773E-15
4.529E+02  4.095E-25  4.919E-15
4.487E+02  4.259E-25  5.070E-15
4.446E+02  4.430E-25  5.225E-15
4.406E+02  4.608E-25  5.385E-15
4.365E+02  4.793E-25  5.550E-15
4.325E+02  4.985E-25  5.719E-15
4.285E+02  5.185E-25  5.894E-15
4.246E+02  5.393E-25  6.074E-15
4.207E+02  5.609E-25  6.259E-15
4.169E+02  5.833E-25  6.450E-15
4.130E+02  6.067E-25  6.647E-15
4.093E+02  6.309E-25  6.849E-15
4.055E+02  6.562E-25  7.058E-15
4.018E+02  6.824E-25  7.273E-15
3.981E+02  7.097E-25  7.494E-15
3.945E+02  7.380E-25  7.722E-15
3.908E+02  7.675E-25  7.957E-15
3.873E+02  7.982E-25  8.199E-15
3.837E+02  8.300E-25  8.448E-15
3.802E+02  8.632E-25  8.705E-15
3.767E+02  8.976E-25  8.969E-15
3.733E+02  9.333E-25  9.241E-15
3.698E+02  9.705E-25  9.520E-15
3.664E+02  1.009E-24  9.809E-15
3.631E+02  1.049E-24  1.011E-14
3.597E+02  1.091E-24  1.041E-14
3.565E+02  1.134E-24  1.072E-14
3.532E+02  1.179E-24  1.105E-14
3.499E+02  1.226E-24  1.138E-14
3.467E+02  1.275E-24  1.172E-14
3.436E+02  1.325E-24  1.207E-14
3.404E+02  1.377E-24  1.244E-14
3.373E+02  1.432E-24  1.281E-14
3.342E+02  1.488E-24  1.319E-14
3.311E+02  1.547E-24  1.359E-14
3.281E+02  1.608E-24  1.399E-14
3.251E+02  1.671E-24  1.441E-14
3.221E+02  1.737E-24  1.484E-14
3.192E+02  1.805E-24  1.528E-14
3.162E+02  1.876E-24  1.574E-14
3.133E+02  1.949E-24  1.620E-14
3.105E+02  2.026E-24  1.668E-14
3.076E+02  2.105E-24  1.718E-14
3.048E+02  2.187E-24  1.768E-14
3.020E+02  2.272E-24  1.820E-14
2.992E+02  2.361E-24  1.874E-14
2.965E+02  2.453E-24  1.929E-14
2.938E+02  2.548E-24  1.986E-14
2.911E+02  2.647E-24  2.044E-14
2.884E+02  2.749E-24  2.103E-14
2.858E+02  2.856E-24  2.165E-14
2.831E+02  2.966E-24  2.228E-14
2.805E+02  3.080E-24  2.292E-14
2.780E+02  3.199E-24  2.359E-14
2.754E+02  3.322E-24  2.427E-14
2.729E+02  3.450E-24  2.497E-14
2.704E+02  3.582E-24  2.569E-14
2.679E+02  3.720E-24  2.644E-14
2.655E+02  3.862E-24  2.720E-14
2.630E+02  4.010E-24  2.798E-14
2.606E+02  4.164E-24  2.878E-14
2.582E+02  4.323E-24  2.961E-14
2.559E+02  4.487E-24  3.045E-14
2.535E+02  4.656E-24  3.131E-14
2.512E+02  4.830E-24  3.218E-14
2.489E+02  5.008E-24  3.306E-14
2.466E+02  5.190E-24  3.395E-14
2.443E+02  5.376E-24  3.484E-14
2.421E+02  5.568E-24  3.576E-14
2.399E+02  5.764E-24  3.668E-14
2.377E+02  5.965E-24  3.761E-14
2.355E+02  6.171E-24  3.855E-14
2.333E+02  6.384E-24  3.952E-14
2.312E+02  6.603E-24  4.050E-14
2.291E+02  6.830E-24  4.150E-14
2.270E+02  7.063E-24  4.253E-14
2.249E+02  7.303E-24  4.357E-14
2.228E+02  7.551E-24  4.464E-14
2.208E+02  7.807E-24  4.572E-14
2.188E+02  8.070E-24  4.683E-14
2.168E+02  8.341E-24  4.796E-14
2.148E+02  8.620E-24  4.911E-14
2.128E+02  8.907E-24  5.028E-14
2.109E+02  9.203E-24  5.147E-14
2.089E+02  9.507E-24  5.269E-14
2.070E+02  9.820E-24  5.393E-14
2.051E+02  1.014E-23  5.518E-14
2.032E+02  1.047E-23  5.646E-14
2.014E+02  1.081E-23  5.777E-14
1.995E+02  1.117E-23  5.909E-14
1.977E+02  1.153E-23  6.044E-14
1.959E+02  1.190E-23  6.181E-14
1.941E+02  1.228E-23  6.321E-14
1.923E+02  1.267E-23  6.463E-14
1.905E+02  1.307E-23  6.607E-14
1.888E+02  1.349E-23  6.754E-14
1.871E+02  1.391E-23  6.903E-14
1.854E+02  1.435E-23  7.054E-14
1.837E+02  1.480E-23  7.208E-14
1.820E+02  1.526E-23  7.365E-14
1.803E+02  1.573E-23  7.524E-14
1.786E+02  1.622E-23  7.686E-14
1.770E+02  1.672E-23  7.850E-14
1.754E+02  1.723E-23  8.017E-14
1.738E+02  1.776E-23  8.187E-14
1.722E+02  1.830E-23  8.360E-14
1.706E+02  1.886E-23  8.536E-14
1.690E+02  1.943E-23  8.714E-14
1.675E+02  2.002E-23  8.896E-14
1.660E+02  2.063E-23  9.081E-14
1.644E+02  2.125E-23  9.270E-14
1.629E+02  2.189E-23  9.462E-14
1.614E+02  2.255E-23  9.657E-14
1.600E+02  2.323E-23  9.856E-14
1.585E+02  2.393E-23  1.006E-13
1.570E+02  2.465E-23  1.027E-13
1.556E+02  2.539E-23  1.048E-13
1.542E+02  2.616E-23  1.070E-13
1.528E+02  2.695E-23  1.092E-13
1.514E+02  2.776E-23  1.115E-13
1.500E+02  2.860E-23  1.138E-13
1.486E+02  2.946E-23  1.161E-13
1.472E+02  3.035E-23  1.185E-13
1.459E+02  3.125E-23  1.209E-13
1.445E+02  3.217E-23  1.234E-13
1.432E+02  3.310E-23  1.257E-13
1.419E+02  3.402E-23  1.281E-13
1.406E+02  3.492E-23  1.303E-13
1.393E+02  3.580E-23  1.323E-13
1.380E+02  3.665E-23  1.342E-13
1.368E+02  3.746E-23  1.359E-13
1.355E+02  3.825E-23  1.375E-13
1.343E+02  3.902E-23  1.390E-13
1.330E+02  3.978E-23  1.404E-13
1.318E+02  4.055E-23  1.418E-13
1.306E+02  4.133E-23  1.432E-13
1.294E+02  4.212E-23  1.446E-13
1.282E+02  4.293E-23  1.460E-13
1.271E+02  4.376E-23  1.475E-13
1.259E+02  4.462E-23  1.490E-13
1.247E+02  4.549E-23  1.505E-13
1.236E+02  4.639E-23  1.521E-13
1.225E+02  4.731E-23  1.537E-13
1.213E+02  4.825E-23  1.553E-13
1.202E+02  4.921E-23  1.569E-13
1.191E+02  5.019E-23  1.586E-13
1.180E+02  5.119E-23  1.603E-13
1.169E+02  5.220E-23  1.619E-13
1.159E+02  5.322E-23  1.636E-13
1.148E+02  5.427E-23  1.653E-13
1.138E+02  5.533E-23  1.670E-13
1.127E+02  5.641E-23  1.687E-13
1.117E+02  5.751E-23  1.704E-13
1.107E+02  5.863E-23  1.721E-13
1.096E+02  5.976E-23  1.738E-13
1.086E+02  6.090E-23  1.755E-13
1.076E+02  6.206E-23  1.772E-13
1.067E+02  6.323E-23  1.789E-13
1.057E+02  6.442E-23  1.806E-13
1.047E+02  6.561E-23  1.822E-13
1.038E+02  6.682E-23  1.839E-13
1.028E+02  6.804E-23  1.855E-13
1.019E+02  6.925E-23  1.871E-13
1.009E+02  7.049E-23  1.887E-13
1.000E+02  7.173E-23  1.903E-13
9.908E+01  7.296E-23  1.918E-13
9.817E+01  7.422E-23  1.933E-13
9.727E+01  7.547E-23  1.947E-13
9.638E+01  7.673E-23  1.962E-13
9.550E+01  7.800E-23  1.976E-13
9.462E+01  7.927E-23  1.990E-13
9.376E+01  8.054E-23  2.003E-13
9.290E+01  8.181E-23  2.016E-13
9.204E+01  8.309E-23  2.029E-13
9.120E+01  8.436E-23  2.041E-13
9.036E+01  8.563E-23  2.053E-13
8.954E+01  8.691E-23  2.064E-13
8.872E+01  8.818E-23  2.075E-13
8.790E+01  8.946E-23  2.086E-13
8.710E+01  9.072E-23  2.096E-13
8.630E+01  9.200E-23  2.106E-13
8.551E+01  9.327E-23  2.115E-13
8.472E+01  9.451E-23  2.124E-13
8.395E+01  9.577E-23  2.133E-13
8.318E+01  9.702E-23  2.141E-13
8.241E+01  9.827E-23  2.148E-13
8.166E+01  9.951E-23  2.155E-13
8.091E+01  1.007E-22  2.162E-13
8.017E+01  1.020E-22  2.168E-13
7.943E+01  1.032E-22  2.174E-13
7.870E+01  1.044E-22  2.179E-13
7.798E+01  1.056E-22  2.184E-13
7.727E+01  1.067E-22  2.188E-13
7.656E+01  1.079E-22  2.191E-13
7.586E+01  1.091E-22  2.194E-13
7.516E+01  1.102E-22  2.197E-13
7.447E+01  1.113E-22  2.199E-13
7.379E+01  1.124E-22  2.200E-13
7.311E+01  1.135E-22  2.200E-13
7.244E+01  1.145E-22  2.200E-13
7.178E+01  1.155E-22  2.200E-13
7.112E+01  1.165E-22  2.199E-13
7.047E+01  1.176E-22  2.197E-13
6.982E+01  1.186E-22  2.196E-13
6.918E+01  1.195E-22  2.193E-13
6.855E+01  1.205E-22  2.190E-13
6.792E+01  1.214E-22  2.187E-13
6.730E+01  1.223E-22  2.182E-13
6.668E+01  1.231E-22  2.178E-13
6.607E+01  1.240E-22  2.173E-13
6.546E+01  1.248E-22  2.167E-13
6.486E+01  1.256E-22  2.161E-13
6.427E+01  1.264E-22  2.154E-13
6.368E+01  1.271E-22  2.147E-13
6.310E+01  1.278E-22  2.139E-13
6.252E+01  1.285E-22  2.131E-13
6.194E+01  1.292E-22  2.123E-13
6.138E+01  1.299E-22  2.114E-13
6.081E+01  1.305E-22  2.105E-13
6.026E+01  1.311E-22  2.095E-13
5.970E+01  1.316E-22  2.085E-13
5.916E+01  1.322E-22  2.074E-13
5.861E+01  1.327E-22  2.063E-13
5.808E+01  1.331E-22  2.051E-13
5.754E+01  1.336E-22  2.039E-13
5.702E+01  1.340E-22  2.027E-13
5.649E+01  1.344E-22  2.014E-13
5.598E+01  1.348E-22  2.001E-13
5.546E+01  1.351E-22  1.988E-13
5.495E+01  1.355E-22  1.974E-13
5.445E+01  1.357E-22  1.961E-13
5.395E+01  1.360E-22  1.947E-13
5.346E+01  1.363E-22  1.932E-13
5.297E+01  1.365E-22  1.917E-13
5.248E+01  1.367E-22  1.902E-13
5.200E+01  1.368E-22  1.887E-13
5.152E+01  1.370E-22  1.872E-13
5.105E+01  1.371E-22  1.856E-13
5.058E+01  1.371E-22  1.840E-13
5.012E+01  1.372E-22  1.824E-13
4.966E+01  1.372E-22  1.807E-13
4.920E+01  1.372E-22  1.791E-13
4.875E+01  1.372E-22  1.774E-13
4.831E+01  1.371E-22  1.757E-13
4.786E+01  1.370E-22  1.740E-13
4.742E+01  1.369E-22  1.722E-13
4.699E+01  1.368E-22  1.705E-13
4.656E+01  1.366E-22  1.687E-13
4.613E+01  1.364E-22  1.669E-13
4.571E+01  1.362E-22  1.652E-13
4.529E+01  1.360E-22  1.633E-13
4.487E+01  1.357E-22  1.615E-13
4.446E+01  1.354E-22  1.597E-13
4.406E+01  1.350E-22  1.578E-13
4.365E+01  1.346E-22  1.559E-13
4.325E+01  1.342E-22  1.540E-13
4.285E+01  1.338E-22  1.520E-13
4.246E+01  1.332E-22  1.501E-13
4.207E+01  1.327E-22  1.481E-13
4.169E+01  1.321E-22  1.460E-13
4.130E+01  1.314E-22  1.440E-13
4.093E+01  1.307E-22  1.419E-13
4.055E+01  1.299E-22  1.397E-13
4.018E+01  1.290E-22  1.375E-13
3.981E+01  1.281E-22  1.353E-13
3.945E+01  1.271E-22  1.330E-13
3.908E+01  1.261E-22  1.307E-13
3.873E+01  1.249E-22  1.283E-13
3.837E+01  1.237E-22  1.259E-13
3.802E+01  1.223E-22  1.234E-13
3.767E+01  1.209E-22  1.208E-13
3.733E+01  1.194E-22  1.182E-13
3.698E+01  1.177E-22  1.155E-13
3.664E+01  1.160E-22  1.127E-13
3.631E+01  1.141E-22  1.099E-13
3.597E+01  1.122E-22  1.070E-13
3.565E+01  1.101E-22  1.041E-13
3.532E+01  1.080E-22  1.011E-13
3.499E+01  1.057E-22  9.811E-14
3.467E+01  1.033E-22  9.503E-14
3.436E+01  1.009E-22  9.192E-14
3.404E+01  9.831E-23  8.877E-14
3.373E+01  9.568E-23  8.560E-14
3.342E+01  9.297E-23  8.242E-14
3.311E+01  9.021E-23  7.924E-14
3.281E+01  8.739E-23  7.605E-14
3.251E+01  8.452E-23  7.288E-14
3.221E+01  8.162E-23  6.974E-14
3.192E+01  7.871E-23  6.663E-14
3.162E+01  7.578E-23  6.357E-14
3.133E+01  7.287E-23  6.056E-14
3.105E+01  6.997E-23  5.762E-14
3.076E+01  6.711E-23  5.476E-14
3.048E+01  6.429E-23  5.198E-14
3.020E+01  6.153E-23  4.929E-14
2.992E+01  5.884E-23  4.670E-14
2.965E+01  5.622E-23  4.421E-14
2.938E+01  5.368E-23  4.183E-14
2.911E+01  5.123E-23  3.955E-14
2.884E+01  4.887E-23  3.739E-14
2.858E+01  4.662E-23  3.534E-14
2.831E+01  4.447E-23  3.340E-14
2.805E+01  4.242E-23  3.157E-14
2.780E+01  4.049E-23  2.985E-14
2.754E+01  3.865E-23  2.824E-14
2.729E+01  3.691E-23  2.672E-14
2.704E+01  3.529E-23  2.531E-14
2.679E+01  3.376E-23  2.399E-14
2.655E+01  3.233E-23  2.276E-14
2.630E+01  3.099E-23  2.162E-14
2.606E+01  2.974E-23  2.056E-14
2.582E+01  2.858E-23  1.958E-14
2.559E+01  2.750E-23  1.867E-14
2.535E+01  2.651E-23  1.782E-14
2.512E+01  2.558E-23  1.705E-14
2.489E+01  2.473E-23  1.632E-14
2.466E+01  2.394E-23  1.566E-14
2.443E+01  2.321E-23  1.504E-14
2.421E+01  2.254E-23  1.448E-14
2.399E+01  2.193E-23  1.395E-14
2.377E+01  2.137E-23  1.347E-14
2.355E+01  2.085E-23  1.303E-14
2.333E+01  2.039E-23  1.262E-14
2.312E+01  1.996E-23  1.224E-14
2.291E+01  1.957E-23  1.189E-14
2.270E+01  1.923E-23  1.158E-14
2.249E+01  1.892E-23  1.129E-14
2.228E+01  1.865E-23  1.102E-14
2.208E+01  1.840E-23  1.078E-14
2.188E+01  1.818E-23  1.055E-14
2.168E+01  1.798E-23  1.034E-14
2.148E+01  1.781E-23  1.015E-14
2.128E+01  1.766E-23  9.968E-15
2.109E+01  1.754E-23  9.808E-15
2.089E+01  1.743E-23  9.660E-15
2.070E+01  1.734E-23  9.524E-15
2.051E+01  1.728E-23  9.400E-15
2.032E+01  1.723E-23  9.288E-15
2.014E+01  1.721E-23  9.190E-15
1.995E+01  1.720E-23  9.103E-15
1.977E+01  1.721E-23  9.026E-15
1.959E+01  1.724E-23  8.957E-15
1.941E+01  1.729E-23  8.901E-15
1.923E+01  1.736E-23  8.857E-15
1.905E+01  1.747E-23  8.829E-15
1.888E+01  1.761E-23  8.820E-15
1.871E+01  1.781E-23  8.838E-15
1.854E+01  1.809E-23  8.895E-15
1.837E+01  1.850E-23  9.013E-15
1.820E+01  1.916E-23  9.251E-15
1.803E+01  2.051E-23  9.811E-15
1.786E+01  2.274E-23  1.078E-14
1.770E+01  2.275E-23  1.068E-14
1.754E+01  2.492E-23  1.159E-14
1.738E+01  3.090E-23  1.424E-14
1.722E+01  2.855E-23  1.304E-14
1.706E+01  2.833E-23  1.282E-14
1.690E+01  2.749E-23  1.232E-14
1.675E+01  2.617E-23  1.163E-14
1.660E+01  2.696E-23  1.187E-14
1.644E+01  3.262E-23  1.423E-14
1.629E+01  2.384E-23  1.030E-14
1.614E+01  2.090E-23  8.948E-15
1.600E+01  2.160E-23  9.164E-15
1.585E+01  2.154E-23  9.055E-15
1.570E+01  1.832E-23  7.633E-15
1.556E+01  1.679E-23  6.929E-15
1.542E+01  1.603E-23  6.557E-15
1.528E+01  1.557E-23  6.308E-15
1.514E+01  1.524E-23  6.119E-15
1.500E+01  1.500E-23  5.967E-15
1.486E+01  1.483E-23  5.844E-15
1.472E+01  1.474E-23  5.756E-15
1.459E+01  1.478E-23  5.719E-15
1.445E+01  1.510E-23  5.788E-15
1.432E+01  1.602E-23  6.086E-15
1.419E+01  1.704E-23  6.413E-15
1.406E+01  1.600E-23  5.969E-15
1.393E+01  1.522E-23  5.623E-15
1.380E+01  1.542E-23  5.645E-15
1.368E+01  1.690E-23  6.132E-15
1.355E+01  1.750E-23  6.292E-15
1.343E+01  1.618E-23  5.763E-15
1.330E+01  1.621E-23  5.719E-15
1.318E+01  1.716E-23  5.999E-15
1.306E+01  1.905E-23  6.599E-15
1.294E+01  2.232E-23  7.662E-15
1.282E+01  2.757E-23  9.379E-15
1.271E+01  3.410E-23  1.149E-14
1.259E+01  3.689E-23  1.232E-14
1.247E+01  3.310E-23  1.095E-14
1.236E+01  2.845E-23  9.328E-15
1.225E+01  2.651E-23  8.611E-15
1.213E+01  2.703E-23  8.700E-15
1.202E+01  2.799E-23  8.928E-15
1.191E+01  2.700E-23  8.530E-15
1.180E+01  2.484E-23  7.777E-15
1.169E+01  2.414E-23  7.489E-15
1.159E+01  2.683E-23  8.246E-15
1.148E+01  3.587E-23  1.092E-14
1.138E+01  5.493E-23  1.658E-14
1.127E+01  7.649E-23  2.287E-14
1.117E+01  5.221E-23  1.547E-14
1.107E+01  2.760E-23  8.102E-15
1.096E+01  1.885E-23  5.482E-15
1.086E+01  1.472E-23  4.242E-15
1.076E+01  1.246E-23  3.558E-15
1.067E+01  1.109E-23  3.137E-15
1.057E+01  1.020E-23  2.858E-15
1.047E+01  9.584E-24  2.662E-15
1.038E+01  9.148E-24  2.518E-15
1.028E+01  8.831E-24  2.408E-15
1.019E+01  8.599E-24  2.323E-15
1.009E+01  8.436E-24  2.259E-15
1.000E+01  8.332E-24  2.210E-15
9.908E+00  8.282E-24  2.177E-15
9.817E+00  8.282E-24  2.157E-15
9.727E+00  8.333E-24  2.150E-15
9.638E+00  8.435E-24  2.157E-15
9.550E+00  8.592E-24  2.177E-15
9.462E+00  8.811E-24  2.212E-15
9.376E+00  9.108E-24  2.265E-15
9.290E+00  9.507E-24  2.343E-15
9.204E+00  1.005E-23  2.454E-15
9.120E+00  1.081E-23  2.616E-15
9.036E+00  1.192E-23  2.858E-15
8.954E+00  1.360E-23  3.230E-15
8.872E+00  1.627E-23  3.828E-15
8.790E+00  2.066E-23  4.817E-15
8.710E+00  2.737E-23  6.324E-15
8.630E+00  3.364E-23  7.701E-15
8.551E+00  3.284E-23  7.449E-15
8.472E+00  2.845E-23  6.395E-15
8.395E+00  2.620E-23  5.834E-15
8.318E+00  2.603E-23  5.743E-15
8.241E+00  2.714E-23  5.934E-15
8.166E+00  3.000E-23  6.499E-15
8.091E+00  3.549E-23  7.617E-15
8.017E+00  4.428E-23  9.417E-15
7.943E+00  5.592E-23  1.178E-14
7.870E+00  6.653E-23  1.389E-14
7.798E+00  7.155E-23  1.480E-14
7.727E+00  7.446E-23  1.526E-14
7.656E+00  7.963E-23  1.617E-14
7.586E+00  7.866E-23  1.583E-14
7.516E+00  6.498E-23  1.295E-14
7.447E+00  4.925E-23  9.728E-15
7.379E+00  3.789E-23  7.417E-15
7.311E+00  3.034E-23  5.885E-15
7.244E+00  2.512E-23  4.828E-15
7.178E+00  2.134E-23  4.063E-15
7.112E+00  1.855E-23  3.499E-15
7.047E+00  1.652E-23  3.088E-15
6.982E+00  1.515E-23  2.805E-15
6.918E+00  1.435E-23  2.634E-15
6.855E+00  1.408E-23  2.560E-15
6.792E+00  1.417E-23  2.553E-15
6.730E+00  1.431E-23  2.555E-15
6.668E+00  1.414E-23  2.501E-15
6.607E+00  1.366E-23  2.394E-15
6.546E+00  1.336E-23  2.320E-15
6.486E+00  1.387E-23  2.387E-15
6.427E+00  1.601E-23  2.729E-15
6.368E+00  2.136E-23  3.608E-15
6.310E+00  3.358E-23  5.621E-15
6.252E+00  5.465E-23  9.062E-15
6.194E+00  5.568E-23  9.149E-15
6.138E+00  3.344E-23  5.445E-15
6.081E+00  1.960E-23  3.162E-15
6.026E+00  1.316E-23  2.103E-15
5.970E+00  1.008E-23  1.596E-15
5.916E+00  8.690E-24  1.364E-15
5.861E+00  8.415E-24  1.308E-15
5.808E+00  9.192E-24  1.416E-15
5.754E+00  1.090E-23  1.664E-15
5.702E+00  1.190E-23  1.799E-15
5.649E+00  1.014E-23  1.520E-15
5.598E+00  7.561E-24  1.123E-15
5.546E+00  5.771E-24  8.490E-16
5.495E+00  4.728E-24  6.892E-16
5.445E+00  4.164E-24  6.015E-16
5.395E+00  3.958E-24  5.664E-16
5.346E+00  4.152E-24  5.887E-16
5.297E+00  4.890E-24  6.871E-16
5.248E+00  5.432E-24  7.562E-16
5.200E+00  4.396E-24  6.064E-16
5.152E+00  3.319E-24  4.535E-16
5.105E+00  2.727E-24  3.693E-16
5.058E+00  2.397E-24  3.216E-16
5.012E+00  2.191E-24  2.912E-16
4.966E+00  2.047E-24  2.697E-16
4.920E+00  1.940E-24  2.533E-16
4.875E+00  1.856E-24  2.400E-16
4.831E+00  1.787E-24  2.290E-16
4.786E+00  1.729E-24  2.195E-16
4.742E+00  1.679E-24  2.113E-16
4.699E+00  1.636E-24  2.039E-16
4.656E+00  1.598E-24  1.973E-16
4.613E+00  1.563E-24  1.913E-16
4.571E+00  1.533E-24  1.858E-16
4.529E+00  1.505E-24  1.808E-16
4.487E+00  1.480E-24  1.761E-16
4.446E+00  1.457E-24  1.718E-16
4.406E+00  1.436E-24  1.678E-16
4.365E+00  1.417E-24  1.641E-16
4.325E+00  1.399E-24  1.606E-16
4.285E+00  1.383E-24  1.573E-16
4.246E+00  1.369E-24  1.542E-16
4.207E+00  1.356E-24  1.513E-16
4.169E+00  1.344E-24  1.486E-16
4.130E+00  1.333E-24  1.460E-16
4.093E+00  1.323E-24  1.436E-16
4.055E+00  1.315E-24  1.414E-16
4.018E+00  1.308E-24  1.394E-16
3.981E+00  1.302E-24  1.375E-16
3.945E+00  1.298E-24  1.358E-16
3.908E+00  1.295E-24  1.343E-16
3.873E+00  1.295E-24  1.330E-16
3.837E+00  1.296E-24  1.319E-16
3.802E+00  1.301E-24  1.312E-16
3.767E+00  1.308E-24  1.307E-16
3.733E+00  1.320E-24  1.307E-16
3.698E+00  1.338E-24  1.313E-16
3.664E+00  1.363E-24  1.325E-16
3.631E+00  1.398E-24  1.346E-16
3.597E+00  1.447E-24  1.381E-16
3.565E+00  1.518E-24  1.435E-16
3.532E+00  1.622E-24  1.520E-16
3.499E+00  1.781E-24  1.653E-16
3.467E+00  2.038E-24  1.875E-16
3.436E+00  2.489E-24  2.268E-16
3.404E+00  3.378E-24  3.050E-16
3.373E+00  5.502E-24  4.922E-16
3.342E+00  1.254E-23  1.111E-15
3.311E+00  4.743E-23  4.166E-15
3.281E+00  3.239E-23  2.819E-15
3.251E+00  9.251E-24  7.977E-16
3.221E+00  4.417E-24  3.774E-16
3.192E+00  2.817E-24  2.385E-16
3.162E+00  2.111E-24  1.771E-16
3.133E+00  1.739E-24  1.445E-16
3.105E+00  1.519E-24  1.251E-16
3.076E+00  1.378E-24  1.124E-16
3.048E+00  1.281E-24  1.036E-16
3.020E+00  1.211E-24  9.701E-17
2.992E+00  1.158E-24  9.194E-17
2.965E+00  1.117E-24  8.787E-17
2.938E+00  1.084E-24  8.450E-17
2.911E+00  1.057E-24  8.162E-17
2.884E+00  1.034E-24  7.911E-17
2.858E+00  1.014E-24  7.687E-17
2.831E+00  9.966E-25  7.485E-17
2.805E+00  9.810E-25  7.300E-17
2.780E+00  9.668E-25  7.129E-17
2.754E+00  9.537E-25  6.968E-17
2.729E+00  9.416E-25  6.816E-17
2.704E+00  9.302E-25  6.672E-17
2.679E+00  9.194E-25  6.534E-17
2.655E+00  9.091E-25  6.401E-17
2.630E+00  8.992E-25  6.274E-17
2.606E+00  8.896E-25  6.150E-17
2.582E+00  8.803E-25  6.030E-17
2.559E+00  8.712E-25  5.913E-17
2.535E+00  8.623E-25  5.799E-17
2.512E+00  8.535E-25  5.687E-17
2.489E+00  8.449E-25  5.578E-17
2.466E+00  8.362E-25  5.470E-17
2.443E+00  8.276E-25  5.364E-17
2.421E+00  8.190E-25  5.260E-17
2.399E+00  8.106E-25  5.158E-17
2.377E+00  8.023E-25  5.059E-17
2.355E+00  7.941E-25  4.960E-17
2.333E+00  7.858E-25  4.864E-17
2.312E+00  7.776E-25  4.769E-17
2.291E+00  7.694E-25  4.675E-17
2.270E+00  7.611E-25  4.583E-17
2.249E+00  7.528E-25  4.491E-17
2.228E+00  7.444E-25  4.400E-17
2.208E+00  7.359E-25  4.310E-17
2.188E+00  7.271E-25  4.220E-17
2.168E+00  7.182E-25  4.130E-17
2.148E+00  7.090E-25  4.039E-17
2.128E+00  6.994E-25  3.948E-17
2.109E+00  6.892E-25  3.855E-17
2.089E+00  6.784E-25  3.760E-17
2.070E+00  6.669E-25  3.662E-17
2.051E+00  6.542E-25  3.560E-17
2.032E+00  6.403E-25  3.452E-17
2.014E+00  6.247E-25  3.337E-17
1.995E+00  6.073E-25  3.214E-17
1.977E+00  5.879E-25  3.083E-17
1.959E+00  5.673E-25  2.948E-17
1.941E+00  5.473E-25  2.818E-17
1.923E+00  5.316E-25  2.712E-17
1.905E+00  5.239E-25  2.648E-17
1.888E+00  5.256E-25  2.632E-17
1.871E+00  5.338E-25  2.649E-17
1.854E+00  5.443E-25  2.676E-17
1.837E+00  5.535E-25  2.696E-17
1.820E+00  5.602E-25  2.704E-17
1.803E+00  5.642E-25  2.698E-17
1.786E+00  5.659E-25  2.682E-17
1.770E+00  5.658E-25  2.657E-17
1.754E+00  5.645E-25  2.626E-17
1.738E+00  5.622E-25  2.592E-17
1.722E+00  5.593E-25  2.555E-17
1.706E+00  5.559E-25  2.516E-17
1.690E+00  5.522E-25  2.476E-17
1.675E+00  5.483E-25  2.436E-17
1.660E+00  5.442E-25  2.396E-17
1.644E+00  5.402E-25  2.356E-17
1.629E+00  5.361E-25  2.317E-17
1.614E+00  5.322E-25  2.279E-17
1.600E+00  5.284E-25  2.242E-17
1.585E+00  5.248E-25  2.206E-17
1.570E+00  5.215E-25  2.172E-17
1.556E+00  5.185E-25  2.140E-17
1.542E+00  5.159E-25  2.110E-17
1.528E+00  5.139E-25  2.082E-17
1.514E+00  5.124E-25  2.057E-17
1.500E+00  5.115E-25  2.035E-17
1.486E+00  5.114E-25  2.016E-17
1.472E+00  5.123E-25  2.001E-17
1.459E+00  5.142E-25  1.990E-17
1.445E+00  5.174E-25  1.984E-17
1.432E+00  5.222E-25  1.984E-17
1.419E+00  5.287E-25  1.990E-17
1.406E+00  5.375E-25  2.005E-17
1.393E+00  5.489E-25  2.029E-17
1.380E+00  5.635E-25  2.063E-17
1.368E+00  5.818E-25  2.111E-17
1.355E+00  6.045E-25  2.173E-17
1.343E+00  6.322E-25  2.252E-17
1.330E+00  6.651E-25  2.347E-17
1.318E+00  7.026E-25  2.457E-17
1.306E+00  7.425E-25  2.573E-17
1.294E+00  7.801E-25  2.678E-17
1.282E+00  8.076E-25  2.747E-17
1.271E+00  8.156E-25  2.749E-17
1.259E+00  7.976E-25  2.663E-17
1.247E+00  7.540E-25  2.495E-17
1.236E+00  6.932E-25  2.273E-17
1.225E+00  6.266E-25  2.036E-17
1.213E+00  5.636E-25  1.814E-17
1.202E+00  5.092E-25  1.624E-17
1.191E+00  4.650E-25  1.469E-17
1.180E+00  4.308E-25  1.349E-17
1.169E+00  4.054E-25  1.258E-17
1.159E+00  3.881E-25  1.193E-17
1.148E+00  3.783E-25  1.152E-17
1.138E+00  3.758E-25  1.134E-17
1.127E+00  3.813E-25  1.140E-17
1.117E+00  3.966E-25  1.175E-17
1.107E+00  4.247E-25  1.247E-17
1.096E+00  4.706E-25  1.369E-17
1.086E+00  5.415E-25  1.561E-17
1.076E+00  6.447E-25  1.841E-17
1.067E+00  7.740E-25  2.190E-17
1.057E+00  8.776E-25  2.460E-17
1.047E+00  8.600E-25  2.389E-17
1.038E+00  7.134E-25  1.963E-17
1.028E+00  5.406E-25  1.474E-17
1.019E+00  4.065E-25  1.098E-17
1.009E+00  3.157E-25  8.451E-18
1.000E+00  2.555E-25  6.777E-18
