Dust emission from Draine & Li (2007): ApJ 657, 810-837
================================================================
         5 = grain model
 4.000E-08 4.000E-01 3.000E-05 = a_01 (cm) , sigma_1 , b_C1/0.92
 2.500E-07 4.000E-01 1.000E-05 = a_02 (cm) , sigma_2 , b_C2/0.92
 1.000E+01 1.000E+04 2.000E+00 = Umin , Umax, beta (dN/dU propto U^{-beta})
 6.915E+01 = <U> 
     mmp83 = radfield
 3.108E-22 = power/H (erg s-1)
 band   nu*P_nu(band) j_nu(band)
 (um)   (erg s-1 H-1)(Jy cm2 sr-1 H-1)
1.270E+00  8.589E-25  2.894E-17 COBE-DIRBE
2.220E+00  1.098E-24  6.469E-17 COBE-DIRBE
3.530E+00  7.144E-24  6.690E-16 COBE-DIRBE
4.880E+00  3.347E-24  4.332E-16 COBE-DIRBE
1.229E+01  3.481E-23  1.135E-14 COBE-DIRBE
2.079E+01  4.818E-23  2.657E-14 COBE-DIRBE
5.599E+01  1.765E-22  2.621E-13 COBE-DIRBE
9.770E+01  8.446E-23  2.189E-13 COBE-DIRBE
1.479E+02  3.361E-23  1.318E-13 COBE-DIRBE
2.479E+02  6.389E-24  4.201E-14 COBE-DIRBE
1.200E+01  3.569E-23  1.136E-14 IRAS
2.500E+01  6.537E-23  4.335E-14 IRAS
6.000E+01  1.674E-22  2.665E-13 IRAS
1.000E+02  8.024E-23  2.128E-13 IRAS
3.550E+00  8.307E-24  7.822E-16 SST-IRAC
4.493E+00  2.341E-24  2.791E-16 SST-IRAC
5.731E+00  2.006E-23  3.050E-15 SST-IRAC
7.872E+00  4.924E-23  1.028E-14 SST-IRAC
2.368E+01  5.769E-23  3.623E-14 SST-MIPS
7.142E+01  1.264E-22  2.394E-13 SST-MIPS
1.559E+02  2.628E-23  1.087E-13 SST-MIPS
1.600E+01  3.301E-23  1.401E-14 SST-IRSPU
2.200E+01  5.508E-23  3.214E-14 SST-IRSPU











lambda    nu*dP/dnu     j_nu
 (um)   (erg s-1 H-1)(Jy cm2 sr-1 H-1)
1.000E+04  9.575E-31  2.540E-19
9.908E+03  9.926E-31  2.609E-19
9.817E+03  1.029E-30  2.680E-19
9.727E+03  1.067E-30  2.753E-19
9.638E+03  1.106E-30  2.827E-19
9.550E+03  1.146E-30  2.904E-19
9.462E+03  1.189E-30  2.983E-19
9.376E+03  1.232E-30  3.064E-19
9.290E+03  1.277E-30  3.148E-19
9.204E+03  1.324E-30  3.233E-19
9.120E+03  1.373E-30  3.321E-19
9.036E+03  1.423E-30  3.412E-19
8.954E+03  1.475E-30  3.504E-19
8.872E+03  1.529E-30  3.599E-19
8.790E+03  1.585E-30  3.696E-19
8.710E+03  1.643E-30  3.796E-19
8.630E+03  1.703E-30  3.899E-19
8.551E+03  1.765E-30  4.004E-19
8.472E+03  1.830E-30  4.113E-19
8.395E+03  1.897E-30  4.225E-19
8.318E+03  1.967E-30  4.339E-19
8.241E+03  2.039E-30  4.457E-19
8.166E+03  2.114E-30  4.579E-19
8.091E+03  2.192E-30  4.703E-19
8.017E+03  2.272E-30  4.832E-19
7.943E+03  2.356E-30  4.963E-19
7.870E+03  2.442E-30  5.099E-19
7.798E+03  2.532E-30  5.238E-19
7.727E+03  2.626E-30  5.382E-19
7.656E+03  2.723E-30  5.529E-19
7.586E+03  2.823E-30  5.681E-19
7.516E+03  2.927E-30  5.836E-19
7.447E+03  3.036E-30  5.997E-19
7.379E+03  3.148E-30  6.161E-19
7.311E+03  3.264E-30  6.331E-19
7.244E+03  3.385E-30  6.505E-19
7.178E+03  3.511E-30  6.684E-19
7.112E+03  3.641E-30  6.868E-19
7.047E+03  3.776E-30  7.058E-19
6.982E+03  3.916E-30  7.252E-19
6.918E+03  4.061E-30  7.452E-19
6.855E+03  4.212E-30  7.658E-19
6.792E+03  4.368E-30  7.869E-19
6.730E+03  4.530E-30  8.087E-19
6.668E+03  4.698E-30  8.310E-19
6.607E+03  4.873E-30  8.541E-19
6.546E+03  5.055E-30  8.777E-19
6.486E+03  5.243E-30  9.021E-19
6.427E+03  5.438E-30  9.271E-19
6.368E+03  5.641E-30  9.529E-19
6.310E+03  5.852E-30  9.794E-19
6.252E+03  6.070E-30  1.007E-18
6.194E+03  6.297E-30  1.035E-18
6.138E+03  6.533E-30  1.064E-18
6.081E+03  6.777E-30  1.093E-18
6.026E+03  7.031E-30  1.124E-18
5.970E+03  7.294E-30  1.155E-18
5.916E+03  7.568E-30  1.188E-18
5.861E+03  7.852E-30  1.221E-18
5.808E+03  8.147E-30  1.255E-18
5.754E+03  8.453E-30  1.290E-18
5.702E+03  8.771E-30  1.326E-18
5.649E+03  9.101E-30  1.364E-18
5.598E+03  9.443E-30  1.402E-18
5.546E+03  9.799E-30  1.442E-18
5.495E+03  1.017E-29  1.482E-18
5.445E+03  1.055E-29  1.524E-18
5.395E+03  1.095E-29  1.567E-18
5.346E+03  1.136E-29  1.611E-18
5.297E+03  1.179E-29  1.657E-18
5.248E+03  1.224E-29  1.704E-18
5.200E+03  1.270E-29  1.752E-18
5.152E+03  1.318E-29  1.802E-18
5.105E+03  1.368E-29  1.853E-18
5.058E+03  1.420E-29  1.905E-18
5.012E+03  1.474E-29  1.959E-18
4.966E+03  1.530E-29  2.015E-18
4.920E+03  1.588E-29  2.072E-18
4.875E+03  1.648E-29  2.131E-18
4.831E+03  1.711E-29  2.192E-18
4.786E+03  1.776E-29  2.255E-18
4.742E+03  1.843E-29  2.319E-18
4.699E+03  1.914E-29  2.385E-18
4.656E+03  1.986E-29  2.453E-18
4.613E+03  2.062E-29  2.523E-18
4.571E+03  2.141E-29  2.596E-18
4.529E+03  2.223E-29  2.670E-18
4.487E+03  2.308E-29  2.747E-18
4.446E+03  2.396E-29  2.826E-18
4.406E+03  2.488E-29  2.907E-18
4.365E+03  2.583E-29  2.991E-18
4.325E+03  2.682E-29  3.077E-18
4.285E+03  2.785E-29  3.165E-18
4.246E+03  2.891E-29  3.257E-18
4.207E+03  3.002E-29  3.351E-18
4.169E+03  3.118E-29  3.448E-18
4.130E+03  3.238E-29  3.547E-18
4.093E+03  3.362E-29  3.650E-18
4.055E+03  3.492E-29  3.756E-18
4.018E+03  3.626E-29  3.865E-18
3.981E+03  3.766E-29  3.977E-18
3.945E+03  3.911E-29  4.092E-18
3.908E+03  4.062E-29  4.211E-18
3.873E+03  4.218E-29  4.333E-18
3.837E+03  4.381E-29  4.459E-18
3.802E+03  4.550E-29  4.589E-18
3.767E+03  4.726E-29  4.723E-18
3.733E+03  4.909E-29  4.861E-18
3.698E+03  5.099E-29  5.003E-18
3.664E+03  5.297E-29  5.149E-18
3.631E+03  5.503E-29  5.299E-18
3.597E+03  5.716E-29  5.455E-18
3.565E+03  5.938E-29  5.615E-18
3.532E+03  6.169E-29  5.779E-18
3.499E+03  6.409E-29  5.949E-18
3.467E+03  6.659E-29  6.124E-18
3.436E+03  6.918E-29  6.305E-18
3.404E+03  7.188E-29  6.490E-18
3.373E+03  7.469E-29  6.682E-18
3.342E+03  7.760E-29  6.879E-18
3.311E+03  8.064E-29  7.083E-18
3.281E+03  8.379E-29  7.292E-18
3.251E+03  8.707E-29  7.508E-18
3.221E+03  9.048E-29  7.731E-18
3.192E+03  9.403E-29  7.960E-18
3.162E+03  9.772E-29  8.197E-18
3.133E+03  1.016E-28  8.440E-18
3.105E+03  1.055E-28  8.691E-18
3.076E+03  1.097E-28  8.950E-18
3.048E+03  1.140E-28  9.217E-18
3.020E+03  1.185E-28  9.492E-18
2.992E+03  1.232E-28  9.775E-18
2.965E+03  1.280E-28  1.007E-17
2.938E+03  1.330E-28  1.037E-17
2.911E+03  1.383E-28  1.068E-17
2.884E+03  1.437E-28  1.099E-17
2.858E+03  1.494E-28  1.132E-17
2.831E+03  1.553E-28  1.166E-17
2.805E+03  1.614E-28  1.201E-17
2.780E+03  1.678E-28  1.237E-17
2.754E+03  1.744E-28  1.274E-17
2.729E+03  1.813E-28  1.312E-17
2.704E+03  1.885E-28  1.352E-17
2.679E+03  1.960E-28  1.393E-17
2.655E+03  2.037E-28  1.435E-17
2.630E+03  2.118E-28  1.478E-17
2.606E+03  2.202E-28  1.522E-17
2.582E+03  2.290E-28  1.568E-17
2.559E+03  2.381E-28  1.616E-17
2.535E+03  2.476E-28  1.665E-17
2.512E+03  2.574E-28  1.715E-17
2.489E+03  2.677E-28  1.767E-17
2.466E+03  2.783E-28  1.821E-17
2.443E+03  2.894E-28  1.876E-17
2.421E+03  3.010E-28  1.933E-17
2.399E+03  3.130E-28  1.992E-17
2.377E+03  3.255E-28  2.052E-17
2.355E+03  3.386E-28  2.115E-17
2.333E+03  3.521E-28  2.180E-17
2.312E+03  3.662E-28  2.246E-17
2.291E+03  3.809E-28  2.315E-17
2.270E+03  3.962E-28  2.385E-17
2.249E+03  4.121E-28  2.458E-17
2.228E+03  4.286E-28  2.534E-17
2.208E+03  4.458E-28  2.611E-17
2.188E+03  4.638E-28  2.691E-17
2.168E+03  4.824E-28  2.774E-17
2.148E+03  5.018E-28  2.859E-17
2.128E+03  5.220E-28  2.947E-17
2.109E+03  5.430E-28  3.037E-17
2.089E+03  5.649E-28  3.131E-17
2.070E+03  5.877E-28  3.227E-17
2.051E+03  6.114E-28  3.327E-17
2.032E+03  6.361E-28  3.429E-17
2.014E+03  6.618E-28  3.535E-17
1.995E+03  6.885E-28  3.644E-17
1.977E+03  7.163E-28  3.756E-17
1.959E+03  7.452E-28  3.872E-17
1.941E+03  7.754E-28  3.992E-17
1.923E+03  8.067E-28  4.115E-17
1.905E+03  8.394E-28  4.243E-17
1.888E+03  8.734E-28  4.374E-17
1.871E+03  9.087E-28  4.509E-17
1.854E+03  9.456E-28  4.649E-17
1.837E+03  9.839E-28  4.793E-17
1.820E+03  1.024E-27  4.942E-17
1.803E+03  1.065E-27  5.095E-17
1.786E+03  1.109E-27  5.253E-17
1.770E+03  1.154E-27  5.417E-17
1.754E+03  1.200E-27  5.585E-17
1.738E+03  1.249E-27  5.759E-17
1.722E+03  1.300E-27  5.938E-17
1.706E+03  1.353E-27  6.123E-17
1.690E+03  1.408E-27  6.313E-17
1.675E+03  1.465E-27  6.510E-17
1.660E+03  1.525E-27  6.713E-17
1.644E+03  1.587E-27  6.922E-17
1.629E+03  1.652E-27  7.138E-17
1.614E+03  1.719E-27  7.361E-17
1.600E+03  1.789E-27  7.591E-17
1.585E+03  1.862E-27  7.828E-17
1.570E+03  1.938E-27  8.072E-17
1.556E+03  2.017E-27  8.324E-17
1.542E+03  2.099E-27  8.584E-17
1.528E+03  2.185E-27  8.853E-17
1.514E+03  2.274E-27  9.129E-17
1.500E+03  2.367E-27  9.415E-17
1.486E+03  2.463E-27  9.709E-17
1.472E+03  2.564E-27  1.001E-16
1.459E+03  2.669E-27  1.033E-16
1.445E+03  2.778E-27  1.065E-16
1.432E+03  2.891E-27  1.098E-16
1.419E+03  3.010E-27  1.133E-16
1.406E+03  3.133E-27  1.168E-16
1.393E+03  3.261E-27  1.205E-16
1.380E+03  3.394E-27  1.243E-16
1.368E+03  3.533E-27  1.282E-16
1.355E+03  3.678E-27  1.322E-16
1.343E+03  3.829E-27  1.364E-16
1.330E+03  3.985E-27  1.406E-16
1.318E+03  4.148E-27  1.451E-16
1.306E+03  4.318E-27  1.496E-16
1.294E+03  4.495E-27  1.543E-16
1.282E+03  4.679E-27  1.592E-16
1.271E+03  4.871E-27  1.642E-16
1.259E+03  5.070E-27  1.693E-16
1.247E+03  5.278E-27  1.746E-16
1.236E+03  5.494E-27  1.801E-16
1.225E+03  5.719E-27  1.858E-16
1.213E+03  5.953E-27  1.916E-16
1.202E+03  6.197E-27  1.976E-16
1.191E+03  6.450E-27  2.038E-16
1.180E+03  6.714E-27  2.102E-16
1.169E+03  6.989E-27  2.168E-16
1.159E+03  7.275E-27  2.236E-16
1.148E+03  7.573E-27  2.306E-16
1.138E+03  7.883E-27  2.379E-16
1.127E+03  8.205E-27  2.453E-16
1.117E+03  8.541E-27  2.530E-16
1.107E+03  8.890E-27  2.610E-16
1.096E+03  9.254E-27  2.692E-16
1.086E+03  9.632E-27  2.776E-16
1.076E+03  1.003E-26  2.863E-16
1.067E+03  1.044E-26  2.953E-16
1.057E+03  1.086E-26  3.045E-16
1.047E+03  1.131E-26  3.140E-16
1.038E+03  1.177E-26  3.239E-16
1.028E+03  1.225E-26  3.340E-16
1.019E+03  1.275E-26  3.444E-16
1.009E+03  1.327E-26  3.552E-16
1.000E+03  1.381E-26  3.663E-16
9.908E+02  1.437E-26  3.778E-16
9.817E+02  1.496E-26  3.896E-16
9.727E+02  1.557E-26  4.018E-16
9.638E+02  1.621E-26  4.143E-16
9.550E+02  1.687E-26  4.273E-16
9.462E+02  1.756E-26  4.406E-16
9.376E+02  1.827E-26  4.544E-16
9.290E+02  1.902E-26  4.686E-16
9.204E+02  1.979E-26  4.832E-16
9.120E+02  2.060E-26  4.983E-16
9.036E+02  2.144E-26  5.138E-16
8.954E+02  2.231E-26  5.298E-16
8.872E+02  2.321E-26  5.463E-16
8.790E+02  2.416E-26  5.633E-16
8.710E+02  2.514E-26  5.807E-16
8.630E+02  2.616E-26  5.988E-16
8.551E+02  2.722E-26  6.173E-16
8.472E+02  2.832E-26  6.365E-16
8.395E+02  2.947E-26  6.562E-16
8.318E+02  3.066E-26  6.765E-16
8.241E+02  3.190E-26  6.974E-16
8.166E+02  3.319E-26  7.189E-16
8.091E+02  3.453E-26  7.411E-16
8.017E+02  3.592E-26  7.639E-16
7.943E+02  3.737E-26  7.875E-16
7.870E+02  3.888E-26  8.117E-16
7.798E+02  4.045E-26  8.367E-16
7.727E+02  4.208E-26  8.624E-16
7.656E+02  4.377E-26  8.889E-16
7.586E+02  4.553E-26  9.162E-16
7.516E+02  4.736E-26  9.443E-16
7.447E+02  4.927E-26  9.733E-16
7.379E+02  5.125E-26  1.003E-15
7.311E+02  5.332E-26  1.034E-15
7.244E+02  5.547E-26  1.066E-15
7.178E+02  5.770E-26  1.099E-15
7.112E+02  6.002E-26  1.132E-15
7.047E+02  6.244E-26  1.167E-15
6.982E+02  6.496E-26  1.203E-15
6.918E+02  6.757E-26  1.240E-15
6.855E+02  7.029E-26  1.278E-15
6.792E+02  7.312E-26  1.317E-15
6.730E+02  7.606E-26  1.358E-15
6.668E+02  7.911E-26  1.399E-15
6.607E+02  8.228E-26  1.442E-15
6.546E+02  8.559E-26  1.486E-15
6.486E+02  8.904E-26  1.532E-15
6.427E+02  9.263E-26  1.579E-15
6.368E+02  9.637E-26  1.628E-15
6.310E+02  1.003E-25  1.678E-15
6.252E+02  1.043E-25  1.730E-15
6.194E+02  1.085E-25  1.783E-15
6.138E+02  1.129E-25  1.838E-15
6.081E+02  1.174E-25  1.894E-15
6.026E+02  1.222E-25  1.953E-15
5.970E+02  1.271E-25  2.013E-15
5.916E+02  1.322E-25  2.075E-15
5.861E+02  1.376E-25  2.139E-15
5.808E+02  1.431E-25  2.205E-15
5.754E+02  1.489E-25  2.272E-15
5.702E+02  1.549E-25  2.342E-15
5.649E+02  1.611E-25  2.415E-15
5.598E+02  1.676E-25  2.489E-15
5.546E+02  1.744E-25  2.566E-15
5.495E+02  1.814E-25  2.645E-15
5.445E+02  1.888E-25  2.726E-15
5.395E+02  1.964E-25  2.810E-15
5.346E+02  2.043E-25  2.897E-15
5.297E+02  2.125E-25  2.986E-15
5.248E+02  2.211E-25  3.078E-15
5.200E+02  2.300E-25  3.173E-15
5.152E+02  2.393E-25  3.271E-15
5.105E+02  2.490E-25  3.372E-15
5.058E+02  2.590E-25  3.476E-15
5.012E+02  2.695E-25  3.583E-15
4.966E+02  2.804E-25  3.693E-15
4.920E+02  2.917E-25  3.807E-15
4.875E+02  3.034E-25  3.924E-15
4.831E+02  3.157E-25  4.045E-15
4.786E+02  3.284E-25  4.169E-15
4.742E+02  3.416E-25  4.297E-15
4.699E+02  3.554E-25  4.430E-15
4.656E+02  3.697E-25  4.566E-15
4.613E+02  3.846E-25  4.706E-15
4.571E+02  4.001E-25  4.851E-15
4.529E+02  4.162E-25  5.000E-15
4.487E+02  4.329E-25  5.153E-15
4.446E+02  4.503E-25  5.311E-15
4.406E+02  4.684E-25  5.474E-15
4.365E+02  4.873E-25  5.642E-15
4.325E+02  5.068E-25  5.815E-15
4.285E+02  5.272E-25  5.993E-15
4.246E+02  5.484E-25  6.177E-15
4.207E+02  5.704E-25  6.366E-15
4.169E+02  5.933E-25  6.561E-15
4.130E+02  6.171E-25  6.761E-15
4.093E+02  6.418E-25  6.968E-15
4.055E+02  6.676E-25  7.181E-15
4.018E+02  6.943E-25  7.400E-15
3.981E+02  7.222E-25  7.626E-15
3.945E+02  7.511E-25  7.859E-15
3.908E+02  7.812E-25  8.099E-15
3.873E+02  8.125E-25  8.346E-15
3.837E+02  8.450E-25  8.600E-15
3.802E+02  8.788E-25  8.862E-15
3.767E+02  9.139E-25  9.132E-15
3.733E+02  9.504E-25  9.410E-15
3.698E+02  9.884E-25  9.696E-15
3.664E+02  1.028E-24  9.991E-15
3.631E+02  1.069E-24  1.029E-14
3.597E+02  1.111E-24  1.061E-14
3.565E+02  1.156E-24  1.093E-14
3.532E+02  1.202E-24  1.126E-14
3.499E+02  1.249E-24  1.160E-14
3.467E+02  1.299E-24  1.195E-14
3.436E+02  1.351E-24  1.231E-14
3.404E+02  1.404E-24  1.268E-14
3.373E+02  1.460E-24  1.306E-14
3.342E+02  1.518E-24  1.345E-14
3.311E+02  1.578E-24  1.386E-14
3.281E+02  1.640E-24  1.427E-14
3.251E+02  1.705E-24  1.470E-14
3.221E+02  1.772E-24  1.514E-14
3.192E+02  1.842E-24  1.560E-14
3.162E+02  1.915E-24  1.606E-14
3.133E+02  1.990E-24  1.654E-14
3.105E+02  2.068E-24  1.703E-14
3.076E+02  2.149E-24  1.754E-14
3.048E+02  2.234E-24  1.806E-14
3.020E+02  2.321E-24  1.859E-14
2.992E+02  2.412E-24  1.914E-14
2.965E+02  2.506E-24  1.971E-14
2.938E+02  2.604E-24  2.029E-14
2.911E+02  2.705E-24  2.089E-14
2.884E+02  2.810E-24  2.150E-14
2.858E+02  2.919E-24  2.213E-14
2.831E+02  3.033E-24  2.278E-14
2.805E+02  3.150E-24  2.344E-14
2.780E+02  3.272E-24  2.413E-14
2.754E+02  3.398E-24  2.483E-14
2.729E+02  3.530E-24  2.555E-14
2.704E+02  3.666E-24  2.630E-14
2.679E+02  3.808E-24  2.706E-14
2.655E+02  3.955E-24  2.785E-14
2.630E+02  4.107E-24  2.865E-14
2.606E+02  4.265E-24  2.948E-14
2.582E+02  4.428E-24  3.033E-14
2.559E+02  4.597E-24  3.120E-14
2.535E+02  4.772E-24  3.209E-14
2.512E+02  4.952E-24  3.299E-14
2.489E+02  5.135E-24  3.390E-14
2.466E+02  5.322E-24  3.481E-14
2.443E+02  5.515E-24  3.574E-14
2.421E+02  5.712E-24  3.669E-14
2.399E+02  5.916E-24  3.764E-14
2.377E+02  6.123E-24  3.860E-14
2.355E+02  6.336E-24  3.958E-14
2.333E+02  6.556E-24  4.058E-14
2.312E+02  6.783E-24  4.160E-14
2.291E+02  7.017E-24  4.264E-14
2.270E+02  7.259E-24  4.370E-14
2.249E+02  7.508E-24  4.479E-14
2.228E+02  7.764E-24  4.590E-14
2.208E+02  8.029E-24  4.703E-14
2.188E+02  8.302E-24  4.818E-14
2.168E+02  8.583E-24  4.935E-14
2.148E+02  8.873E-24  5.055E-14
2.128E+02  9.171E-24  5.177E-14
2.109E+02  9.478E-24  5.302E-14
2.089E+02  9.795E-24  5.428E-14
2.070E+02  1.012E-23  5.557E-14
2.051E+02  1.046E-23  5.688E-14
2.032E+02  1.080E-23  5.822E-14
2.014E+02  1.116E-23  5.959E-14
1.995E+02  1.152E-23  6.097E-14
1.977E+02  1.190E-23  6.239E-14
1.959E+02  1.228E-23  6.382E-14
1.941E+02  1.268E-23  6.528E-14
1.923E+02  1.309E-23  6.677E-14
1.905E+02  1.351E-23  6.829E-14
1.888E+02  1.394E-23  6.983E-14
1.871E+02  1.439E-23  7.139E-14
1.854E+02  1.485E-23  7.299E-14
1.837E+02  1.532E-23  7.461E-14
1.820E+02  1.580E-23  7.626E-14
1.803E+02  1.630E-23  7.794E-14
1.786E+02  1.681E-23  7.964E-14
1.770E+02  1.733E-23  8.138E-14
1.754E+02  1.787E-23  8.315E-14
1.738E+02  1.843E-23  8.494E-14
1.722E+02  1.900E-23  8.677E-14
1.706E+02  1.959E-23  8.863E-14
1.690E+02  2.019E-23  9.053E-14
1.675E+02  2.081E-23  9.246E-14
1.660E+02  2.145E-23  9.442E-14
1.644E+02  2.211E-23  9.643E-14
1.629E+02  2.278E-23  9.847E-14
1.614E+02  2.348E-23  1.006E-13
1.600E+02  2.420E-23  1.027E-13
1.585E+02  2.494E-23  1.049E-13
1.570E+02  2.570E-23  1.071E-13
1.556E+02  2.649E-23  1.093E-13
1.542E+02  2.731E-23  1.117E-13
1.528E+02  2.814E-23  1.140E-13
1.514E+02  2.901E-23  1.165E-13
1.500E+02  2.990E-23  1.190E-13
1.486E+02  3.082E-23  1.215E-13
1.472E+02  3.177E-23  1.241E-13
1.459E+02  3.273E-23  1.267E-13
1.445E+02  3.372E-23  1.293E-13
1.432E+02  3.471E-23  1.319E-13
1.419E+02  3.569E-23  1.344E-13
1.406E+02  3.667E-23  1.368E-13
1.393E+02  3.762E-23  1.390E-13
1.380E+02  3.853E-23  1.411E-13
1.368E+02  3.941E-23  1.430E-13
1.355E+02  4.027E-23  1.448E-13
1.343E+02  4.111E-23  1.464E-13
1.330E+02  4.195E-23  1.480E-13
1.318E+02  4.279E-23  1.496E-13
1.306E+02  4.365E-23  1.512E-13
1.294E+02  4.452E-23  1.528E-13
1.282E+02  4.542E-23  1.545E-13
1.271E+02  4.634E-23  1.562E-13
1.259E+02  4.728E-23  1.579E-13
1.247E+02  4.825E-23  1.597E-13
1.236E+02  4.925E-23  1.615E-13
1.225E+02  5.027E-23  1.633E-13
1.213E+02  5.132E-23  1.652E-13
1.202E+02  5.239E-23  1.671E-13
1.191E+02  5.348E-23  1.690E-13
1.180E+02  5.460E-23  1.709E-13
1.169E+02  5.573E-23  1.729E-13
1.159E+02  5.689E-23  1.749E-13
1.148E+02  5.807E-23  1.768E-13
1.138E+02  5.927E-23  1.789E-13
1.127E+02  6.049E-23  1.809E-13
1.117E+02  6.173E-23  1.829E-13
1.107E+02  6.300E-23  1.849E-13
1.096E+02  6.429E-23  1.870E-13
1.086E+02  6.560E-23  1.890E-13
1.076E+02  6.693E-23  1.911E-13
1.067E+02  6.827E-23  1.932E-13
1.057E+02  6.964E-23  1.952E-13
1.047E+02  7.103E-23  1.973E-13
1.038E+02  7.243E-23  1.993E-13
1.028E+02  7.384E-23  2.014E-13
1.019E+02  7.527E-23  2.034E-13
1.009E+02  7.671E-23  2.054E-13
1.000E+02  7.817E-23  2.074E-13
9.908E+01  7.963E-23  2.093E-13
9.817E+01  8.112E-23  2.113E-13
9.727E+01  8.262E-23  2.132E-13
9.638E+01  8.413E-23  2.151E-13
9.550E+01  8.565E-23  2.170E-13
9.462E+01  8.718E-23  2.188E-13
9.376E+01  8.872E-23  2.206E-13
9.290E+01  9.027E-23  2.225E-13
9.204E+01  9.184E-23  2.242E-13
9.120E+01  9.340E-23  2.260E-13
9.036E+01  9.498E-23  2.277E-13
8.954E+01  9.657E-23  2.294E-13
8.872E+01  9.817E-23  2.310E-13
8.790E+01  9.978E-23  2.326E-13
8.710E+01  1.014E-22  2.342E-13
8.630E+01  1.030E-22  2.358E-13
8.551E+01  1.046E-22  2.374E-13
8.472E+01  1.063E-22  2.388E-13
8.395E+01  1.079E-22  2.403E-13
8.318E+01  1.095E-22  2.417E-13
8.241E+01  1.112E-22  2.431E-13
8.166E+01  1.129E-22  2.444E-13
8.091E+01  1.145E-22  2.458E-13
8.017E+01  1.162E-22  2.470E-13
7.943E+01  1.178E-22  2.483E-13
7.870E+01  1.195E-22  2.495E-13
7.798E+01  1.211E-22  2.506E-13
7.727E+01  1.228E-22  2.517E-13
7.656E+01  1.245E-22  2.528E-13
7.586E+01  1.261E-22  2.538E-13
7.516E+01  1.278E-22  2.548E-13
7.447E+01  1.294E-22  2.557E-13
7.379E+01  1.310E-22  2.565E-13
7.311E+01  1.327E-22  2.573E-13
7.244E+01  1.343E-22  2.581E-13
7.178E+01  1.359E-22  2.588E-13
7.112E+01  1.375E-22  2.594E-13
7.047E+01  1.391E-22  2.601E-13
6.982E+01  1.408E-22  2.607E-13
6.918E+01  1.424E-22  2.613E-13
6.855E+01  1.440E-22  2.618E-13
6.792E+01  1.455E-22  2.622E-13
6.730E+01  1.471E-22  2.626E-13
6.668E+01  1.487E-22  2.630E-13
6.607E+01  1.502E-22  2.633E-13
6.546E+01  1.518E-22  2.636E-13
6.486E+01  1.533E-22  2.638E-13
6.427E+01  1.548E-22  2.640E-13
6.368E+01  1.563E-22  2.641E-13
6.310E+01  1.579E-22  2.642E-13
6.252E+01  1.594E-22  2.643E-13
6.194E+01  1.608E-22  2.643E-13
6.138E+01  1.623E-22  2.643E-13
6.081E+01  1.638E-22  2.642E-13
6.026E+01  1.653E-22  2.641E-13
5.970E+01  1.667E-22  2.640E-13
5.916E+01  1.681E-22  2.638E-13
5.861E+01  1.695E-22  2.636E-13
5.808E+01  1.709E-22  2.633E-13
5.754E+01  1.723E-22  2.630E-13
5.702E+01  1.737E-22  2.627E-13
5.649E+01  1.751E-22  2.624E-13
5.598E+01  1.764E-22  2.620E-13
5.546E+01  1.778E-22  2.616E-13
5.495E+01  1.791E-22  2.611E-13
5.445E+01  1.805E-22  2.607E-13
5.395E+01  1.818E-22  2.602E-13
5.346E+01  1.831E-22  2.597E-13
5.297E+01  1.844E-22  2.591E-13
5.248E+01  1.858E-22  2.586E-13
5.200E+01  1.870E-22  2.580E-13
5.152E+01  1.883E-22  2.574E-13
5.105E+01  1.896E-22  2.567E-13
5.058E+01  1.909E-22  2.561E-13
5.012E+01  1.921E-22  2.554E-13
4.966E+01  1.933E-22  2.547E-13
4.920E+01  1.946E-22  2.540E-13
4.875E+01  1.958E-22  2.532E-13
4.831E+01  1.970E-22  2.524E-13
4.786E+01  1.982E-22  2.517E-13
4.742E+01  1.994E-22  2.509E-13
4.699E+01  2.006E-22  2.501E-13
4.656E+01  2.018E-22  2.492E-13
4.613E+01  2.030E-22  2.484E-13
4.571E+01  2.042E-22  2.475E-13
4.529E+01  2.053E-22  2.466E-13
4.487E+01  2.064E-22  2.457E-13
4.446E+01  2.076E-22  2.448E-13
4.406E+01  2.087E-22  2.439E-13
4.365E+01  2.098E-22  2.429E-13
4.325E+01  2.108E-22  2.418E-13
4.285E+01  2.118E-22  2.408E-13
4.246E+01  2.128E-22  2.397E-13
4.207E+01  2.137E-22  2.385E-13
4.169E+01  2.146E-22  2.373E-13
4.130E+01  2.154E-22  2.360E-13
4.093E+01  2.162E-22  2.347E-13
4.055E+01  2.169E-22  2.333E-13
4.018E+01  2.175E-22  2.318E-13
3.981E+01  2.180E-22  2.302E-13
3.945E+01  2.184E-22  2.285E-13
3.908E+01  2.187E-22  2.267E-13
3.873E+01  2.189E-22  2.248E-13
3.837E+01  2.189E-22  2.228E-13
3.802E+01  2.188E-22  2.207E-13
3.767E+01  2.186E-22  2.184E-13
3.733E+01  2.181E-22  2.159E-13
3.698E+01  2.174E-22  2.133E-13
3.664E+01  2.166E-22  2.105E-13
3.631E+01  2.156E-22  2.076E-13
3.597E+01  2.143E-22  2.045E-13
3.565E+01  2.128E-22  2.012E-13
3.532E+01  2.111E-22  1.978E-13
3.499E+01  2.091E-22  1.941E-13
3.467E+01  2.069E-22  1.903E-13
3.436E+01  2.045E-22  1.863E-13
3.404E+01  2.018E-22  1.822E-13
3.373E+01  1.988E-22  1.779E-13
3.342E+01  1.956E-22  1.734E-13
3.311E+01  1.922E-22  1.688E-13
3.281E+01  1.886E-22  1.641E-13
3.251E+01  1.847E-22  1.593E-13
3.221E+01  1.807E-22  1.544E-13
3.192E+01  1.765E-22  1.494E-13
3.162E+01  1.721E-22  1.443E-13
3.133E+01  1.676E-22  1.393E-13
3.105E+01  1.629E-22  1.342E-13
3.076E+01  1.582E-22  1.291E-13
3.048E+01  1.535E-22  1.241E-13
3.020E+01  1.487E-22  1.191E-13
2.992E+01  1.439E-22  1.142E-13
2.965E+01  1.390E-22  1.093E-13
2.938E+01  1.342E-22  1.046E-13
2.911E+01  1.295E-22  9.999E-14
2.884E+01  1.249E-22  9.551E-14
2.858E+01  1.203E-22  9.117E-14
2.831E+01  1.158E-22  8.698E-14
2.805E+01  1.115E-22  8.294E-14
2.780E+01  1.072E-22  7.907E-14
2.754E+01  1.031E-22  7.536E-14
2.729E+01  9.919E-23  7.180E-14
2.704E+01  9.539E-23  6.842E-14
2.679E+01  9.174E-23  6.520E-14
2.655E+01  8.824E-23  6.213E-14
2.630E+01  8.489E-23  5.922E-14
2.606E+01  8.168E-23  5.647E-14
2.582E+01  7.863E-23  5.386E-14
2.559E+01  7.573E-23  5.140E-14
2.535E+01  7.297E-23  4.907E-14
2.512E+01  7.035E-23  4.687E-14
2.489E+01  6.786E-23  4.480E-14
2.466E+01  6.549E-23  4.284E-14
2.443E+01  6.326E-23  4.100E-14
2.421E+01  6.113E-23  3.926E-14
2.399E+01  5.912E-23  3.762E-14
2.377E+01  5.722E-23  3.607E-14
2.355E+01  5.544E-23  3.463E-14
2.333E+01  5.376E-23  3.327E-14
2.312E+01  5.215E-23  3.199E-14
2.291E+01  5.065E-23  3.078E-14
2.270E+01  4.925E-23  2.965E-14
2.249E+01  4.796E-23  2.861E-14
2.228E+01  4.676E-23  2.764E-14
2.208E+01  4.562E-23  2.672E-14
2.188E+01  4.453E-23  2.584E-14
2.168E+01  4.350E-23  2.501E-14
2.148E+01  4.253E-23  2.423E-14
2.128E+01  4.165E-23  2.351E-14
2.109E+01  4.083E-23  2.284E-14
2.089E+01  4.007E-23  2.221E-14
2.070E+01  3.935E-23  2.161E-14
2.051E+01  3.868E-23  2.104E-14
2.032E+01  3.807E-23  2.052E-14
2.014E+01  3.755E-23  2.006E-14
1.995E+01  3.707E-23  1.962E-14
1.977E+01  3.664E-23  1.921E-14
1.959E+01  3.623E-23  1.882E-14
1.941E+01  3.587E-23  1.847E-14
1.923E+01  3.555E-23  1.814E-14
1.905E+01  3.529E-23  1.784E-14
1.888E+01  3.510E-23  1.758E-14
1.871E+01  3.500E-23  1.737E-14
1.854E+01  3.503E-23  1.723E-14
1.837E+01  3.528E-23  1.719E-14
1.820E+01  3.593E-23  1.734E-14
1.803E+01  3.764E-23  1.800E-14
1.786E+01  4.073E-23  1.930E-14
1.770E+01  4.046E-23  1.900E-14
1.754E+01  4.350E-23  2.024E-14
1.738E+01  5.246E-23  2.418E-14
1.722E+01  4.864E-23  2.222E-14
1.706E+01  4.810E-23  2.177E-14
1.690E+01  4.663E-23  2.091E-14
1.675E+01  4.442E-23  1.973E-14
1.660E+01  4.550E-23  2.003E-14
1.644E+01  5.423E-23  2.365E-14
1.629E+01  4.035E-23  1.744E-14
1.614E+01  3.560E-23  1.524E-14
1.600E+01  3.659E-23  1.553E-14
1.585E+01  3.640E-23  1.530E-14
1.570E+01  3.121E-23  1.300E-14
1.556E+01  2.868E-23  1.184E-14
1.542E+01  2.739E-23  1.120E-14
1.528E+01  2.657E-23  1.077E-14
1.514E+01  2.597E-23  1.043E-14
1.500E+01  2.552E-23  1.015E-14
1.486E+01  2.519E-23  9.928E-15
1.472E+01  2.499E-23  9.761E-15
1.459E+01  2.501E-23  9.678E-15
1.445E+01  2.548E-23  9.769E-15
1.432E+01  2.693E-23  1.023E-14
1.419E+01  2.855E-23  1.075E-14
1.406E+01  2.685E-23  1.001E-14
1.393E+01  2.554E-23  9.439E-15
1.380E+01  2.584E-23  9.462E-15
1.368E+01  2.823E-23  1.024E-14
1.355E+01  2.919E-23  1.049E-14
1.343E+01  2.700E-23  9.618E-15
1.330E+01  2.701E-23  9.533E-15
1.318E+01  2.852E-23  9.973E-15
1.306E+01  3.155E-23  1.093E-14
1.294E+01  3.682E-23  1.264E-14
1.282E+01  4.529E-23  1.541E-14
1.271E+01  5.581E-23  1.881E-14
1.259E+01  6.030E-23  2.014E-14
1.247E+01  5.413E-23  1.791E-14
1.236E+01  4.658E-23  1.527E-14
1.225E+01  4.339E-23  1.410E-14
1.213E+01  4.419E-23  1.422E-14
1.202E+01  4.570E-23  1.458E-14
1.191E+01  4.406E-23  1.392E-14
1.180E+01  4.054E-23  1.269E-14
1.169E+01  3.939E-23  1.222E-14
1.159E+01  4.369E-23  1.343E-14
1.148E+01  5.823E-23  1.773E-14
1.138E+01  8.883E-23  2.681E-14
1.127E+01  1.234E-22  3.690E-14
1.117E+01  8.427E-23  2.497E-14
1.107E+01  4.469E-23  1.312E-14
1.096E+01  3.061E-23  8.903E-15
1.086E+01  2.396E-23  6.905E-15
1.076E+01  2.031E-23  5.800E-15
1.067E+01  1.809E-23  5.119E-15
1.057E+01  1.664E-23  4.666E-15
1.047E+01  1.565E-23  4.346E-15
1.038E+01  1.493E-23  4.110E-15
1.028E+01  1.441E-23  3.930E-15
1.019E+01  1.403E-23  3.791E-15
1.009E+01  1.376E-23  3.683E-15
1.000E+01  1.358E-23  3.602E-15
9.908E+00  1.349E-23  3.546E-15
9.817E+00  1.349E-23  3.512E-15
9.727E+00  1.356E-23  3.499E-15
9.638E+00  1.372E-23  3.508E-15
9.550E+00  1.397E-23  3.539E-15
9.462E+00  1.432E-23  3.594E-15
9.376E+00  1.480E-23  3.680E-15
9.290E+00  1.544E-23  3.805E-15
9.204E+00  1.632E-23  3.986E-15
9.120E+00  1.756E-23  4.249E-15
9.036E+00  1.936E-23  4.640E-15
8.954E+00  2.208E-23  5.243E-15
8.872E+00  2.639E-23  6.211E-15
8.790E+00  3.349E-23  7.808E-15
8.710E+00  4.431E-23  1.024E-14
8.630E+00  5.436E-23  1.244E-14
8.551E+00  5.296E-23  1.201E-14
8.472E+00  4.581E-23  1.030E-14
8.395E+00  4.213E-23  9.381E-15
8.318E+00  4.181E-23  9.226E-15
8.241E+00  4.357E-23  9.524E-15
8.166E+00  4.812E-23  1.042E-14
8.091E+00  5.686E-23  1.220E-14
8.017E+00  7.084E-23  1.507E-14
7.943E+00  8.930E-23  1.882E-14
7.870E+00  1.060E-22  2.214E-14
7.798E+00  1.138E-22  2.353E-14
7.727E+00  1.181E-22  2.421E-14
7.656E+00  1.261E-22  2.560E-14
7.586E+00  1.242E-22  2.500E-14
7.516E+00  1.024E-22  2.041E-14
7.447E+00  7.741E-23  1.529E-14
7.379E+00  5.942E-23  1.163E-14
7.311E+00  4.747E-23  9.207E-15
7.244E+00  3.922E-23  7.536E-15
7.178E+00  3.324E-23  6.329E-15
7.112E+00  2.883E-23  5.439E-15
7.047E+00  2.563E-23  4.791E-15
6.982E+00  2.345E-23  4.344E-15
6.918E+00  2.219E-23  4.072E-15
6.855E+00  2.173E-23  3.951E-15
6.792E+00  2.184E-23  3.935E-15
6.730E+00  2.203E-23  3.932E-15
6.668E+00  2.173E-23  3.844E-15
6.607E+00  2.096E-23  3.674E-15
6.546E+00  2.047E-23  3.555E-15
6.486E+00  2.124E-23  3.655E-15
6.427E+00  2.448E-23  4.174E-15
6.368E+00  3.264E-23  5.514E-15
6.310E+00  5.128E-23  8.582E-15
6.252E+00  8.336E-23  1.382E-14
6.194E+00  8.485E-23  1.394E-14
6.138E+00  5.091E-23  8.288E-15
6.081E+00  2.981E-23  4.809E-15
6.026E+00  1.999E-23  3.194E-15
5.970E+00  1.530E-23  2.423E-15
5.916E+00  1.318E-23  2.067E-15
5.861E+00  1.275E-23  1.982E-15
5.808E+00  1.392E-23  2.144E-15
5.754E+00  1.650E-23  2.518E-15
5.702E+00  1.799E-23  2.722E-15
5.649E+00  1.534E-23  2.298E-15
5.598E+00  1.142E-23  1.696E-15
5.546E+00  8.711E-24  1.282E-15
5.495E+00  7.132E-24  1.040E-15
5.445E+00  6.279E-24  9.068E-16
5.395E+00  5.965E-24  8.536E-16
5.346E+00  6.255E-24  8.869E-16
5.297E+00  7.365E-24  1.035E-15
5.248E+00  8.179E-24  1.139E-15
5.200E+00  6.616E-24  9.126E-16
5.152E+00  4.992E-24  6.822E-16
5.105E+00  4.100E-24  5.552E-16
5.058E+00  3.603E-24  4.834E-16
5.012E+00  3.291E-24  4.376E-16
4.966E+00  3.075E-24  4.051E-16
4.920E+00  2.914E-24  3.803E-16
4.875E+00  2.787E-24  3.604E-16
4.831E+00  2.683E-24  3.437E-16
4.786E+00  2.595E-24  3.295E-16
4.742E+00  2.520E-24  3.170E-16
4.699E+00  2.454E-24  3.059E-16
4.656E+00  2.396E-24  2.959E-16
4.613E+00  2.344E-24  2.869E-16
4.571E+00  2.298E-24  2.786E-16
4.529E+00  2.256E-24  2.710E-16
4.487E+00  2.218E-24  2.640E-16
4.446E+00  2.183E-24  2.575E-16
4.406E+00  2.152E-24  2.515E-16
4.365E+00  2.123E-24  2.458E-16
4.325E+00  2.096E-24  2.405E-16
4.285E+00  2.072E-24  2.356E-16
4.246E+00  2.050E-24  2.309E-16
4.207E+00  2.030E-24  2.266E-16
4.169E+00  2.012E-24  2.225E-16
4.130E+00  1.996E-24  2.186E-16
4.093E+00  1.981E-24  2.150E-16
4.055E+00  1.968E-24  2.117E-16
4.018E+00  1.957E-24  2.086E-16
3.981E+00  1.949E-24  2.058E-16
3.945E+00  1.942E-24  2.032E-16
3.908E+00  1.938E-24  2.009E-16
3.873E+00  1.937E-24  1.990E-16
3.837E+00  1.939E-24  1.974E-16
3.802E+00  1.946E-24  1.962E-16
3.767E+00  1.957E-24  1.956E-16
3.733E+00  1.975E-24  1.955E-16
3.698E+00  2.001E-24  1.963E-16
3.664E+00  2.038E-24  1.981E-16
3.631E+00  2.090E-24  2.013E-16
3.597E+00  2.163E-24  2.064E-16
3.565E+00  2.269E-24  2.145E-16
3.532E+00  2.424E-24  2.271E-16
3.499E+00  2.662E-24  2.471E-16
3.467E+00  3.046E-24  2.801E-16
3.436E+00  3.718E-24  3.388E-16
3.404E+00  5.046E-24  4.556E-16
3.373E+00  8.217E-24  7.352E-16
3.342E+00  1.872E-23  1.660E-15
3.311E+00  7.082E-23  6.220E-15
3.281E+00  4.836E-23  4.209E-15
3.251E+00  1.381E-23  1.191E-15
3.221E+00  6.595E-24  5.635E-16
3.192E+00  4.207E-24  3.562E-16
3.162E+00  3.152E-24  2.644E-16
3.133E+00  2.597E-24  2.158E-16
3.105E+00  2.269E-24  1.868E-16
3.076E+00  2.058E-24  1.679E-16
3.048E+00  1.913E-24  1.546E-16
3.020E+00  1.808E-24  1.449E-16
2.992E+00  1.730E-24  1.373E-16
2.965E+00  1.668E-24  1.312E-16
2.938E+00  1.619E-24  1.262E-16
2.911E+00  1.578E-24  1.219E-16
2.884E+00  1.544E-24  1.181E-16
2.858E+00  1.514E-24  1.148E-16
2.831E+00  1.488E-24  1.118E-16
2.805E+00  1.465E-24  1.090E-16
2.780E+00  1.443E-24  1.064E-16
2.754E+00  1.424E-24  1.040E-16
2.729E+00  1.406E-24  1.017E-16
2.704E+00  1.389E-24  9.959E-17
2.679E+00  1.372E-24  9.753E-17
2.655E+00  1.357E-24  9.555E-17
2.630E+00  1.342E-24  9.364E-17
2.606E+00  1.328E-24  9.179E-17
2.582E+00  1.314E-24  8.999E-17
2.559E+00  1.300E-24  8.824E-17
2.535E+00  1.287E-24  8.653E-17
2.512E+00  1.274E-24  8.487E-17
2.489E+00  1.261E-24  8.323E-17
2.466E+00  1.248E-24  8.162E-17
2.443E+00  1.235E-24  8.004E-17
2.421E+00  1.222E-24  7.848E-17
2.399E+00  1.209E-24  7.696E-17
2.377E+00  1.197E-24  7.547E-17
2.355E+00  1.185E-24  7.401E-17
2.333E+00  1.172E-24  7.256E-17
2.312E+00  1.160E-24  7.114E-17
2.291E+00  1.148E-24  6.974E-17
2.270E+00  1.135E-24  6.836E-17
2.249E+00  1.123E-24  6.699E-17
2.228E+00  1.110E-24  6.564E-17
2.208E+00  1.098E-24  6.429E-17
2.188E+00  1.085E-24  6.294E-17
2.168E+00  1.071E-24  6.160E-17
2.148E+00  1.057E-24  6.024E-17
2.128E+00  1.043E-24  5.888E-17
2.109E+00  1.028E-24  5.749E-17
2.089E+00  1.012E-24  5.607E-17
2.070E+00  9.945E-25  5.461E-17
2.051E+00  9.756E-25  5.308E-17
2.032E+00  9.548E-25  5.148E-17
2.014E+00  9.316E-25  4.976E-17
1.995E+00  9.056E-25  4.793E-17
1.977E+00  8.767E-25  4.598E-17
1.959E+00  8.459E-25  4.395E-17
1.941E+00  8.161E-25  4.202E-17
1.923E+00  7.926E-25  4.043E-17
1.905E+00  7.812E-25  3.948E-17
1.888E+00  7.836E-25  3.924E-17
1.871E+00  7.960E-25  3.950E-17
1.854E+00  8.115E-25  3.990E-17
1.837E+00  8.252E-25  4.020E-17
1.820E+00  8.351E-25  4.031E-17
1.803E+00  8.411E-25  4.022E-17
1.786E+00  8.436E-25  3.998E-17
1.770E+00  8.435E-25  3.961E-17
1.754E+00  8.415E-25  3.915E-17
1.738E+00  8.381E-25  3.863E-17
1.722E+00  8.337E-25  3.808E-17
1.706E+00  8.286E-25  3.750E-17
1.690E+00  8.231E-25  3.691E-17
1.675E+00  8.172E-25  3.631E-17
1.660E+00  8.112E-25  3.571E-17
1.644E+00  8.052E-25  3.512E-17
1.629E+00  7.991E-25  3.454E-17
1.614E+00  7.932E-25  3.397E-17
1.600E+00  7.875E-25  3.341E-17
1.585E+00  7.822E-25  3.288E-17
1.570E+00  7.772E-25  3.238E-17
1.556E+00  7.728E-25  3.190E-17
1.542E+00  7.689E-25  3.145E-17
1.528E+00  7.658E-25  3.103E-17
1.514E+00  7.636E-25  3.066E-17
1.500E+00  7.623E-25  3.032E-17
1.486E+00  7.622E-25  3.004E-17
1.472E+00  7.634E-25  2.981E-17
1.459E+00  7.662E-25  2.965E-17
1.445E+00  7.710E-25  2.956E-17
1.432E+00  7.781E-25  2.956E-17
1.419E+00  7.879E-25  2.966E-17
1.406E+00  8.010E-25  2.987E-17
1.393E+00  8.179E-25  3.023E-17
1.380E+00  8.397E-25  3.074E-17
1.368E+00  8.669E-25  3.145E-17
1.355E+00  9.008E-25  3.238E-17
1.343E+00  9.420E-25  3.355E-17
1.330E+00  9.910E-25  3.497E-17
1.318E+00  1.047E-24  3.661E-17
1.306E+00  1.106E-24  3.833E-17
1.294E+00  1.162E-24  3.990E-17
1.282E+00  1.203E-24  4.093E-17
1.271E+00  1.215E-24  4.096E-17
1.259E+00  1.188E-24  3.968E-17
1.247E+00  1.123E-24  3.717E-17
1.236E+00  1.033E-24  3.386E-17
1.225E+00  9.336E-25  3.033E-17
1.213E+00  8.397E-25  2.703E-17
1.202E+00  7.587E-25  2.419E-17
1.191E+00  6.928E-25  2.189E-17
1.180E+00  6.418E-25  2.009E-17
1.169E+00  6.041E-25  1.874E-17
1.159E+00  5.783E-25  1.778E-17
1.148E+00  5.636E-25  1.716E-17
1.138E+00  5.598E-25  1.689E-17
1.127E+00  5.681E-25  1.699E-17
1.117E+00  5.909E-25  1.751E-17
1.107E+00  6.327E-25  1.857E-17
1.096E+00  7.011E-25  2.039E-17
1.086E+00  8.067E-25  2.325E-17
1.076E+00  9.604E-25  2.742E-17
1.067E+00  1.153E-24  3.263E-17
1.057E+00  1.307E-24  3.665E-17
1.047E+00  1.281E-24  3.559E-17
1.038E+00  1.063E-24  2.925E-17
1.028E+00  8.053E-25  2.196E-17
1.019E+00  6.056E-25  1.636E-17
1.009E+00  4.703E-25  1.259E-17
1.000E+00  3.806E-25  1.010E-17
