Dust emission from Draine & Li (2007): ApJ 657, 810-837
==========================================================
         2 = grain model
 4.000E-08 4.000E-01 7.500E-06 = a_01 (cm) , sigma_1 , b_C1/0.92
 2.000E-07 5.500E-01 2.500E-06 = a_02 (cm) , sigma_2 , b_C2/0.92
 1.000E+01 1.000E+01 1.000E+00 = Umin , Umax, beta (dN/dU propto U^{-beta})
 1.000E+01 = <U> 
     mmp83 = radfield
 4.426E-23 = power/H (erg s-1)
 band   nu*P_nu(band) j_nu(band)
 (um)   (erg s-1 H-1)(Jy cm2 sr-1 H-1)
1.270E+00  4.118E-26  1.387E-18 COBE-DIRBE
2.220E+00  5.122E-26  3.016E-18 COBE-DIRBE
3.530E+00  3.355E-25  3.141E-17 COBE-DIRBE
4.880E+00  1.492E-25  1.931E-17 COBE-DIRBE
1.229E+01  1.764E-24  5.752E-16 COBE-DIRBE
2.079E+01  1.986E-24  1.095E-15 COBE-DIRBE
5.599E+01  2.450E-23  3.638E-14 COBE-DIRBE
9.770E+01  2.921E-23  7.571E-14 COBE-DIRBE
1.479E+02  1.674E-23  6.568E-14 COBE-DIRBE
2.479E+02  4.055E-24  2.666E-14 COBE-DIRBE
1.200E+01  1.804E-24  5.744E-16 IRAS
2.500E+01  2.179E-24  1.445E-15 IRAS
6.000E+01  2.589E-23  4.121E-14 IRAS
1.000E+02  2.872E-23  7.619E-14 IRAS
3.550E+00  3.903E-25  3.676E-17 SST-IRAC
4.493E+00  1.079E-25  1.286E-17 SST-IRAC
5.731E+00  8.880E-25  1.350E-16 SST-IRAC
7.872E+00  2.313E-24  4.830E-16 SST-IRAC
2.368E+01  1.957E-24  1.229E-15 SST-MIPS
7.142E+01  2.853E-23  5.405E-14 SST-MIPS
1.559E+02  1.394E-23  5.764E-14 SST-MIPS
1.600E+01  1.781E-24  7.558E-16 SST-IRSPU
2.200E+01  1.993E-24  1.163E-15 SST-IRSPU
7.500E+01  2.462E-23  4.899E-14 Herschel-PACS
1.100E+02  2.083E-23  6.079E-14 Herschel-PACS
1.700E+02  1.057E-23  4.766E-14 Herschel-PACS
2.500E+02  3.373E-24  2.237E-14 Herschel-SPIRE
3.600E+02  8.378E-25  8.000E-15 Herschel-SPIRE
5.200E+02  1.892E-25  2.610E-15 Herschel-SPIRE
2.400E+00  5.727E-26  3.646E-18 Akari IRC NIR N2
3.200E+00  2.578E-25  2.189E-17 Akari IRC NIR N3
4.100E+00  1.173E-25  1.276E-17 Akari IRC NIR N4
7.000E+00  2.590E-24  4.810E-16 Akari IRC MIR-S S7
9.000E+00  1.908E-24  4.556E-16 Akari IRC MIR-S S9W
1.100E+01  1.630E-24  4.755E-16 Akari IRC MIR-S S11
1.500E+01  1.865E-24  7.421E-16 Akari IRC MIR-L L15
1.800E+01  1.883E-24  8.992E-16 Akari IRC MIR-L L18W
2.400E+01  1.954E-24  1.244E-15 Akari IRC MIR-L L24
6.500E+01  2.979E-23  5.137E-14 Akari FIS N60
8.000E+01  3.027E-23  6.423E-14 Akari FIS WIDE-S
1.400E+02  1.671E-23  6.205E-14 Akari FIS WIDE-L
1.600E+02  1.310E-23  5.561E-14 Akari FIS N160
 
 
 
 


lambda    nu*dP/dnu     j_nu
 (um)   (erg s-1 H-1)(Jy cm2 sr-1 H-1)
1.000E+04  7.903E-31  2.096E-19
9.908E+03  8.194E-31  2.154E-19
9.817E+03  8.495E-31  2.212E-19
9.727E+03  8.807E-31  2.272E-19
9.638E+03  9.130E-31  2.334E-19
9.550E+03  9.465E-31  2.398E-19
9.462E+03  9.813E-31  2.463E-19
9.376E+03  1.017E-30  2.530E-19
9.290E+03  1.055E-30  2.599E-19
9.204E+03  1.093E-30  2.670E-19
9.120E+03  1.134E-30  2.742E-19
9.036E+03  1.175E-30  2.817E-19
8.954E+03  1.218E-30  2.894E-19
8.872E+03  1.263E-30  2.972E-19
8.790E+03  1.309E-30  3.052E-19
8.710E+03  1.357E-30  3.135E-19
8.630E+03  1.407E-30  3.220E-19
8.551E+03  1.458E-30  3.307E-19
8.472E+03  1.512E-30  3.397E-19
8.395E+03  1.567E-30  3.489E-19
8.318E+03  1.625E-30  3.584E-19
8.241E+03  1.684E-30  3.682E-19
8.166E+03  1.746E-30  3.782E-19
8.091E+03  1.810E-30  3.885E-19
8.017E+03  1.877E-30  3.991E-19
7.943E+03  1.946E-30  4.100E-19
7.870E+03  2.018E-30  4.212E-19
7.798E+03  2.092E-30  4.328E-19
7.727E+03  2.169E-30  4.446E-19
7.656E+03  2.249E-30  4.568E-19
7.586E+03  2.332E-30  4.693E-19
7.516E+03  2.419E-30  4.822E-19
7.447E+03  2.508E-30  4.955E-19
7.379E+03  2.601E-30  5.091E-19
7.311E+03  2.697E-30  5.231E-19
7.244E+03  2.797E-30  5.375E-19
7.178E+03  2.901E-30  5.523E-19
7.112E+03  3.008E-30  5.675E-19
7.047E+03  3.120E-30  5.832E-19
6.982E+03  3.236E-30  5.993E-19
6.918E+03  3.356E-30  6.158E-19
6.855E+03  3.480E-30  6.328E-19
6.792E+03  3.610E-30  6.503E-19
6.730E+03  3.744E-30  6.683E-19
6.668E+03  3.883E-30  6.868E-19
6.607E+03  4.027E-30  7.058E-19
6.546E+03  4.177E-30  7.254E-19
6.486E+03  4.333E-30  7.455E-19
6.427E+03  4.494E-30  7.662E-19
6.368E+03  4.662E-30  7.875E-19
6.310E+03  4.836E-30  8.094E-19
6.252E+03  5.017E-30  8.319E-19
6.194E+03  5.204E-30  8.551E-19
6.138E+03  5.399E-30  8.790E-19
6.081E+03  5.601E-30  9.035E-19
6.026E+03  5.811E-30  9.287E-19
5.970E+03  6.028E-30  9.547E-19
5.916E+03  6.254E-30  9.814E-19
5.861E+03  6.489E-30  1.009E-18
5.808E+03  6.733E-30  1.037E-18
5.754E+03  6.985E-30  1.066E-18
5.702E+03  7.248E-30  1.096E-18
5.649E+03  7.521E-30  1.127E-18
5.598E+03  7.804E-30  1.159E-18
5.546E+03  8.097E-30  1.191E-18
5.495E+03  8.403E-30  1.225E-18
5.445E+03  8.719E-30  1.259E-18
5.395E+03  9.048E-30  1.295E-18
5.346E+03  9.390E-30  1.331E-18
5.297E+03  9.744E-30  1.369E-18
5.248E+03  1.011E-29  1.408E-18
5.200E+03  1.049E-29  1.448E-18
5.152E+03  1.089E-29  1.489E-18
5.105E+03  1.130E-29  1.531E-18
5.058E+03  1.173E-29  1.574E-18
5.012E+03  1.218E-29  1.619E-18
4.966E+03  1.264E-29  1.665E-18
4.920E+03  1.312E-29  1.712E-18
4.875E+03  1.361E-29  1.761E-18
4.831E+03  1.413E-29  1.811E-18
4.786E+03  1.467E-29  1.862E-18
4.742E+03  1.523E-29  1.915E-18
4.699E+03  1.581E-29  1.970E-18
4.656E+03  1.641E-29  2.026E-18
4.613E+03  1.703E-29  2.084E-18
4.571E+03  1.768E-29  2.144E-18
4.529E+03  1.836E-29  2.205E-18
4.487E+03  1.906E-29  2.268E-18
4.446E+03  1.978E-29  2.333E-18
4.406E+03  2.054E-29  2.400E-18
4.365E+03  2.133E-29  2.469E-18
4.325E+03  2.214E-29  2.540E-18
4.285E+03  2.299E-29  2.613E-18
4.246E+03  2.387E-29  2.689E-18
4.207E+03  2.478E-29  2.766E-18
4.169E+03  2.574E-29  2.846E-18
4.130E+03  2.672E-29  2.928E-18
4.093E+03  2.775E-29  3.013E-18
4.055E+03  2.882E-29  3.100E-18
4.018E+03  2.992E-29  3.189E-18
3.981E+03  3.107E-29  3.282E-18
3.945E+03  3.227E-29  3.376E-18
3.908E+03  3.351E-29  3.474E-18
3.873E+03  3.480E-29  3.575E-18
3.837E+03  3.614E-29  3.678E-18
3.802E+03  3.753E-29  3.785E-18
3.767E+03  3.898E-29  3.895E-18
3.733E+03  4.049E-29  4.009E-18
3.698E+03  4.205E-29  4.125E-18
3.664E+03  4.368E-29  4.246E-18
3.631E+03  4.537E-29  4.369E-18
3.597E+03  4.713E-29  4.497E-18
3.565E+03  4.895E-29  4.628E-18
3.532E+03  5.085E-29  4.764E-18
3.499E+03  5.282E-29  4.903E-18
3.467E+03  5.488E-29  5.047E-18
3.436E+03  5.701E-29  5.195E-18
3.404E+03  5.923E-29  5.348E-18
3.373E+03  6.153E-29  5.505E-18
3.342E+03  6.393E-29  5.667E-18
3.311E+03  6.642E-29  5.834E-18
3.281E+03  6.901E-29  6.006E-18
3.251E+03  7.170E-29  6.183E-18
3.221E+03  7.450E-29  6.366E-18
3.192E+03  7.741E-29  6.554E-18
3.162E+03  8.044E-29  6.748E-18
3.133E+03  8.359E-29  6.947E-18
3.105E+03  8.686E-29  7.153E-18
3.076E+03  9.027E-29  7.365E-18
3.048E+03  9.380E-29  7.584E-18
3.020E+03  9.748E-29  7.809E-18
2.992E+03  1.013E-28  8.041E-18
2.965E+03  1.053E-28  8.279E-18
2.938E+03  1.094E-28  8.525E-18
2.911E+03  1.137E-28  8.778E-18
2.884E+03  1.182E-28  9.039E-18
2.858E+03  1.228E-28  9.308E-18
2.831E+03  1.276E-28  9.585E-18
2.805E+03  1.326E-28  9.870E-18
2.780E+03  1.379E-28  1.016E-17
2.754E+03  1.433E-28  1.047E-17
2.729E+03  1.489E-28  1.078E-17
2.704E+03  1.548E-28  1.110E-17
2.679E+03  1.609E-28  1.144E-17
2.655E+03  1.673E-28  1.178E-17
2.630E+03  1.739E-28  1.213E-17
2.606E+03  1.808E-28  1.250E-17
2.582E+03  1.879E-28  1.287E-17
2.559E+03  1.954E-28  1.326E-17
2.535E+03  2.031E-28  1.366E-17
2.512E+03  2.111E-28  1.407E-17
2.489E+03  2.195E-28  1.449E-17
2.466E+03  2.282E-28  1.493E-17
2.443E+03  2.373E-28  1.538E-17
2.421E+03  2.467E-28  1.585E-17
2.399E+03  2.565E-28  1.632E-17
2.377E+03  2.668E-28  1.682E-17
2.355E+03  2.774E-28  1.733E-17
2.333E+03  2.884E-28  1.785E-17
2.312E+03  2.999E-28  1.839E-17
2.291E+03  3.119E-28  1.895E-17
2.270E+03  3.243E-28  1.953E-17
2.249E+03  3.373E-28  2.012E-17
2.228E+03  3.508E-28  2.073E-17
2.208E+03  3.648E-28  2.136E-17
2.188E+03  3.794E-28  2.201E-17
2.168E+03  3.945E-28  2.269E-17
2.148E+03  4.103E-28  2.338E-17
2.128E+03  4.268E-28  2.409E-17
2.109E+03  4.438E-28  2.483E-17
2.089E+03  4.616E-28  2.558E-17
2.070E+03  4.801E-28  2.637E-17
2.051E+03  4.994E-28  2.717E-17
2.032E+03  5.194E-28  2.800E-17
2.014E+03  5.403E-28  2.886E-17
1.995E+03  5.620E-28  2.974E-17
1.977E+03  5.846E-28  3.066E-17
1.959E+03  6.081E-28  3.159E-17
1.941E+03  6.325E-28  3.256E-17
1.923E+03  6.579E-28  3.356E-17
1.905E+03  6.844E-28  3.459E-17
1.888E+03  7.119E-28  3.565E-17
1.871E+03  7.406E-28  3.675E-17
1.854E+03  7.704E-28  3.788E-17
1.837E+03  8.015E-28  3.904E-17
1.820E+03  8.338E-28  4.025E-17
1.803E+03  8.674E-28  4.149E-17
1.786E+03  9.024E-28  4.276E-17
1.770E+03  9.388E-28  4.408E-17
1.754E+03  9.767E-28  4.544E-17
1.738E+03  1.016E-27  4.684E-17
1.722E+03  1.057E-27  4.829E-17
1.706E+03  1.100E-27  4.978E-17
1.690E+03  1.144E-27  5.131E-17
1.675E+03  1.191E-27  5.290E-17
1.660E+03  1.239E-27  5.453E-17
1.644E+03  1.289E-27  5.622E-17
1.629E+03  1.341E-27  5.796E-17
1.614E+03  1.395E-27  5.975E-17
1.600E+03  1.452E-27  6.160E-17
1.585E+03  1.511E-27  6.350E-17
1.570E+03  1.572E-27  6.547E-17
1.556E+03  1.635E-27  6.749E-17
1.542E+03  1.702E-27  6.958E-17
1.528E+03  1.770E-27  7.174E-17
1.514E+03  1.842E-27  7.396E-17
1.500E+03  1.917E-27  7.625E-17
1.486E+03  1.995E-27  7.862E-17
1.472E+03  2.075E-27  8.106E-17
1.459E+03  2.160E-27  8.357E-17
1.445E+03  2.247E-27  8.616E-17
1.432E+03  2.338E-27  8.884E-17
1.419E+03  2.433E-27  9.160E-17
1.406E+03  2.532E-27  9.444E-17
1.393E+03  2.635E-27  9.737E-17
1.380E+03  2.742E-27  1.004E-16
1.368E+03  2.853E-27  1.035E-16
1.355E+03  2.969E-27  1.067E-16
1.343E+03  3.090E-27  1.100E-16
1.330E+03  3.215E-27  1.135E-16
1.318E+03  3.346E-27  1.170E-16
1.306E+03  3.482E-27  1.206E-16
1.294E+03  3.623E-27  1.244E-16
1.282E+03  3.770E-27  1.282E-16
1.271E+03  3.923E-27  1.322E-16
1.259E+03  4.083E-27  1.363E-16
1.247E+03  4.248E-27  1.406E-16
1.236E+03  4.421E-27  1.449E-16
1.225E+03  4.600E-27  1.494E-16
1.213E+03  4.787E-27  1.541E-16
1.202E+03  4.981E-27  1.589E-16
1.191E+03  5.183E-27  1.638E-16
1.180E+03  5.394E-27  1.689E-16
1.169E+03  5.612E-27  1.741E-16
1.159E+03  5.840E-27  1.795E-16
1.148E+03  6.077E-27  1.851E-16
1.138E+03  6.323E-27  1.908E-16
1.127E+03  6.580E-27  1.967E-16
1.117E+03  6.846E-27  2.028E-16
1.107E+03  7.124E-27  2.091E-16
1.096E+03  7.412E-27  2.156E-16
1.086E+03  7.712E-27  2.223E-16
1.076E+03  8.025E-27  2.291E-16
1.067E+03  8.349E-27  2.362E-16
1.057E+03  8.687E-27  2.435E-16
1.047E+03  9.038E-27  2.511E-16
1.038E+03  9.404E-27  2.588E-16
1.028E+03  9.784E-27  2.668E-16
1.019E+03  1.018E-26  2.750E-16
1.009E+03  1.059E-26  2.835E-16
1.000E+03  1.102E-26  2.922E-16
9.908E+02  1.146E-26  3.013E-16
9.817E+02  1.193E-26  3.106E-16
9.727E+02  1.241E-26  3.202E-16
9.638E+02  1.291E-26  3.300E-16
9.550E+02  1.343E-26  3.402E-16
9.462E+02  1.397E-26  3.507E-16
9.376E+02  1.453E-26  3.615E-16
9.290E+02  1.512E-26  3.726E-16
9.204E+02  1.573E-26  3.840E-16
9.120E+02  1.636E-26  3.958E-16
9.036E+02  1.702E-26  4.080E-16
8.954E+02  1.770E-26  4.205E-16
8.872E+02  1.842E-26  4.334E-16
8.790E+02  1.915E-26  4.466E-16
8.710E+02  1.992E-26  4.603E-16
8.630E+02  2.072E-26  4.743E-16
8.551E+02  2.155E-26  4.888E-16
8.472E+02  2.241E-26  5.037E-16
8.395E+02  2.331E-26  5.191E-16
8.318E+02  2.424E-26  5.349E-16
8.241E+02  2.521E-26  5.511E-16
8.166E+02  2.622E-26  5.678E-16
8.091E+02  2.726E-26  5.851E-16
8.017E+02  2.835E-26  6.028E-16
7.943E+02  2.947E-26  6.210E-16
7.870E+02  3.065E-26  6.398E-16
7.798E+02  3.187E-26  6.592E-16
7.727E+02  3.313E-26  6.791E-16
7.656E+02  3.445E-26  6.995E-16
7.586E+02  3.581E-26  7.206E-16
7.516E+02  3.723E-26  7.423E-16
7.447E+02  3.871E-26  7.647E-16
7.379E+02  4.025E-26  7.877E-16
7.311E+02  4.184E-26  8.115E-16
7.244E+02  4.350E-26  8.359E-16
7.178E+02  4.523E-26  8.611E-16
7.112E+02  4.702E-26  8.871E-16
7.047E+02  4.888E-26  9.138E-16
6.982E+02  5.082E-26  9.413E-16
6.918E+02  5.283E-26  9.696E-16
6.855E+02  5.493E-26  9.987E-16
6.792E+02  5.710E-26  1.029E-15
6.730E+02  5.935E-26  1.060E-15
6.668E+02  6.169E-26  1.091E-15
6.607E+02  6.413E-26  1.124E-15
6.546E+02  6.666E-26  1.158E-15
6.486E+02  6.930E-26  1.192E-15
6.427E+02  7.205E-26  1.228E-15
6.368E+02  7.490E-26  1.265E-15
6.310E+02  7.786E-26  1.303E-15
6.252E+02  8.094E-26  1.342E-15
6.194E+02  8.414E-26  1.383E-15
6.138E+02  8.747E-26  1.424E-15
6.081E+02  9.093E-26  1.467E-15
6.026E+02  9.452E-26  1.511E-15
5.970E+02  9.826E-26  1.556E-15
5.916E+02  1.021E-25  1.603E-15
5.861E+02  1.062E-25  1.651E-15
5.808E+02  1.104E-25  1.700E-15
5.754E+02  1.147E-25  1.751E-15
5.702E+02  1.192E-25  1.803E-15
5.649E+02  1.240E-25  1.857E-15
5.598E+02  1.288E-25  1.913E-15
5.546E+02  1.339E-25  1.970E-15
5.495E+02  1.392E-25  2.029E-15
5.445E+02  1.447E-25  2.090E-15
5.395E+02  1.504E-25  2.152E-15
5.346E+02  1.563E-25  2.216E-15
5.297E+02  1.625E-25  2.283E-15
5.248E+02  1.689E-25  2.351E-15
5.200E+02  1.755E-25  2.421E-15
5.152E+02  1.824E-25  2.493E-15
5.105E+02  1.896E-25  2.567E-15
5.058E+02  1.970E-25  2.644E-15
5.012E+02  2.048E-25  2.722E-15
4.966E+02  2.128E-25  2.803E-15
4.920E+02  2.211E-25  2.886E-15
4.875E+02  2.298E-25  2.972E-15
4.831E+02  2.388E-25  3.060E-15
4.786E+02  2.482E-25  3.151E-15
4.742E+02  2.579E-25  3.244E-15
4.699E+02  2.680E-25  3.340E-15
4.656E+02  2.784E-25  3.439E-15
4.613E+02  2.893E-25  3.540E-15
4.571E+02  3.006E-25  3.645E-15
4.529E+02  3.123E-25  3.752E-15
4.487E+02  3.245E-25  3.863E-15
4.446E+02  3.371E-25  3.976E-15
4.406E+02  3.502E-25  4.093E-15
4.365E+02  3.639E-25  4.213E-15
4.325E+02  3.780E-25  4.337E-15
4.285E+02  3.927E-25  4.464E-15
4.246E+02  4.079E-25  4.594E-15
4.207E+02  4.237E-25  4.728E-15
4.169E+02  4.401E-25  4.866E-15
4.130E+02  4.571E-25  5.008E-15
4.093E+02  4.748E-25  5.154E-15
4.055E+02  4.931E-25  5.304E-15
4.018E+02  5.121E-25  5.458E-15
3.981E+02  5.319E-25  5.616E-15
3.945E+02  5.523E-25  5.779E-15
3.908E+02  5.736E-25  5.947E-15
3.873E+02  5.957E-25  6.119E-15
3.837E+02  6.185E-25  6.295E-15
3.802E+02  6.422E-25  6.477E-15
3.767E+02  6.669E-25  6.663E-15
3.733E+02  6.924E-25  6.855E-15
3.698E+02  7.188E-25  7.052E-15
3.664E+02  7.463E-25  7.254E-15
3.631E+02  7.747E-25  7.461E-15
3.597E+02  8.042E-25  7.674E-15
3.565E+02  8.348E-25  7.893E-15
3.532E+02  8.665E-25  8.117E-15
3.499E+02  8.993E-25  8.348E-15
3.467E+02  9.334E-25  8.584E-15
3.436E+02  9.686E-25  8.827E-15
3.404E+02  1.005E-24  9.076E-15
3.373E+02  1.043E-24  9.332E-15
3.342E+02  1.082E-24  9.594E-15
3.311E+02  1.123E-24  9.863E-15
3.281E+02  1.165E-24  1.014E-14
3.251E+02  1.209E-24  1.042E-14
3.221E+02  1.254E-24  1.071E-14
3.192E+02  1.300E-24  1.101E-14
3.162E+02  1.349E-24  1.131E-14
3.133E+02  1.399E-24  1.163E-14
3.105E+02  1.451E-24  1.195E-14
3.076E+02  1.504E-24  1.228E-14
3.048E+02  1.560E-24  1.261E-14
3.020E+02  1.617E-24  1.296E-14
2.992E+02  1.677E-24  1.331E-14
2.965E+02  1.738E-24  1.367E-14
2.938E+02  1.802E-24  1.404E-14
2.911E+02  1.868E-24  1.442E-14
2.884E+02  1.936E-24  1.481E-14
2.858E+02  2.006E-24  1.521E-14
2.831E+02  2.079E-24  1.561E-14
2.805E+02  2.154E-24  1.603E-14
2.780E+02  2.232E-24  1.645E-14
2.754E+02  2.312E-24  1.689E-14
2.729E+02  2.395E-24  1.734E-14
2.704E+02  2.481E-24  1.779E-14
2.679E+02  2.570E-24  1.826E-14
2.655E+02  2.662E-24  1.874E-14
2.630E+02  2.756E-24  1.923E-14
2.606E+02  2.854E-24  1.973E-14
2.582E+02  2.956E-24  2.024E-14
2.559E+02  3.060E-24  2.076E-14
2.535E+02  3.166E-24  2.129E-14
2.512E+02  3.276E-24  2.183E-14
2.489E+02  3.388E-24  2.237E-14
2.466E+02  3.501E-24  2.290E-14
2.443E+02  3.617E-24  2.344E-14
2.421E+02  3.736E-24  2.399E-14
2.399E+02  3.857E-24  2.454E-14
2.377E+02  3.980E-24  2.509E-14
2.355E+02  4.107E-24  2.565E-14
2.333E+02  4.236E-24  2.622E-14
2.312E+02  4.369E-24  2.680E-14
2.291E+02  4.506E-24  2.738E-14
2.270E+02  4.646E-24  2.798E-14
2.249E+02  4.790E-24  2.858E-14
2.228E+02  4.938E-24  2.919E-14
2.208E+02  5.090E-24  2.981E-14
2.188E+02  5.245E-24  3.044E-14
2.168E+02  5.405E-24  3.108E-14
2.148E+02  5.568E-24  3.172E-14
2.128E+02  5.735E-24  3.238E-14
2.109E+02  5.906E-24  3.304E-14
2.089E+02  6.082E-24  3.371E-14
2.070E+02  6.262E-24  3.438E-14
2.051E+02  6.445E-24  3.507E-14
2.032E+02  6.634E-24  3.576E-14
2.014E+02  6.826E-24  3.646E-14
1.995E+02  7.023E-24  3.717E-14
1.977E+02  7.224E-24  3.789E-14
1.959E+02  7.430E-24  3.861E-14
1.941E+02  7.641E-24  3.934E-14
1.923E+02  7.856E-24  4.007E-14
1.905E+02  8.076E-24  4.082E-14
1.888E+02  8.300E-24  4.157E-14
1.871E+02  8.530E-24  4.233E-14
1.854E+02  8.764E-24  4.309E-14
1.837E+02  9.004E-24  4.386E-14
1.820E+02  9.248E-24  4.464E-14
1.803E+02  9.497E-24  4.542E-14
1.786E+02  9.752E-24  4.621E-14
1.770E+02  1.001E-23  4.701E-14
1.754E+02  1.028E-23  4.782E-14
1.738E+02  1.055E-23  4.863E-14
1.722E+02  1.083E-23  4.944E-14
1.706E+02  1.111E-23  5.027E-14
1.690E+02  1.140E-23  5.110E-14
1.675E+02  1.169E-23  5.194E-14
1.660E+02  1.199E-23  5.278E-14
1.644E+02  1.230E-23  5.364E-14
1.629E+02  1.261E-23  5.450E-14
1.614E+02  1.293E-23  5.537E-14
1.600E+02  1.326E-23  5.625E-14
1.585E+02  1.359E-23  5.714E-14
1.570E+02  1.393E-23  5.804E-14
1.556E+02  1.428E-23  5.895E-14
1.542E+02  1.464E-23  5.988E-14
1.528E+02  1.501E-23  6.081E-14
1.514E+02  1.538E-23  6.176E-14
1.500E+02  1.576E-23  6.271E-14
1.486E+02  1.616E-23  6.368E-14
1.472E+02  1.655E-23  6.464E-14
1.459E+02  1.695E-23  6.560E-14
1.445E+02  1.736E-23  6.655E-14
1.432E+02  1.776E-23  6.745E-14
1.419E+02  1.815E-23  6.831E-14
1.406E+02  1.852E-23  6.909E-14
1.393E+02  1.888E-23  6.977E-14
1.380E+02  1.921E-23  7.035E-14
1.368E+02  1.952E-23  7.083E-14
1.355E+02  1.981E-23  7.122E-14
1.343E+02  2.009E-23  7.156E-14
1.330E+02  2.036E-23  7.185E-14
1.318E+02  2.062E-23  7.211E-14
1.306E+02  2.089E-23  7.236E-14
1.294E+02  2.115E-23  7.262E-14
1.282E+02  2.142E-23  7.287E-14
1.271E+02  2.169E-23  7.312E-14
1.259E+02  2.197E-23  7.337E-14
1.247E+02  2.225E-23  7.363E-14
1.236E+02  2.254E-23  7.390E-14
1.225E+02  2.283E-23  7.416E-14
1.213E+02  2.312E-23  7.443E-14
1.202E+02  2.342E-23  7.469E-14
1.191E+02  2.372E-23  7.495E-14
1.180E+02  2.402E-23  7.520E-14
1.169E+02  2.432E-23  7.544E-14
1.159E+02  2.462E-23  7.566E-14
1.148E+02  2.492E-23  7.588E-14
1.138E+02  2.522E-23  7.609E-14
1.127E+02  2.552E-23  7.629E-14
1.117E+02  2.582E-23  7.648E-14
1.107E+02  2.612E-23  7.666E-14
1.096E+02  2.641E-23  7.682E-14
1.086E+02  2.671E-23  7.697E-14
1.076E+02  2.700E-23  7.710E-14
1.067E+02  2.729E-23  7.722E-14
1.057E+02  2.758E-23  7.732E-14
1.047E+02  2.786E-23  7.739E-14
1.038E+02  2.814E-23  7.746E-14
1.028E+02  2.842E-23  7.749E-14
1.019E+02  2.869E-23  7.751E-14
1.009E+02  2.895E-23  7.750E-14
1.000E+02  2.921E-23  7.747E-14
9.908E+01  2.945E-23  7.741E-14
9.817E+01  2.970E-23  7.734E-14
9.727E+01  2.993E-23  7.724E-14
9.638E+01  3.016E-23  7.711E-14
9.550E+01  3.038E-23  7.696E-14
9.462E+01  3.059E-23  7.679E-14
9.376E+01  3.080E-23  7.659E-14
9.290E+01  3.099E-23  7.636E-14
9.204E+01  3.118E-23  7.612E-14
9.120E+01  3.135E-23  7.584E-14
9.036E+01  3.152E-23  7.554E-14
8.954E+01  3.167E-23  7.522E-14
8.872E+01  3.182E-23  7.488E-14
8.790E+01  3.196E-23  7.452E-14
8.710E+01  3.209E-23  7.413E-14
8.630E+01  3.221E-23  7.372E-14
8.551E+01  3.231E-23  7.329E-14
8.472E+01  3.241E-23  7.283E-14
8.395E+01  3.250E-23  7.236E-14
8.318E+01  3.257E-23  7.186E-14
8.241E+01  3.264E-23  7.134E-14
8.166E+01  3.269E-23  7.081E-14
8.091E+01  3.273E-23  7.025E-14
8.017E+01  3.276E-23  6.967E-14
7.943E+01  3.278E-23  6.908E-14
7.870E+01  3.279E-23  6.846E-14
7.798E+01  3.279E-23  6.782E-14
7.727E+01  3.277E-23  6.716E-14
7.656E+01  3.274E-23  6.649E-14
7.586E+01  3.270E-23  6.580E-14
7.516E+01  3.265E-23  6.509E-14
7.447E+01  3.258E-23  6.437E-14
7.379E+01  3.251E-23  6.363E-14
7.311E+01  3.242E-23  6.287E-14
7.244E+01  3.232E-23  6.210E-14
7.178E+01  3.220E-23  6.132E-14
7.112E+01  3.208E-23  6.052E-14
7.047E+01  3.195E-23  5.971E-14
6.982E+01  3.180E-23  5.890E-14
6.918E+01  3.165E-23  5.808E-14
6.855E+01  3.148E-23  5.724E-14
6.792E+01  3.130E-23  5.639E-14
6.730E+01  3.111E-23  5.554E-14
6.668E+01  3.091E-23  5.468E-14
6.607E+01  3.071E-23  5.381E-14
6.546E+01  3.049E-23  5.294E-14
6.486E+01  3.026E-23  5.207E-14
6.427E+01  3.002E-23  5.118E-14
6.368E+01  2.978E-23  5.030E-14
6.310E+01  2.952E-23  4.941E-14
6.252E+01  2.926E-23  4.853E-14
6.194E+01  2.899E-23  4.764E-14
6.138E+01  2.871E-23  4.675E-14
6.081E+01  2.843E-23  4.586E-14
6.026E+01  2.814E-23  4.497E-14
5.970E+01  2.784E-23  4.408E-14
5.916E+01  2.753E-23  4.320E-14
5.861E+01  2.722E-23  4.231E-14
5.808E+01  2.690E-23  4.144E-14
5.754E+01  2.657E-23  4.056E-14
5.702E+01  2.624E-23  3.969E-14
5.649E+01  2.591E-23  3.883E-14
5.598E+01  2.557E-23  3.797E-14
5.546E+01  2.523E-23  3.711E-14
5.495E+01  2.488E-23  3.627E-14
5.445E+01  2.453E-23  3.543E-14
5.395E+01  2.418E-23  3.460E-14
5.346E+01  2.382E-23  3.378E-14
5.297E+01  2.346E-23  3.296E-14
5.248E+01  2.310E-23  3.216E-14
5.200E+01  2.274E-23  3.136E-14
5.152E+01  2.237E-23  3.058E-14
5.105E+01  2.201E-23  2.980E-14
5.058E+01  2.164E-23  2.903E-14
5.012E+01  2.127E-23  2.827E-14
4.966E+01  2.090E-23  2.753E-14
4.920E+01  2.053E-23  2.679E-14
4.875E+01  2.016E-23  2.607E-14
4.831E+01  1.979E-23  2.535E-14
4.786E+01  1.942E-23  2.465E-14
4.742E+01  1.904E-23  2.396E-14
4.699E+01  1.867E-23  2.328E-14
4.656E+01  1.831E-23  2.261E-14
4.613E+01  1.794E-23  2.195E-14
4.571E+01  1.757E-23  2.130E-14
4.529E+01  1.720E-23  2.067E-14
4.487E+01  1.684E-23  2.004E-14
4.446E+01  1.647E-23  1.943E-14
4.406E+01  1.611E-23  1.882E-14
4.365E+01  1.574E-23  1.823E-14
4.325E+01  1.538E-23  1.765E-14
4.285E+01  1.502E-23  1.708E-14
4.246E+01  1.466E-23  1.652E-14
4.207E+01  1.431E-23  1.597E-14
4.169E+01  1.395E-23  1.543E-14
4.130E+01  1.360E-23  1.490E-14
4.093E+01  1.324E-23  1.437E-14
4.055E+01  1.289E-23  1.386E-14
4.018E+01  1.254E-23  1.336E-14
3.981E+01  1.219E-23  1.287E-14
3.945E+01  1.184E-23  1.239E-14
3.908E+01  1.149E-23  1.192E-14
3.873E+01  1.115E-23  1.145E-14
3.837E+01  1.081E-23  1.100E-14
3.802E+01  1.047E-23  1.056E-14
3.767E+01  1.013E-23  1.012E-14
3.733E+01  9.795E-24  9.697E-15
3.698E+01  9.462E-24  9.283E-15
3.664E+01  9.134E-24  8.878E-15
3.631E+01  8.808E-24  8.483E-15
3.597E+01  8.487E-24  8.099E-15
3.565E+01  8.170E-24  7.725E-15
3.532E+01  7.859E-24  7.362E-15
3.499E+01  7.552E-24  7.010E-15
3.467E+01  7.252E-24  6.670E-15
3.436E+01  6.958E-24  6.341E-15
3.404E+01  6.672E-24  6.024E-15
3.373E+01  6.393E-24  5.719E-15
3.342E+01  6.122E-24  5.427E-15
3.311E+01  5.860E-24  5.147E-15
3.281E+01  5.607E-24  4.880E-15
3.251E+01  5.363E-24  4.625E-15
3.221E+01  5.129E-24  4.382E-15
3.192E+01  4.905E-24  4.153E-15
3.162E+01  4.692E-24  3.935E-15
3.133E+01  4.489E-24  3.731E-15
3.105E+01  4.296E-24  3.538E-15
3.076E+01  4.114E-24  3.357E-15
3.048E+01  3.942E-24  3.187E-15
3.020E+01  3.781E-24  3.029E-15
2.992E+01  3.629E-24  2.881E-15
2.965E+01  3.487E-24  2.743E-15
2.938E+01  3.355E-24  2.615E-15
2.911E+01  3.232E-24  2.495E-15
2.884E+01  3.117E-24  2.385E-15
2.858E+01  3.011E-24  2.282E-15
2.831E+01  2.913E-24  2.187E-15
2.805E+01  2.821E-24  2.100E-15
2.780E+01  2.737E-24  2.018E-15
2.754E+01  2.659E-24  1.943E-15
2.729E+01  2.587E-24  1.873E-15
2.704E+01  2.521E-24  1.808E-15
2.679E+01  2.460E-24  1.748E-15
2.655E+01  2.403E-24  1.692E-15
2.630E+01  2.351E-24  1.640E-15
2.606E+01  2.303E-24  1.592E-15
2.582E+01  2.259E-24  1.547E-15
2.559E+01  2.218E-24  1.505E-15
2.535E+01  2.180E-24  1.466E-15
2.512E+01  2.145E-24  1.429E-15
2.489E+01  2.113E-24  1.395E-15
2.466E+01  2.083E-24  1.362E-15
2.443E+01  2.055E-24  1.332E-15
2.421E+01  2.029E-24  1.303E-15
2.399E+01  2.005E-24  1.276E-15
2.377E+01  1.982E-24  1.250E-15
2.355E+01  1.962E-24  1.225E-15
2.333E+01  1.942E-24  1.202E-15
2.312E+01  1.924E-24  1.180E-15
2.291E+01  1.907E-24  1.159E-15
2.270E+01  1.891E-24  1.139E-15
2.249E+01  1.877E-24  1.120E-15
2.228E+01  1.864E-24  1.102E-15
2.208E+01  1.851E-24  1.084E-15
2.188E+01  1.839E-24  1.067E-15
2.168E+01  1.828E-24  1.051E-15
2.148E+01  1.817E-24  1.035E-15
2.128E+01  1.807E-24  1.020E-15
2.109E+01  1.799E-24  1.006E-15
2.089E+01  1.791E-24  9.923E-16
2.070E+01  1.783E-24  9.791E-16
2.051E+01  1.776E-24  9.664E-16
2.032E+01  1.770E-24  9.544E-16
2.014E+01  1.766E-24  9.432E-16
1.995E+01  1.763E-24  9.329E-16
1.977E+01  1.761E-24  9.237E-16
1.959E+01  1.763E-24  9.159E-16
1.941E+01  1.770E-24  9.115E-16
1.923E+01  1.794E-24  9.152E-16
1.905E+01  1.867E-24  9.434E-16
1.888E+01  1.923E-24  9.632E-16
1.871E+01  1.830E-24  9.080E-16
1.854E+01  1.799E-24  8.844E-16
1.837E+01  1.803E-24  8.785E-16
1.820E+01  1.831E-24  8.838E-16
1.803E+01  1.898E-24  9.078E-16
1.786E+01  2.016E-24  9.554E-16
1.770E+01  2.030E-24  9.530E-16
1.754E+01  2.148E-24  9.991E-16
1.738E+01  2.434E-24  1.122E-15
1.722E+01  2.388E-24  1.091E-15
1.706E+01  2.392E-24  1.083E-15
1.690E+01  2.322E-24  1.041E-15
1.675E+01  2.211E-24  9.821E-16
1.660E+01  2.233E-24  9.829E-16
1.644E+01  2.564E-24  1.118E-15
1.629E+01  1.964E-24  8.488E-16
1.614E+01  1.715E-24  7.345E-16
1.600E+01  1.623E-24  6.888E-16
1.585E+01  1.563E-24  6.569E-16
1.570E+01  1.495E-24  6.227E-16
1.556E+01  1.449E-24  5.980E-16
1.542E+01  1.415E-24  5.785E-16
1.528E+01  1.387E-24  5.621E-16
1.514E+01  1.364E-24  5.478E-16
1.500E+01  1.346E-24  5.355E-16
1.486E+01  1.333E-24  5.252E-16
1.472E+01  1.326E-24  5.178E-16
1.459E+01  1.331E-24  5.149E-16
1.445E+01  1.359E-24  5.211E-16
1.432E+01  1.439E-24  5.466E-16
1.419E+01  1.530E-24  5.760E-16
1.406E+01  1.467E-24  5.471E-16
1.393E+01  1.435E-24  5.303E-16
1.380E+01  1.491E-24  5.460E-16
1.368E+01  1.629E-24  5.909E-16
1.355E+01  1.805E-24  6.488E-16
1.343E+01  1.845E-24  6.572E-16
1.330E+01  1.739E-24  6.136E-16
1.318E+01  1.684E-24  5.889E-16
1.306E+01  1.759E-24  6.093E-16
1.294E+01  1.991E-24  6.836E-16
1.282E+01  2.423E-24  8.241E-16
1.271E+01  2.968E-24  1.000E-15
1.259E+01  3.138E-24  1.048E-15
1.247E+01  2.738E-24  9.058E-16
1.236E+01  2.328E-24  7.632E-16
1.225E+01  2.183E-24  7.092E-16
1.213E+01  2.275E-24  7.322E-16
1.202E+01  2.411E-24  7.689E-16
1.191E+01  2.316E-24  7.319E-16
1.180E+01  2.095E-24  6.558E-16
1.169E+01  2.032E-24  6.305E-16
1.159E+01  2.289E-24  7.037E-16
1.148E+01  3.064E-24  9.332E-16
1.138E+01  4.362E-24  1.316E-15
1.127E+01  5.769E-24  1.725E-15
1.117E+01  4.065E-24  1.204E-15
1.107E+01  2.100E-24  6.165E-16
1.096E+01  1.448E-24  4.210E-16
1.086E+01  1.146E-24  3.304E-16
1.076E+01  9.870E-25  2.818E-16
1.067E+01  8.922E-25  2.524E-16
1.057E+01  8.104E-25  2.272E-16
1.047E+01  7.557E-25  2.099E-16
1.038E+01  7.188E-25  1.978E-16
1.028E+01  6.923E-25  1.888E-16
1.019E+01  6.731E-25  1.819E-16
1.009E+01  6.594E-25  1.765E-16
1.000E+01  6.505E-25  1.725E-16
9.908E+00  6.458E-25  1.697E-16
9.817E+00  6.451E-25  1.680E-16
9.727E+00  6.483E-25  1.673E-16
9.638E+00  6.557E-25  1.676E-16
9.550E+00  6.675E-25  1.691E-16
9.462E+00  6.842E-25  1.717E-16
9.376E+00  7.072E-25  1.759E-16
9.290E+00  7.384E-25  1.820E-16
9.204E+00  7.811E-25  1.907E-16
9.120E+00  8.409E-25  2.034E-16
9.036E+00  9.272E-25  2.222E-16
8.954E+00  1.057E-24  2.511E-16
8.872E+00  1.263E-24  2.972E-16
8.790E+00  1.600E-24  3.731E-16
8.710E+00  2.114E-24  4.883E-16
8.630E+00  2.591E-24  5.930E-16
8.551E+00  2.527E-24  5.731E-16
8.472E+00  2.191E-24  4.924E-16
8.395E+00  2.019E-24  4.496E-16
8.318E+00  2.006E-24  4.427E-16
8.241E+00  2.091E-24  4.572E-16
8.166E+00  2.309E-24  5.000E-16
8.091E+00  2.723E-24  5.843E-16
8.017E+00  3.381E-24  7.191E-16
7.943E+00  4.241E-24  8.935E-16
7.870E+00  4.987E-24  1.041E-15
7.798E+00  5.245E-24  1.085E-15
7.727E+00  5.265E-24  1.079E-15
7.656E+00  5.417E-24  1.100E-15
7.586E+00  5.261E-24  1.059E-15
7.516E+00  4.416E-24  8.804E-16
7.447E+00  3.471E-24  6.857E-16
7.379E+00  2.779E-24  5.440E-16
7.311E+00  2.300E-24  4.460E-16
7.244E+00  1.950E-24  3.747E-16
7.178E+00  1.683E-24  3.205E-16
7.112E+00  1.479E-24  2.790E-16
7.047E+00  1.327E-24  2.481E-16
6.982E+00  1.224E-24  2.267E-16
6.918E+00  1.166E-24  2.140E-16
6.855E+00  1.151E-24  2.092E-16
6.792E+00  1.164E-24  2.097E-16
6.730E+00  1.178E-24  2.104E-16
6.668E+00  1.160E-24  2.052E-16
6.607E+00  1.109E-24  1.943E-16
6.546E+00  1.067E-24  1.853E-16
6.486E+00  1.087E-24  1.870E-16
6.427E+00  1.228E-24  2.093E-16
6.368E+00  1.600E-24  2.703E-16
6.310E+00  2.435E-24  4.075E-16
6.252E+00  3.785E-24  6.276E-16
6.194E+00  3.828E-24  6.289E-16
6.138E+00  2.381E-24  3.876E-16
6.081E+00  1.416E-24  2.284E-16
6.026E+00  9.411E-25  1.504E-16
5.970E+00  7.006E-25  1.109E-16
5.916E+00  5.750E-25  9.022E-17
5.861E+00  5.191E-25  8.072E-17
5.808E+00  5.231E-25  8.058E-17
5.754E+00  5.867E-25  8.956E-17
5.702E+00  6.314E-25  9.549E-17
5.649E+00  5.315E-25  7.965E-17
5.598E+00  4.039E-25  5.998E-17
5.546E+00  3.254E-25  4.787E-17
5.495E+00  2.836E-25  4.134E-17
5.445E+00  2.655E-25  3.835E-17
5.395E+00  2.683E-25  3.839E-17
5.346E+00  2.973E-25  4.216E-17
5.297E+00  3.453E-25  4.851E-17
5.248E+00  3.372E-25  4.694E-17
5.200E+00  2.672E-25  3.685E-17
5.152E+00  2.126E-25  2.906E-17
5.105E+00  1.810E-25  2.452E-17
5.058E+00  1.620E-25  2.174E-17
5.012E+00  1.495E-25  1.987E-17
4.966E+00  1.405E-25  1.850E-17
4.920E+00  1.336E-25  1.743E-17
4.875E+00  1.281E-25  1.656E-17
4.831E+00  1.235E-25  1.582E-17
4.786E+00  1.196E-25  1.518E-17
4.742E+00  1.162E-25  1.462E-17
4.699E+00  1.133E-25  1.412E-17
4.656E+00  1.107E-25  1.367E-17
4.613E+00  1.083E-25  1.325E-17
4.571E+00  1.062E-25  1.288E-17
4.529E+00  1.043E-25  1.253E-17
4.487E+00  1.025E-25  1.220E-17
4.446E+00  1.009E-25  1.190E-17
4.406E+00  9.947E-26  1.162E-17
4.365E+00  9.813E-26  1.136E-17
4.325E+00  9.690E-26  1.112E-17
4.285E+00  9.578E-26  1.089E-17
4.246E+00  9.475E-26  1.067E-17
4.207E+00  9.381E-26  1.047E-17
4.169E+00  9.297E-26  1.028E-17
4.130E+00  9.220E-26  1.010E-17
4.093E+00  9.152E-26  9.936E-18
4.055E+00  9.093E-26  9.781E-18
4.018E+00  9.043E-26  9.637E-18
3.981E+00  9.002E-26  9.506E-18
3.945E+00  8.972E-26  9.388E-18
3.908E+00  8.954E-26  9.283E-18
3.873E+00  8.950E-26  9.193E-18
3.837E+00  8.961E-26  9.121E-18
3.802E+00  8.992E-26  9.069E-18
3.767E+00  9.047E-26  9.040E-18
3.733E+00  9.132E-26  9.041E-18
3.698E+00  9.255E-26  9.079E-18
3.664E+00  9.430E-26  9.166E-18
3.631E+00  9.677E-26  9.320E-18
3.597E+00  1.002E-25  9.566E-18
3.565E+00  1.052E-25  9.950E-18
3.532E+00  1.126E-25  1.055E-17
3.499E+00  1.238E-25  1.149E-17
3.467E+00  1.419E-25  1.305E-17
3.436E+00  1.736E-25  1.582E-17
3.404E+00  2.363E-25  2.134E-17
3.373E+00  3.859E-25  3.453E-17
3.342E+00  8.818E-25  7.817E-17
3.311E+00  3.341E-24  2.935E-16
3.281E+00  2.282E-24  1.986E-16
3.251E+00  6.508E-25  5.612E-17
3.221E+00  3.100E-25  2.648E-17
3.192E+00  1.972E-25  1.669E-17
3.162E+00  1.474E-25  1.236E-17
3.133E+00  1.212E-25  1.007E-17
3.105E+00  1.057E-25  8.703E-18
3.076E+00  9.572E-26  7.810E-18
3.048E+00  8.890E-26  7.187E-18
3.020E+00  8.398E-26  6.728E-18
2.992E+00  8.029E-26  6.373E-18
2.965E+00  7.741E-26  6.088E-18
2.938E+00  7.510E-26  5.852E-18
2.911E+00  7.320E-26  5.651E-18
2.884E+00  7.159E-26  5.477E-18
2.858E+00  7.020E-26  5.321E-18
2.831E+00  6.899E-26  5.181E-18
2.805E+00  6.790E-26  5.053E-18
2.780E+00  6.692E-26  4.934E-18
2.754E+00  6.602E-26  4.823E-18
2.729E+00  6.519E-26  4.719E-18
2.704E+00  6.440E-26  4.619E-18
2.679E+00  6.367E-26  4.524E-18
2.655E+00  6.296E-26  4.433E-18
2.630E+00  6.228E-26  4.346E-18
2.606E+00  6.163E-26  4.260E-18
2.582E+00  6.100E-26  4.178E-18
2.559E+00  6.038E-26  4.098E-18
2.535E+00  5.977E-26  4.019E-18
2.512E+00  5.918E-26  3.943E-18
2.489E+00  5.859E-26  3.868E-18
2.466E+00  5.800E-26  3.794E-18
2.443E+00  5.741E-26  3.721E-18
2.421E+00  5.683E-26  3.650E-18
2.399E+00  5.626E-26  3.580E-18
2.377E+00  5.570E-26  3.512E-18
2.355E+00  5.514E-26  3.445E-18
2.333E+00  5.458E-26  3.378E-18
2.312E+00  5.402E-26  3.313E-18
2.291E+00  5.347E-26  3.249E-18
2.270E+00  5.291E-26  3.185E-18
2.249E+00  5.234E-26  3.123E-18
2.228E+00  5.177E-26  3.060E-18
2.208E+00  5.119E-26  2.998E-18
2.188E+00  5.060E-26  2.936E-18
2.168E+00  4.999E-26  2.874E-18
2.148E+00  4.936E-26  2.812E-18
2.128E+00  4.870E-26  2.749E-18
2.109E+00  4.801E-26  2.685E-18
2.089E+00  4.727E-26  2.620E-18
2.070E+00  4.647E-26  2.552E-18
2.051E+00  4.560E-26  2.481E-18
2.032E+00  4.464E-26  2.406E-18
2.014E+00  4.356E-26  2.327E-18
1.995E+00  4.235E-26  2.241E-18
1.977E+00  4.100E-26  2.150E-18
1.959E+00  3.956E-26  2.055E-18
1.941E+00  3.816E-26  1.965E-18
1.923E+00  3.706E-26  1.891E-18
1.905E+00  3.654E-26  1.847E-18
1.888E+00  3.668E-26  1.837E-18
1.871E+00  3.728E-26  1.850E-18
1.854E+00  3.804E-26  1.870E-18
1.837E+00  3.871E-26  1.886E-18
1.820E+00  3.921E-26  1.892E-18
1.803E+00  3.951E-26  1.890E-18
1.786E+00  3.965E-26  1.879E-18
1.770E+00  3.967E-26  1.863E-18
1.754E+00  3.959E-26  1.842E-18
1.738E+00  3.945E-26  1.819E-18
1.722E+00  3.926E-26  1.793E-18
1.706E+00  3.904E-26  1.767E-18
1.690E+00  3.879E-26  1.739E-18
1.675E+00  3.853E-26  1.712E-18
1.660E+00  3.827E-26  1.685E-18
1.644E+00  3.800E-26  1.657E-18
1.629E+00  3.773E-26  1.630E-18
1.614E+00  3.746E-26  1.604E-18
1.600E+00  3.721E-26  1.579E-18
1.585E+00  3.698E-26  1.555E-18
1.570E+00  3.676E-26  1.531E-18
1.556E+00  3.657E-26  1.509E-18
1.542E+00  3.640E-26  1.489E-18
1.528E+00  3.627E-26  1.470E-18
1.514E+00  3.618E-26  1.453E-18
1.500E+00  3.614E-26  1.438E-18
1.486E+00  3.615E-26  1.425E-18
1.472E+00  3.623E-26  1.415E-18
1.459E+00  3.639E-26  1.408E-18
1.445E+00  3.664E-26  1.405E-18
1.432E+00  3.700E-26  1.406E-18
1.419E+00  3.749E-26  1.411E-18
1.406E+00  3.814E-26  1.422E-18
1.393E+00  3.898E-26  1.440E-18
1.380E+00  4.005E-26  1.466E-18
1.368E+00  4.138E-26  1.501E-18
1.355E+00  4.304E-26  1.547E-18
1.343E+00  4.505E-26  1.605E-18
1.330E+00  4.744E-26  1.674E-18
1.318E+00  5.016E-26  1.754E-18
1.306E+00  5.306E-26  1.838E-18
1.294E+00  5.579E-26  1.915E-18
1.282E+00  5.780E-26  1.966E-18
1.271E+00  5.841E-26  1.969E-18
1.259E+00  5.714E-26  1.908E-18
1.247E+00  5.403E-26  1.788E-18
1.236E+00  4.967E-26  1.628E-18
1.225E+00  4.489E-26  1.458E-18
1.213E+00  4.036E-26  1.299E-18
1.202E+00  3.645E-26  1.162E-18
1.191E+00  3.328E-26  1.052E-18
1.180E+00  3.082E-26  9.649E-19
1.169E+00  2.901E-26  8.998E-19
1.159E+00  2.777E-26  8.536E-19
1.148E+00  2.707E-26  8.245E-19
1.138E+00  2.691E-26  8.120E-19
1.127E+00  2.733E-26  8.171E-19
1.117E+00  2.846E-26  8.430E-19
1.107E+00  3.051E-26  8.957E-19
1.096E+00  3.386E-26  9.849E-19
1.086E+00  3.904E-26  1.125E-18
1.076E+00  4.656E-26  1.330E-18
1.067E+00  5.600E-26  1.584E-18
1.057E+00  6.357E-26  1.782E-18
1.047E+00  6.233E-26  1.731E-18
1.038E+00  5.169E-26  1.422E-18
1.028E+00  3.912E-26  1.067E-18
1.019E+00  2.936E-26  7.933E-19
1.009E+00  2.275E-26  6.092E-19
1.000E+00  1.837E-26  4.874E-19
