Dust emission from Draine & Li (2007): ApJ 657, 810-837
================================================================
         7 = grain model
 4.000E-08 4.000E-01 4.500E-05 = a_01 (cm) , sigma_1 , b_C1/0.92
 2.500E-07 4.000E-01 1.500E-05 = a_02 (cm) , sigma_2 , b_C2/0.92
 1.000E+01 1.000E+03 2.000E+00 = Umin , Umax, beta (dN/dU propto U^{-beta})
 4.652E+01 = <U> 
     mmp83 = radfield
 2.127E-22 = power/H (erg s-1)
 band   nu*P_nu(band) j_nu(band)
 (um)   (erg s-1 H-1)(Jy cm2 sr-1 H-1)
1.270E+00  8.514E-25  2.868E-17 COBE-DIRBE
2.220E+00  1.088E-24  6.406E-17 COBE-DIRBE
3.530E+00  7.075E-24  6.625E-16 COBE-DIRBE
4.880E+00  3.291E-24  4.260E-16 COBE-DIRBE
1.229E+01  2.973E-23  9.692E-15 COBE-DIRBE
2.079E+01  2.626E-23  1.448E-14 COBE-DIRBE
5.599E+01  1.208E-22  1.795E-13 COBE-DIRBE
9.770E+01  7.307E-23  1.894E-13 COBE-DIRBE
1.479E+02  3.106E-23  1.218E-13 COBE-DIRBE
2.479E+02  6.100E-24  4.010E-14 COBE-DIRBE
1.200E+01  3.121E-23  9.935E-15 IRAS
2.500E+01  2.900E-23  1.923E-14 IRAS
6.000E+01  1.173E-22  1.867E-13 IRAS
1.000E+02  6.995E-23  1.855E-13 IRAS
3.550E+00  8.227E-24  7.747E-16 SST-IRAC
4.493E+00  2.307E-24  2.750E-16 SST-IRAC
5.731E+00  1.947E-23  2.960E-15 SST-IRAC
7.872E+00  4.525E-23  9.449E-15 SST-IRAC
2.368E+01  2.456E-23  1.542E-14 SST-MIPS
7.142E+01  9.955E-23  1.886E-13 SST-MIPS
1.559E+02  2.452E-23  1.014E-13 SST-MIPS
1.600E+01  2.501E-23  1.062E-14 SST-IRSPU
2.200E+01  2.514E-23  1.467E-14 SST-IRSPU











lambda    nu*dP/dnu     j_nu
 (um)   (erg s-1 H-1)(Jy cm2 sr-1 H-1)
1.000E+04  9.554E-31  2.534E-19
9.908E+03  9.905E-31  2.603E-19
9.817E+03  1.027E-30  2.674E-19
9.727E+03  1.064E-30  2.746E-19
9.638E+03  1.103E-30  2.821E-19
9.550E+03  1.144E-30  2.897E-19
9.462E+03  1.186E-30  2.976E-19
9.376E+03  1.229E-30  3.057E-19
9.290E+03  1.274E-30  3.140E-19
9.204E+03  1.321E-30  3.225E-19
9.120E+03  1.369E-30  3.312E-19
9.036E+03  1.419E-30  3.402E-19
8.954E+03  1.471E-30  3.494E-19
8.872E+03  1.525E-30  3.588E-19
8.790E+03  1.580E-30  3.685E-19
8.710E+03  1.638E-30  3.785E-19
8.630E+03  1.698E-30  3.887E-19
8.551E+03  1.760E-30  3.992E-19
8.472E+03  1.824E-30  4.100E-19
8.395E+03  1.891E-30  4.211E-19
8.318E+03  1.960E-30  4.325E-19
8.241E+03  2.032E-30  4.442E-19
8.166E+03  2.107E-30  4.563E-19
8.091E+03  2.184E-30  4.687E-19
8.017E+03  2.264E-30  4.814E-19
7.943E+03  2.347E-30  4.946E-19
7.870E+03  2.433E-30  5.080E-19
7.798E+03  2.523E-30  5.219E-19
7.727E+03  2.616E-30  5.361E-19
7.656E+03  2.712E-30  5.508E-19
7.586E+03  2.812E-30  5.658E-19
7.516E+03  2.916E-30  5.813E-19
7.447E+03  3.023E-30  5.972E-19
7.379E+03  3.135E-30  6.136E-19
7.311E+03  3.251E-30  6.304E-19
7.244E+03  3.371E-30  6.477E-19
7.178E+03  3.496E-30  6.655E-19
7.112E+03  3.625E-30  6.838E-19
7.047E+03  3.759E-30  7.027E-19
6.982E+03  3.898E-30  7.220E-19
6.918E+03  4.043E-30  7.419E-19
6.855E+03  4.192E-30  7.623E-19
6.792E+03  4.348E-30  7.833E-19
6.730E+03  4.509E-30  8.049E-19
6.668E+03  4.676E-30  8.271E-19
6.607E+03  4.850E-30  8.499E-19
6.546E+03  5.030E-30  8.734E-19
6.486E+03  5.217E-30  8.976E-19
6.427E+03  5.411E-30  9.225E-19
6.368E+03  5.612E-30  9.480E-19
6.310E+03  5.822E-30  9.743E-19
6.252E+03  6.039E-30  1.001E-18
6.194E+03  6.264E-30  1.029E-18
6.138E+03  6.498E-30  1.058E-18
6.081E+03  6.741E-30  1.087E-18
6.026E+03  6.993E-30  1.118E-18
5.970E+03  7.254E-30  1.149E-18
5.916E+03  7.526E-30  1.181E-18
5.861E+03  7.808E-30  1.214E-18
5.808E+03  8.101E-30  1.248E-18
5.754E+03  8.404E-30  1.283E-18
5.702E+03  8.720E-30  1.319E-18
5.649E+03  9.047E-30  1.356E-18
5.598E+03  9.387E-30  1.394E-18
5.546E+03  9.741E-30  1.433E-18
5.495E+03  1.011E-29  1.473E-18
5.445E+03  1.049E-29  1.515E-18
5.395E+03  1.088E-29  1.557E-18
5.346E+03  1.129E-29  1.601E-18
5.297E+03  1.172E-29  1.647E-18
5.248E+03  1.216E-29  1.693E-18
5.200E+03  1.262E-29  1.741E-18
5.152E+03  1.310E-29  1.790E-18
5.105E+03  1.359E-29  1.841E-18
5.058E+03  1.411E-29  1.893E-18
5.012E+03  1.464E-29  1.947E-18
4.966E+03  1.520E-29  2.002E-18
4.920E+03  1.577E-29  2.059E-18
4.875E+03  1.637E-29  2.117E-18
4.831E+03  1.699E-29  2.177E-18
4.786E+03  1.764E-29  2.239E-18
4.742E+03  1.831E-29  2.303E-18
4.699E+03  1.900E-29  2.369E-18
4.656E+03  1.973E-29  2.436E-18
4.613E+03  2.048E-29  2.506E-18
4.571E+03  2.126E-29  2.577E-18
4.529E+03  2.207E-29  2.651E-18
4.487E+03  2.291E-29  2.727E-18
4.446E+03  2.378E-29  2.805E-18
4.406E+03  2.469E-29  2.886E-18
4.365E+03  2.564E-29  2.969E-18
4.325E+03  2.662E-29  3.054E-18
4.285E+03  2.764E-29  3.142E-18
4.246E+03  2.870E-29  3.232E-18
4.207E+03  2.980E-29  3.326E-18
4.169E+03  3.094E-29  3.422E-18
4.130E+03  3.213E-29  3.520E-18
4.093E+03  3.336E-29  3.622E-18
4.055E+03  3.465E-29  3.727E-18
4.018E+03  3.598E-29  3.835E-18
3.981E+03  3.736E-29  3.946E-18
3.945E+03  3.880E-29  4.060E-18
3.908E+03  4.030E-29  4.178E-18
3.873E+03  4.185E-29  4.299E-18
3.837E+03  4.346E-29  4.423E-18
3.802E+03  4.514E-29  4.552E-18
3.767E+03  4.688E-29  4.685E-18
3.733E+03  4.869E-29  4.821E-18
3.698E+03  5.058E-29  4.962E-18
3.664E+03  5.253E-29  5.106E-18
3.631E+03  5.457E-29  5.256E-18
3.597E+03  5.669E-29  5.409E-18
3.565E+03  5.888E-29  5.568E-18
3.532E+03  6.117E-29  5.731E-18
3.499E+03  6.355E-29  5.899E-18
3.467E+03  6.602E-29  6.072E-18
3.436E+03  6.859E-29  6.251E-18
3.404E+03  7.126E-29  6.435E-18
3.373E+03  7.404E-29  6.624E-18
3.342E+03  7.693E-29  6.820E-18
3.311E+03  7.993E-29  7.021E-18
3.281E+03  8.306E-29  7.229E-18
3.251E+03  8.631E-29  7.442E-18
3.221E+03  8.968E-29  7.663E-18
3.192E+03  9.320E-29  7.890E-18
3.162E+03  9.685E-29  8.124E-18
3.133E+03  1.006E-28  8.365E-18
3.105E+03  1.046E-28  8.614E-18
3.076E+03  1.087E-28  8.870E-18
3.048E+03  1.130E-28  9.134E-18
3.020E+03  1.174E-28  9.406E-18
2.992E+03  1.220E-28  9.686E-18
2.965E+03  1.268E-28  9.974E-18
2.938E+03  1.318E-28  1.027E-17
2.911E+03  1.370E-28  1.058E-17
2.884E+03  1.424E-28  1.089E-17
2.858E+03  1.480E-28  1.122E-17
2.831E+03  1.538E-28  1.155E-17
2.805E+03  1.599E-28  1.190E-17
2.780E+03  1.662E-28  1.225E-17
2.754E+03  1.728E-28  1.262E-17
2.729E+03  1.796E-28  1.300E-17
2.704E+03  1.867E-28  1.339E-17
2.679E+03  1.941E-28  1.379E-17
2.655E+03  2.018E-28  1.421E-17
2.630E+03  2.098E-28  1.464E-17
2.606E+03  2.181E-28  1.508E-17
2.582E+03  2.268E-28  1.553E-17
2.559E+03  2.358E-28  1.600E-17
2.535E+03  2.451E-28  1.648E-17
2.512E+03  2.549E-28  1.698E-17
2.489E+03  2.650E-28  1.750E-17
2.466E+03  2.756E-28  1.803E-17
2.443E+03  2.866E-28  1.857E-17
2.421E+03  2.980E-28  1.914E-17
2.399E+03  3.099E-28  1.972E-17
2.377E+03  3.223E-28  2.032E-17
2.355E+03  3.352E-28  2.094E-17
2.333E+03  3.486E-28  2.158E-17
2.312E+03  3.625E-28  2.223E-17
2.291E+03  3.770E-28  2.291E-17
2.270E+03  3.922E-28  2.361E-17
2.249E+03  4.079E-28  2.433E-17
2.228E+03  4.242E-28  2.508E-17
2.208E+03  4.413E-28  2.584E-17
2.188E+03  4.590E-28  2.664E-17
2.168E+03  4.774E-28  2.745E-17
2.148E+03  4.966E-28  2.829E-17
2.128E+03  5.166E-28  2.916E-17
2.109E+03  5.374E-28  3.006E-17
2.089E+03  5.590E-28  3.098E-17
2.070E+03  5.815E-28  3.193E-17
2.051E+03  6.050E-28  3.292E-17
2.032E+03  6.294E-28  3.393E-17
2.014E+03  6.548E-28  3.497E-17
1.995E+03  6.812E-28  3.605E-17
1.977E+03  7.087E-28  3.716E-17
1.959E+03  7.373E-28  3.831E-17
1.941E+03  7.670E-28  3.949E-17
1.923E+03  7.980E-28  4.071E-17
1.905E+03  8.303E-28  4.197E-17
1.888E+03  8.639E-28  4.326E-17
1.871E+03  8.988E-28  4.460E-17
1.854E+03  9.352E-28  4.598E-17
1.837E+03  9.731E-28  4.741E-17
1.820E+03  1.013E-27  4.887E-17
1.803E+03  1.054E-27  5.039E-17
1.786E+03  1.096E-27  5.195E-17
1.770E+03  1.141E-27  5.356E-17
1.754E+03  1.187E-27  5.523E-17
1.738E+03  1.235E-27  5.694E-17
1.722E+03  1.285E-27  5.871E-17
1.706E+03  1.338E-27  6.054E-17
1.690E+03  1.392E-27  6.242E-17
1.675E+03  1.449E-27  6.436E-17
1.660E+03  1.507E-27  6.636E-17
1.644E+03  1.569E-27  6.843E-17
1.629E+03  1.633E-27  7.056E-17
1.614E+03  1.699E-27  7.276E-17
1.600E+03  1.768E-27  7.502E-17
1.585E+03  1.840E-27  7.736E-17
1.570E+03  1.915E-27  7.977E-17
1.556E+03  1.993E-27  8.226E-17
1.542E+03  2.074E-27  8.483E-17
1.528E+03  2.159E-27  8.747E-17
1.514E+03  2.247E-27  9.020E-17
1.500E+03  2.338E-27  9.302E-17
1.486E+03  2.434E-27  9.593E-17
1.472E+03  2.533E-27  9.892E-17
1.459E+03  2.636E-27  1.020E-16
1.445E+03  2.744E-27  1.052E-16
1.432E+03  2.856E-27  1.085E-16
1.419E+03  2.973E-27  1.119E-16
1.406E+03  3.094E-27  1.154E-16
1.393E+03  3.220E-27  1.190E-16
1.380E+03  3.352E-27  1.227E-16
1.368E+03  3.489E-27  1.266E-16
1.355E+03  3.632E-27  1.305E-16
1.343E+03  3.780E-27  1.346E-16
1.330E+03  3.934E-27  1.389E-16
1.318E+03  4.095E-27  1.432E-16
1.306E+03  4.263E-27  1.477E-16
1.294E+03  4.437E-27  1.523E-16
1.282E+03  4.618E-27  1.571E-16
1.271E+03  4.807E-27  1.620E-16
1.259E+03  5.003E-27  1.671E-16
1.247E+03  5.208E-27  1.723E-16
1.236E+03  5.421E-27  1.777E-16
1.225E+03  5.642E-27  1.833E-16
1.213E+03  5.873E-27  1.890E-16
1.202E+03  6.113E-27  1.949E-16
1.191E+03  6.362E-27  2.010E-16
1.180E+03  6.622E-27  2.073E-16
1.169E+03  6.893E-27  2.138E-16
1.159E+03  7.174E-27  2.205E-16
1.148E+03  7.467E-27  2.274E-16
1.138E+03  7.772E-27  2.345E-16
1.127E+03  8.090E-27  2.419E-16
1.117E+03  8.420E-27  2.494E-16
1.107E+03  8.763E-27  2.572E-16
1.096E+03  9.121E-27  2.653E-16
1.086E+03  9.493E-27  2.736E-16
1.076E+03  9.880E-27  2.821E-16
1.067E+03  1.028E-26  2.909E-16
1.057E+03  1.070E-26  3.000E-16
1.047E+03  1.114E-26  3.094E-16
1.038E+03  1.159E-26  3.190E-16
1.028E+03  1.206E-26  3.290E-16
1.019E+03  1.256E-26  3.392E-16
1.009E+03  1.307E-26  3.498E-16
1.000E+03  1.360E-26  3.607E-16
9.908E+02  1.415E-26  3.719E-16
9.817E+02  1.473E-26  3.835E-16
9.727E+02  1.533E-26  3.955E-16
9.638E+02  1.595E-26  4.078E-16
9.550E+02  1.660E-26  4.205E-16
9.462E+02  1.728E-26  4.336E-16
9.376E+02  1.798E-26  4.471E-16
9.290E+02  1.871E-26  4.610E-16
9.204E+02  1.947E-26  4.753E-16
9.120E+02  2.026E-26  4.901E-16
9.036E+02  2.108E-26  5.053E-16
8.954E+02  2.194E-26  5.210E-16
8.872E+02  2.282E-26  5.371E-16
8.790E+02  2.375E-26  5.537E-16
8.710E+02  2.471E-26  5.709E-16
8.630E+02  2.571E-26  5.885E-16
8.551E+02  2.675E-26  6.067E-16
8.472E+02  2.783E-26  6.254E-16
8.395E+02  2.895E-26  6.447E-16
8.318E+02  3.012E-26  6.645E-16
8.241E+02  3.133E-26  6.850E-16
8.166E+02  3.260E-26  7.060E-16
8.091E+02  3.391E-26  7.277E-16
8.017E+02  3.527E-26  7.500E-16
7.943E+02  3.669E-26  7.730E-16
7.870E+02  3.816E-26  7.967E-16
7.798E+02  3.969E-26  8.211E-16
7.727E+02  4.129E-26  8.462E-16
7.656E+02  4.294E-26  8.721E-16
7.586E+02  4.466E-26  8.987E-16
7.516E+02  4.645E-26  9.262E-16
7.447E+02  4.832E-26  9.545E-16
7.379E+02  5.026E-26  9.837E-16
7.311E+02  5.227E-26  1.014E-15
7.244E+02  5.437E-26  1.045E-15
7.178E+02  5.655E-26  1.077E-15
7.112E+02  5.882E-26  1.110E-15
7.047E+02  6.118E-26  1.144E-15
6.982E+02  6.363E-26  1.179E-15
6.918E+02  6.618E-26  1.215E-15
6.855E+02  6.884E-26  1.252E-15
6.792E+02  7.160E-26  1.290E-15
6.730E+02  7.446E-26  1.329E-15
6.668E+02  7.743E-26  1.370E-15
6.607E+02  8.053E-26  1.411E-15
6.546E+02  8.375E-26  1.454E-15
6.486E+02  8.712E-26  1.499E-15
6.427E+02  9.061E-26  1.545E-15
6.368E+02  9.425E-26  1.592E-15
6.310E+02  9.804E-26  1.641E-15
6.252E+02  1.020E-25  1.691E-15
6.194E+02  1.061E-25  1.743E-15
6.138E+02  1.103E-25  1.796E-15
6.081E+02  1.148E-25  1.851E-15
6.026E+02  1.194E-25  1.908E-15
5.970E+02  1.242E-25  1.966E-15
5.916E+02  1.292E-25  2.027E-15
5.861E+02  1.343E-25  2.089E-15
5.808E+02  1.397E-25  2.153E-15
5.754E+02  1.454E-25  2.219E-15
5.702E+02  1.512E-25  2.287E-15
5.649E+02  1.573E-25  2.357E-15
5.598E+02  1.636E-25  2.429E-15
5.546E+02  1.702E-25  2.503E-15
5.495E+02  1.770E-25  2.580E-15
5.445E+02  1.841E-25  2.659E-15
5.395E+02  1.915E-25  2.741E-15
5.346E+02  1.992E-25  2.825E-15
5.297E+02  2.072E-25  2.911E-15
5.248E+02  2.155E-25  3.001E-15
5.200E+02  2.242E-25  3.093E-15
5.152E+02  2.332E-25  3.187E-15
5.105E+02  2.426E-25  3.285E-15
5.058E+02  2.523E-25  3.386E-15
5.012E+02  2.625E-25  3.489E-15
4.966E+02  2.730E-25  3.596E-15
4.920E+02  2.840E-25  3.706E-15
4.875E+02  2.954E-25  3.820E-15
4.831E+02  3.072E-25  3.937E-15
4.786E+02  3.196E-25  4.057E-15
4.742E+02  3.324E-25  4.182E-15
4.699E+02  3.457E-25  4.309E-15
4.656E+02  3.596E-25  4.441E-15
4.613E+02  3.740E-25  4.577E-15
4.571E+02  3.890E-25  4.717E-15
4.529E+02  4.046E-25  4.861E-15
4.487E+02  4.208E-25  5.009E-15
4.446E+02  4.377E-25  5.162E-15
4.406E+02  4.552E-25  5.320E-15
4.365E+02  4.734E-25  5.482E-15
4.325E+02  4.924E-25  5.649E-15
4.285E+02  5.121E-25  5.821E-15
4.246E+02  5.325E-25  5.998E-15
4.207E+02  5.538E-25  6.181E-15
4.169E+02  5.759E-25  6.369E-15
4.130E+02  5.989E-25  6.562E-15
4.093E+02  6.229E-25  6.762E-15
4.055E+02  6.477E-25  6.967E-15
4.018E+02  6.736E-25  7.179E-15
3.981E+02  7.004E-25  7.397E-15
3.945E+02  7.284E-25  7.621E-15
3.908E+02  7.574E-25  7.853E-15
3.873E+02  7.876E-25  8.091E-15
3.837E+02  8.190E-25  8.336E-15
3.802E+02  8.516E-25  8.589E-15
3.767E+02  8.855E-25  8.848E-15
3.733E+02  9.207E-25  9.116E-15
3.698E+02  9.573E-25  9.391E-15
3.664E+02  9.954E-25  9.675E-15
3.631E+02  1.035E-24  9.967E-15
3.597E+02  1.076E-24  1.027E-14
3.565E+02  1.119E-24  1.058E-14
3.532E+02  1.163E-24  1.089E-14
3.499E+02  1.209E-24  1.122E-14
3.467E+02  1.257E-24  1.156E-14
3.436E+02  1.306E-24  1.191E-14
3.404E+02  1.358E-24  1.226E-14
3.373E+02  1.412E-24  1.263E-14
3.342E+02  1.467E-24  1.301E-14
3.311E+02  1.525E-24  1.339E-14
3.281E+02  1.585E-24  1.379E-14
3.251E+02  1.647E-24  1.420E-14
3.221E+02  1.712E-24  1.463E-14
3.192E+02  1.779E-24  1.506E-14
3.162E+02  1.849E-24  1.551E-14
3.133E+02  1.921E-24  1.597E-14
3.105E+02  1.996E-24  1.644E-14
3.076E+02  2.074E-24  1.692E-14
3.048E+02  2.155E-24  1.742E-14
3.020E+02  2.239E-24  1.793E-14
2.992E+02  2.326E-24  1.846E-14
2.965E+02  2.416E-24  1.900E-14
2.938E+02  2.510E-24  1.956E-14
2.911E+02  2.607E-24  2.013E-14
2.884E+02  2.708E-24  2.072E-14
2.858E+02  2.812E-24  2.132E-14
2.831E+02  2.921E-24  2.194E-14
2.805E+02  3.033E-24  2.257E-14
2.780E+02  3.150E-24  2.323E-14
2.754E+02  3.271E-24  2.390E-14
2.729E+02  3.397E-24  2.459E-14
2.704E+02  3.527E-24  2.530E-14
2.679E+02  3.662E-24  2.603E-14
2.655E+02  3.803E-24  2.678E-14
2.630E+02  3.948E-24  2.755E-14
2.606E+02  4.099E-24  2.834E-14
2.582E+02  4.255E-24  2.915E-14
2.559E+02  4.416E-24  2.997E-14
2.535E+02  4.583E-24  3.082E-14
2.512E+02  4.754E-24  3.168E-14
2.489E+02  4.929E-24  3.254E-14
2.466E+02  5.107E-24  3.341E-14
2.443E+02  5.290E-24  3.429E-14
2.421E+02  5.478E-24  3.518E-14
2.399E+02  5.671E-24  3.608E-14
2.377E+02  5.867E-24  3.699E-14
2.355E+02  6.069E-24  3.791E-14
2.333E+02  6.277E-24  3.885E-14
2.312E+02  6.492E-24  3.981E-14
2.291E+02  6.713E-24  4.079E-14
2.270E+02  6.941E-24  4.179E-14
2.249E+02  7.176E-24  4.281E-14
2.228E+02  7.418E-24  4.385E-14
2.208E+02  7.668E-24  4.491E-14
2.188E+02  7.925E-24  4.599E-14
2.168E+02  8.190E-24  4.709E-14
2.148E+02  8.462E-24  4.821E-14
2.128E+02  8.743E-24  4.935E-14
2.109E+02  9.032E-24  5.052E-14
2.089E+02  9.329E-24  5.170E-14
2.070E+02  9.634E-24  5.290E-14
2.051E+02  9.948E-24  5.412E-14
2.032E+02  1.027E-23  5.537E-14
2.014E+02  1.060E-23  5.664E-14
1.995E+02  1.095E-23  5.793E-14
1.977E+02  1.130E-23  5.924E-14
1.959E+02  1.166E-23  6.057E-14
1.941E+02  1.203E-23  6.193E-14
1.923E+02  1.241E-23  6.330E-14
1.905E+02  1.280E-23  6.470E-14
1.888E+02  1.320E-23  6.613E-14
1.871E+02  1.362E-23  6.757E-14
1.854E+02  1.404E-23  6.904E-14
1.837E+02  1.448E-23  7.054E-14
1.820E+02  1.493E-23  7.205E-14
1.803E+02  1.539E-23  7.359E-14
1.786E+02  1.586E-23  7.516E-14
1.770E+02  1.635E-23  7.675E-14
1.754E+02  1.684E-23  7.837E-14
1.738E+02  1.736E-23  8.001E-14
1.722E+02  1.788E-23  8.168E-14
1.706E+02  1.843E-23  8.339E-14
1.690E+02  1.898E-23  8.511E-14
1.675E+02  1.955E-23  8.687E-14
1.660E+02  2.014E-23  8.866E-14
1.644E+02  2.075E-23  9.049E-14
1.629E+02  2.137E-23  9.235E-14
1.614E+02  2.201E-23  9.424E-14
1.600E+02  2.267E-23  9.617E-14
1.585E+02  2.334E-23  9.814E-14
1.570E+02  2.404E-23  1.002E-13
1.556E+02  2.477E-23  1.022E-13
1.542E+02  2.551E-23  1.043E-13
1.528E+02  2.628E-23  1.065E-13
1.514E+02  2.707E-23  1.087E-13
1.500E+02  2.789E-23  1.110E-13
1.486E+02  2.873E-23  1.132E-13
1.472E+02  2.960E-23  1.156E-13
1.459E+02  3.048E-23  1.179E-13
1.445E+02  3.138E-23  1.203E-13
1.432E+02  3.228E-23  1.226E-13
1.419E+02  3.317E-23  1.249E-13
1.406E+02  3.405E-23  1.270E-13
1.393E+02  3.490E-23  1.290E-13
1.380E+02  3.571E-23  1.308E-13
1.368E+02  3.649E-23  1.324E-13
1.355E+02  3.724E-23  1.339E-13
1.343E+02  3.798E-23  1.353E-13
1.330E+02  3.870E-23  1.366E-13
1.318E+02  3.943E-23  1.379E-13
1.306E+02  4.017E-23  1.392E-13
1.294E+02  4.092E-23  1.405E-13
1.282E+02  4.169E-23  1.418E-13
1.271E+02  4.248E-23  1.432E-13
1.259E+02  4.329E-23  1.446E-13
1.247E+02  4.412E-23  1.460E-13
1.236E+02  4.497E-23  1.474E-13
1.225E+02  4.584E-23  1.489E-13
1.213E+02  4.673E-23  1.504E-13
1.202E+02  4.765E-23  1.520E-13
1.191E+02  4.858E-23  1.535E-13
1.180E+02  4.952E-23  1.551E-13
1.169E+02  5.048E-23  1.566E-13
1.159E+02  5.145E-23  1.582E-13
1.148E+02  5.245E-23  1.597E-13
1.138E+02  5.345E-23  1.613E-13
1.127E+02  5.447E-23  1.629E-13
1.117E+02  5.551E-23  1.645E-13
1.107E+02  5.656E-23  1.660E-13
1.096E+02  5.763E-23  1.676E-13
1.086E+02  5.871E-23  1.692E-13
1.076E+02  5.981E-23  1.708E-13
1.067E+02  6.091E-23  1.723E-13
1.057E+02  6.203E-23  1.739E-13
1.047E+02  6.315E-23  1.754E-13
1.038E+02  6.429E-23  1.769E-13
1.028E+02  6.543E-23  1.784E-13
1.019E+02  6.657E-23  1.799E-13
1.009E+02  6.773E-23  1.813E-13
1.000E+02  6.889E-23  1.827E-13
9.908E+01  7.004E-23  1.841E-13
9.817E+01  7.121E-23  1.855E-13
9.727E+01  7.238E-23  1.868E-13
9.638E+01  7.356E-23  1.881E-13
9.550E+01  7.474E-23  1.893E-13
9.462E+01  7.592E-23  1.906E-13
9.376E+01  7.710E-23  1.917E-13
9.290E+01  7.828E-23  1.929E-13
9.204E+01  7.946E-23  1.940E-13
9.120E+01  8.064E-23  1.951E-13
9.036E+01  8.182E-23  1.961E-13
8.954E+01  8.300E-23  1.971E-13
8.872E+01  8.417E-23  1.981E-13
8.790E+01  8.535E-23  1.990E-13
8.710E+01  8.651E-23  1.999E-13
8.630E+01  8.768E-23  2.007E-13
8.551E+01  8.885E-23  2.015E-13
8.472E+01  8.998E-23  2.022E-13
8.395E+01  9.113E-23  2.029E-13
8.318E+01  9.228E-23  2.036E-13
8.241E+01  9.341E-23  2.042E-13
8.166E+01  9.454E-23  2.048E-13
8.091E+01  9.566E-23  2.053E-13
8.017E+01  9.677E-23  2.058E-13
7.943E+01  9.787E-23  2.062E-13
7.870E+01  9.895E-23  2.066E-13
7.798E+01  1.000E-22  2.069E-13
7.727E+01  1.011E-22  2.072E-13
7.656E+01  1.021E-22  2.074E-13
7.586E+01  1.032E-22  2.076E-13
7.516E+01  1.042E-22  2.077E-13
7.447E+01  1.052E-22  2.077E-13
7.379E+01  1.061E-22  2.077E-13
7.311E+01  1.071E-22  2.076E-13
7.244E+01  1.080E-22  2.075E-13
7.178E+01  1.089E-22  2.073E-13
7.112E+01  1.098E-22  2.071E-13
7.047E+01  1.106E-22  2.068E-13
6.982E+01  1.115E-22  2.065E-13
6.918E+01  1.124E-22  2.062E-13
6.855E+01  1.132E-22  2.058E-13
6.792E+01  1.140E-22  2.053E-13
6.730E+01  1.147E-22  2.048E-13
6.668E+01  1.155E-22  2.042E-13
6.607E+01  1.162E-22  2.036E-13
6.546E+01  1.169E-22  2.029E-13
6.486E+01  1.175E-22  2.022E-13
6.427E+01  1.182E-22  2.015E-13
6.368E+01  1.188E-22  2.007E-13
6.310E+01  1.194E-22  1.998E-13
6.252E+01  1.200E-22  1.989E-13
6.194E+01  1.205E-22  1.980E-13
6.138E+01  1.210E-22  1.970E-13
6.081E+01  1.215E-22  1.960E-13
6.026E+01  1.220E-22  1.950E-13
5.970E+01  1.224E-22  1.939E-13
5.916E+01  1.228E-22  1.927E-13
5.861E+01  1.232E-22  1.915E-13
5.808E+01  1.235E-22  1.903E-13
5.754E+01  1.239E-22  1.891E-13
5.702E+01  1.242E-22  1.878E-13
5.649E+01  1.244E-22  1.865E-13
5.598E+01  1.247E-22  1.851E-13
5.546E+01  1.249E-22  1.838E-13
5.495E+01  1.251E-22  1.824E-13
5.445E+01  1.253E-22  1.810E-13
5.395E+01  1.254E-22  1.795E-13
5.346E+01  1.256E-22  1.781E-13
5.297E+01  1.257E-22  1.766E-13
5.248E+01  1.257E-22  1.750E-13
5.200E+01  1.258E-22  1.735E-13
5.152E+01  1.258E-22  1.719E-13
5.105E+01  1.258E-22  1.703E-13
5.058E+01  1.258E-22  1.687E-13
5.012E+01  1.257E-22  1.671E-13
4.966E+01  1.256E-22  1.655E-13
4.920E+01  1.255E-22  1.638E-13
4.875E+01  1.254E-22  1.622E-13
4.831E+01  1.252E-22  1.605E-13
4.786E+01  1.251E-22  1.588E-13
4.742E+01  1.249E-22  1.571E-13
4.699E+01  1.247E-22  1.554E-13
4.656E+01  1.244E-22  1.537E-13
4.613E+01  1.242E-22  1.519E-13
4.571E+01  1.239E-22  1.502E-13
4.529E+01  1.236E-22  1.484E-13
4.487E+01  1.232E-22  1.467E-13
4.446E+01  1.229E-22  1.449E-13
4.406E+01  1.225E-22  1.431E-13
4.365E+01  1.220E-22  1.413E-13
4.325E+01  1.216E-22  1.395E-13
4.285E+01  1.211E-22  1.376E-13
4.246E+01  1.205E-22  1.358E-13
4.207E+01  1.200E-22  1.339E-13
4.169E+01  1.194E-22  1.320E-13
4.130E+01  1.187E-22  1.301E-13
4.093E+01  1.180E-22  1.281E-13
4.055E+01  1.173E-22  1.261E-13
4.018E+01  1.164E-22  1.241E-13
3.981E+01  1.156E-22  1.220E-13
3.945E+01  1.146E-22  1.200E-13
3.908E+01  1.137E-22  1.178E-13
3.873E+01  1.126E-22  1.157E-13
3.837E+01  1.115E-22  1.135E-13
3.802E+01  1.103E-22  1.112E-13
3.767E+01  1.090E-22  1.089E-13
3.733E+01  1.076E-22  1.065E-13
3.698E+01  1.061E-22  1.041E-13
3.664E+01  1.046E-22  1.017E-13
3.631E+01  1.030E-22  9.916E-14
3.597E+01  1.012E-22  9.660E-14
3.565E+01  9.944E-23  9.402E-14
3.532E+01  9.755E-23  9.139E-14
3.499E+01  9.558E-23  8.872E-14
3.467E+01  9.352E-23  8.601E-14
3.436E+01  9.139E-23  8.328E-14
3.404E+01  8.918E-23  8.053E-14
3.373E+01  8.691E-23  7.776E-14
3.342E+01  8.458E-23  7.498E-14
3.311E+01  8.220E-23  7.220E-14
3.281E+01  7.979E-23  6.944E-14
3.251E+01  7.732E-23  6.668E-14
3.221E+01  7.485E-23  6.395E-14
3.192E+01  7.235E-23  6.125E-14
3.162E+01  6.985E-23  5.859E-14
3.133E+01  6.737E-23  5.599E-14
3.105E+01  6.490E-23  5.344E-14
3.076E+01  6.246E-23  5.096E-14
3.048E+01  6.006E-23  4.856E-14
3.020E+01  5.772E-23  4.624E-14
2.992E+01  5.543E-23  4.400E-14
2.965E+01  5.320E-23  4.184E-14
2.938E+01  5.105E-23  3.978E-14
2.911E+01  4.898E-23  3.781E-14
2.884E+01  4.698E-23  3.594E-14
2.858E+01  4.508E-23  3.417E-14
2.831E+01  4.326E-23  3.249E-14
2.805E+01  4.153E-23  3.091E-14
2.780E+01  3.990E-23  2.942E-14
2.754E+01  3.836E-23  2.802E-14
2.729E+01  3.689E-23  2.671E-14
2.704E+01  3.553E-23  2.548E-14
2.679E+01  3.425E-23  2.434E-14
2.655E+01  3.305E-23  2.327E-14
2.630E+01  3.194E-23  2.228E-14
2.606E+01  3.090E-23  2.136E-14
2.582E+01  2.993E-23  2.050E-14
2.559E+01  2.904E-23  1.971E-14
2.535E+01  2.822E-23  1.898E-14
2.512E+01  2.747E-23  1.830E-14
2.489E+01  2.677E-23  1.767E-14
2.466E+01  2.613E-23  1.709E-14
2.443E+01  2.554E-23  1.655E-14
2.421E+01  2.500E-23  1.606E-14
2.399E+01  2.451E-23  1.560E-14
2.377E+01  2.407E-23  1.518E-14
2.355E+01  2.367E-23  1.479E-14
2.333E+01  2.332E-23  1.443E-14
2.312E+01  2.300E-23  1.410E-14
2.291E+01  2.271E-23  1.380E-14
2.270E+01  2.246E-23  1.352E-14
2.249E+01  2.224E-23  1.327E-14
2.228E+01  2.206E-23  1.304E-14
2.208E+01  2.190E-23  1.283E-14
2.188E+01  2.177E-23  1.263E-14
2.168E+01  2.165E-23  1.245E-14
2.148E+01  2.156E-23  1.228E-14
2.128E+01  2.149E-23  1.213E-14
2.109E+01  2.145E-23  1.200E-14
2.089E+01  2.142E-23  1.187E-14
2.070E+01  2.141E-23  1.176E-14
2.051E+01  2.142E-23  1.166E-14
2.032E+01  2.146E-23  1.157E-14
2.014E+01  2.151E-23  1.149E-14
1.995E+01  2.159E-23  1.143E-14
1.977E+01  2.169E-23  1.137E-14
1.959E+01  2.180E-23  1.133E-14
1.941E+01  2.194E-23  1.130E-14
1.923E+01  2.211E-23  1.128E-14
1.905E+01  2.232E-23  1.128E-14
1.888E+01  2.257E-23  1.130E-14
1.871E+01  2.290E-23  1.136E-14
1.854E+01  2.333E-23  1.147E-14
1.837E+01  2.394E-23  1.166E-14
1.820E+01  2.488E-23  1.201E-14
1.803E+01  2.672E-23  1.278E-14
1.786E+01  2.973E-23  1.409E-14
1.770E+01  2.981E-23  1.400E-14
1.754E+01  3.274E-23  1.523E-14
1.738E+01  4.075E-23  1.878E-14
1.722E+01  3.772E-23  1.723E-14
1.706E+01  3.750E-23  1.697E-14
1.690E+01  3.646E-23  1.635E-14
1.675E+01  3.478E-23  1.545E-14
1.660E+01  3.591E-23  1.581E-14
1.644E+01  4.357E-23  1.900E-14
1.629E+01  3.186E-23  1.377E-14
1.614E+01  2.797E-23  1.198E-14
1.600E+01  2.898E-23  1.230E-14
1.585E+01  2.896E-23  1.217E-14
1.570E+01  2.467E-23  1.028E-14
1.556E+01  2.264E-23  9.343E-15
1.542E+01  2.166E-23  8.858E-15
1.528E+01  2.107E-23  8.538E-15
1.514E+01  2.067E-23  8.297E-15
1.500E+01  2.038E-23  8.107E-15
1.486E+01  2.018E-23  7.956E-15
1.472E+01  2.010E-23  7.851E-15
1.459E+01  2.020E-23  7.817E-15
1.445E+01  2.067E-23  7.927E-15
1.432E+01  2.198E-23  8.352E-15
1.419E+01  2.343E-23  8.819E-15
1.406E+01  2.205E-23  8.222E-15
1.393E+01  2.100E-23  7.759E-15
1.380E+01  2.131E-23  7.804E-15
1.368E+01  2.342E-23  8.496E-15
1.355E+01  2.430E-23  8.734E-15
1.343E+01  2.250E-23  8.013E-15
1.330E+01  2.258E-23  7.968E-15
1.318E+01  2.396E-23  8.377E-15
1.306E+01  2.666E-23  9.236E-15
1.294E+01  3.131E-23  1.075E-14
1.282E+01  3.879E-23  1.319E-14
1.271E+01  4.807E-23  1.620E-14
1.259E+01  5.210E-23  1.740E-14
1.247E+01  4.680E-23  1.549E-14
1.236E+01  4.026E-23  1.320E-14
1.225E+01  3.756E-23  1.220E-14
1.213E+01  3.835E-23  1.234E-14
1.202E+01  3.978E-23  1.269E-14
1.191E+01  3.840E-23  1.213E-14
1.180E+01  3.536E-23  1.107E-14
1.169E+01  3.440E-23  1.067E-14
1.159E+01  3.828E-23  1.177E-14
1.148E+01  5.129E-23  1.562E-14
1.138E+01  7.871E-23  2.375E-14
1.127E+01  1.098E-22  3.282E-14
1.117E+01  7.496E-23  2.221E-14
1.107E+01  3.960E-23  1.162E-14
1.096E+01  2.702E-23  7.859E-15
1.086E+01  2.109E-23  6.078E-15
1.076E+01  1.784E-23  5.095E-15
1.067E+01  1.587E-23  4.491E-15
1.057E+01  1.459E-23  4.091E-15
1.047E+01  1.372E-23  3.810E-15
1.038E+01  1.310E-23  3.604E-15
1.028E+01  1.264E-23  3.448E-15
1.019E+01  1.232E-23  3.328E-15
1.009E+01  1.209E-23  3.236E-15
1.000E+01  1.194E-23  3.168E-15
9.908E+00  1.188E-23  3.121E-15
9.817E+00  1.188E-23  3.094E-15
9.727E+00  1.196E-23  3.086E-15
9.638E+00  1.211E-23  3.097E-15
9.550E+00  1.235E-23  3.128E-15
9.462E+00  1.267E-23  3.181E-15
9.376E+00  1.311E-23  3.260E-15
9.290E+00  1.369E-23  3.375E-15
9.204E+00  1.449E-23  3.539E-15
9.120E+00  1.561E-23  3.777E-15
9.036E+00  1.723E-23  4.130E-15
8.954E+00  1.968E-23  4.674E-15
8.872E+00  2.357E-23  5.546E-15
8.790E+00  2.996E-23  6.986E-15
8.710E+00  3.974E-23  9.182E-15
8.630E+00  4.890E-23  1.119E-14
8.551E+00  4.776E-23  1.083E-14
8.472E+00  4.140E-23  9.304E-15
8.395E+00  3.813E-23  8.492E-15
8.318E+00  3.791E-23  8.364E-15
8.241E+00  3.955E-23  8.646E-15
8.166E+00  4.374E-23  9.474E-15
8.091E+00  5.176E-23  1.111E-14
8.017E+00  6.462E-23  1.374E-14
7.943E+00  8.164E-23  1.720E-14
7.870E+00  9.720E-23  2.029E-14
7.798E+00  1.046E-22  2.163E-14
7.727E+00  1.089E-22  2.232E-14
7.656E+00  1.165E-22  2.366E-14
7.586E+00  1.152E-22  2.317E-14
7.516E+00  9.517E-23  1.897E-14
7.447E+00  7.217E-23  1.426E-14
7.379E+00  5.556E-23  1.087E-14
7.311E+00  4.451E-23  8.632E-15
7.244E+00  3.686E-23  7.084E-15
7.178E+00  3.133E-23  5.964E-15
7.112E+00  2.724E-23  5.138E-15
7.047E+00  2.427E-23  4.537E-15
6.982E+00  2.226E-23  4.122E-15
6.918E+00  2.110E-23  3.872E-15
6.855E+00  2.070E-23  3.764E-15
6.792E+00  2.084E-23  3.755E-15
6.730E+00  2.106E-23  3.760E-15
6.668E+00  2.081E-23  3.681E-15
6.607E+00  2.011E-23  3.524E-15
6.546E+00  1.967E-23  3.415E-15
6.486E+00  2.043E-23  3.516E-15
6.427E+00  2.358E-23  4.020E-15
6.368E+00  3.148E-23  5.317E-15
6.310E+00  4.950E-23  8.284E-15
6.252E+00  8.055E-23  1.336E-14
6.194E+00  8.209E-23  1.349E-14
6.138E+00  4.931E-23  8.028E-15
6.081E+00  2.891E-23  4.664E-15
6.026E+00  1.941E-23  3.102E-15
5.970E+00  1.487E-23  2.355E-15
5.916E+00  1.282E-23  2.012E-15
5.861E+00  1.242E-23  1.931E-15
5.808E+00  1.357E-23  2.090E-15
5.754E+00  1.609E-23  2.456E-15
5.702E+00  1.756E-23  2.656E-15
5.649E+00  1.498E-23  2.245E-15
5.598E+00  1.116E-23  1.658E-15
5.546E+00  8.522E-24  1.254E-15
5.495E+00  6.982E-24  1.018E-15
5.445E+00  6.150E-24  8.882E-16
5.395E+00  5.845E-24  8.365E-16
5.346E+00  6.132E-24  8.695E-16
5.297E+00  7.224E-24  1.015E-15
5.248E+00  8.026E-24  1.117E-15
5.200E+00  6.495E-24  8.959E-16
5.152E+00  4.903E-24  6.701E-16
5.105E+00  4.029E-24  5.456E-16
5.058E+00  3.541E-24  4.751E-16
5.012E+00  3.236E-24  4.302E-16
4.966E+00  3.025E-24  3.984E-16
4.920E+00  2.867E-24  3.742E-16
4.875E+00  2.742E-24  3.546E-16
4.831E+00  2.641E-24  3.383E-16
4.786E+00  2.555E-24  3.244E-16
4.742E+00  2.481E-24  3.121E-16
4.699E+00  2.417E-24  3.013E-16
4.656E+00  2.361E-24  2.915E-16
4.613E+00  2.310E-24  2.827E-16
4.571E+00  2.265E-24  2.746E-16
4.529E+00  2.224E-24  2.672E-16
4.487E+00  2.187E-24  2.603E-16
4.446E+00  2.153E-24  2.539E-16
4.406E+00  2.122E-24  2.480E-16
4.365E+00  2.094E-24  2.424E-16
4.325E+00  2.068E-24  2.373E-16
4.285E+00  2.044E-24  2.324E-16
4.246E+00  2.023E-24  2.278E-16
4.207E+00  2.003E-24  2.236E-16
4.169E+00  1.986E-24  2.196E-16
4.130E+00  1.970E-24  2.158E-16
4.093E+00  1.956E-24  2.123E-16
4.055E+00  1.943E-24  2.090E-16
4.018E+00  1.933E-24  2.060E-16
3.981E+00  1.924E-24  2.032E-16
3.945E+00  1.918E-24  2.007E-16
3.908E+00  1.914E-24  1.985E-16
3.873E+00  1.913E-24  1.966E-16
3.837E+00  1.916E-24  1.950E-16
3.802E+00  1.922E-24  1.939E-16
3.767E+00  1.934E-24  1.933E-16
3.733E+00  1.952E-24  1.932E-16
3.698E+00  1.978E-24  1.940E-16
3.664E+00  2.014E-24  1.958E-16
3.631E+00  2.066E-24  1.990E-16
3.597E+00  2.139E-24  2.041E-16
3.565E+00  2.244E-24  2.122E-16
3.532E+00  2.398E-24  2.247E-16
3.499E+00  2.633E-24  2.445E-16
3.467E+00  3.014E-24  2.772E-16
3.436E+00  3.680E-24  3.354E-16
3.404E+00  4.996E-24  4.511E-16
3.373E+00  8.138E-24  7.281E-16
3.342E+00  1.855E-23  1.644E-15
3.311E+00  7.017E-23  6.164E-15
3.281E+00  4.792E-23  4.170E-15
3.251E+00  1.368E-23  1.180E-15
3.221E+00  6.533E-24  5.582E-16
3.192E+00  4.166E-24  3.527E-16
3.162E+00  3.121E-24  2.618E-16
3.133E+00  2.571E-24  2.137E-16
3.105E+00  2.246E-24  1.849E-16
3.076E+00  2.037E-24  1.662E-16
3.048E+00  1.893E-24  1.531E-16
3.020E+00  1.790E-24  1.434E-16
2.992E+00  1.712E-24  1.359E-16
2.965E+00  1.651E-24  1.299E-16
2.938E+00  1.603E-24  1.249E-16
2.911E+00  1.562E-24  1.206E-16
2.884E+00  1.528E-24  1.169E-16
2.858E+00  1.499E-24  1.136E-16
2.831E+00  1.473E-24  1.106E-16
2.805E+00  1.450E-24  1.079E-16
2.780E+00  1.429E-24  1.053E-16
2.754E+00  1.409E-24  1.030E-16
2.729E+00  1.391E-24  1.007E-16
2.704E+00  1.375E-24  9.859E-17
2.679E+00  1.359E-24  9.655E-17
2.655E+00  1.343E-24  9.459E-17
2.630E+00  1.329E-24  9.270E-17
2.606E+00  1.315E-24  9.087E-17
2.582E+00  1.301E-24  8.910E-17
2.559E+00  1.287E-24  8.737E-17
2.535E+00  1.274E-24  8.568E-17
2.512E+00  1.261E-24  8.403E-17
2.489E+00  1.248E-24  8.241E-17
2.466E+00  1.236E-24  8.082E-17
2.443E+00  1.223E-24  7.925E-17
2.421E+00  1.210E-24  7.771E-17
2.399E+00  1.198E-24  7.621E-17
2.377E+00  1.185E-24  7.474E-17
2.355E+00  1.173E-24  7.329E-17
2.333E+00  1.161E-24  7.186E-17
2.312E+00  1.149E-24  7.045E-17
2.291E+00  1.137E-24  6.907E-17
2.270E+00  1.124E-24  6.770E-17
2.249E+00  1.112E-24  6.635E-17
2.228E+00  1.100E-24  6.500E-17
2.208E+00  1.087E-24  6.367E-17
2.188E+00  1.074E-24  6.233E-17
2.168E+00  1.061E-24  6.100E-17
2.148E+00  1.047E-24  5.966E-17
2.128E+00  1.033E-24  5.831E-17
2.109E+00  1.018E-24  5.694E-17
2.089E+00  1.002E-24  5.553E-17
2.070E+00  9.849E-25  5.408E-17
2.051E+00  9.662E-25  5.257E-17
2.032E+00  9.456E-25  5.098E-17
2.014E+00  9.226E-25  4.928E-17
1.995E+00  8.968E-25  4.746E-17
1.977E+00  8.682E-25  4.553E-17
1.959E+00  8.376E-25  4.352E-17
1.941E+00  8.080E-25  4.160E-17
1.923E+00  7.847E-25  4.003E-17
1.905E+00  7.734E-25  3.909E-17
1.888E+00  7.759E-25  3.886E-17
1.871E+00  7.882E-25  3.911E-17
1.854E+00  8.036E-25  3.951E-17
1.837E+00  8.173E-25  3.981E-17
1.820E+00  8.271E-25  3.992E-17
1.803E+00  8.330E-25  3.984E-17
1.786E+00  8.356E-25  3.960E-17
1.770E+00  8.355E-25  3.923E-17
1.754E+00  8.336E-25  3.878E-17
1.738E+00  8.302E-25  3.827E-17
1.722E+00  8.259E-25  3.772E-17
1.706E+00  8.208E-25  3.715E-17
1.690E+00  8.153E-25  3.656E-17
1.675E+00  8.096E-25  3.597E-17
1.660E+00  8.036E-25  3.538E-17
1.644E+00  7.976E-25  3.479E-17
1.629E+00  7.916E-25  3.421E-17
1.614E+00  7.858E-25  3.365E-17
1.600E+00  7.802E-25  3.310E-17
1.585E+00  7.749E-25  3.258E-17
1.570E+00  7.700E-25  3.208E-17
1.556E+00  7.656E-25  3.160E-17
1.542E+00  7.618E-25  3.115E-17
1.528E+00  7.587E-25  3.074E-17
1.514E+00  7.565E-25  3.037E-17
1.500E+00  7.553E-25  3.004E-17
1.486E+00  7.552E-25  2.976E-17
1.472E+00  7.564E-25  2.954E-17
1.459E+00  7.592E-25  2.938E-17
1.445E+00  7.640E-25  2.929E-17
1.432E+00  7.711E-25  2.929E-17
1.419E+00  7.808E-25  2.939E-17
1.406E+00  7.938E-25  2.960E-17
1.393E+00  8.106E-25  2.996E-17
1.380E+00  8.322E-25  3.047E-17
1.368E+00  8.593E-25  3.118E-17
1.355E+00  8.929E-25  3.210E-17
1.343E+00  9.339E-25  3.326E-17
1.330E+00  9.825E-25  3.467E-17
1.318E+00  1.038E-24  3.629E-17
1.306E+00  1.097E-24  3.800E-17
1.294E+00  1.152E-24  3.956E-17
1.282E+00  1.193E-24  4.058E-17
1.271E+00  1.205E-24  4.061E-17
1.259E+00  1.178E-24  3.935E-17
1.247E+00  1.114E-24  3.685E-17
1.236E+00  1.024E-24  3.357E-17
1.225E+00  9.255E-25  3.007E-17
1.213E+00  8.324E-25  2.679E-17
1.202E+00  7.520E-25  2.398E-17
1.191E+00  6.866E-25  2.170E-17
1.180E+00  6.360E-25  1.991E-17
1.169E+00  5.986E-25  1.857E-17
1.159E+00  5.730E-25  1.761E-17
1.148E+00  5.584E-25  1.701E-17
1.138E+00  5.547E-25  1.674E-17
1.127E+00  5.629E-25  1.683E-17
1.117E+00  5.856E-25  1.735E-17
1.107E+00  6.270E-25  1.841E-17
1.096E+00  6.948E-25  2.021E-17
1.086E+00  7.997E-25  2.304E-17
1.076E+00  9.521E-25  2.719E-17
1.067E+00  1.143E-24  3.235E-17
1.057E+00  1.296E-24  3.634E-17
1.047E+00  1.270E-24  3.528E-17
1.038E+00  1.054E-24  2.900E-17
1.028E+00  7.982E-25  2.177E-17
1.019E+00  6.001E-25  1.621E-17
1.009E+00  4.659E-25  1.247E-17
1.000E+00  3.770E-25  9.999E-18
