Dust emission from Draine & Li (2007): ApJ 657, 810-837
================================================================
         7 = grain model
 4.000E-08 4.000E-01 4.500E-05 = a_01 (cm) , sigma_1 , b_C1/0.92
 2.500E-07 4.000E-01 1.500E-05 = a_02 (cm) , sigma_2 , b_C2/0.92
 1.000E+01 1.000E+04 2.000E+00 = Umin , Umax, beta (dN/dU propto U^{-beta})
 6.915E+01 = <U> 
     mmp83 = radfield
 3.161E-22 = power/H (erg s-1)
 band   nu*P_nu(band) j_nu(band)
 (um)   (erg s-1 H-1)(Jy cm2 sr-1 H-1)
1.270E+00  1.269E-24  4.274E-17 COBE-DIRBE
2.220E+00  1.623E-24  9.556E-17 COBE-DIRBE
3.530E+00  1.057E-23  9.895E-16 COBE-DIRBE
4.880E+00  4.942E-24  6.398E-16 COBE-DIRBE
1.229E+01  4.794E-23  1.563E-14 COBE-DIRBE
2.079E+01  5.355E-23  2.953E-14 COBE-DIRBE
5.599E+01  1.640E-22  2.435E-13 COBE-DIRBE
9.770E+01  8.101E-23  2.100E-13 COBE-DIRBE
1.479E+02  3.272E-23  1.284E-13 COBE-DIRBE
2.479E+02  6.277E-24  4.127E-14 COBE-DIRBE
1.200E+01  5.002E-23  1.592E-14 IRAS
2.500E+01  6.649E-23  4.409E-14 IRAS
6.000E+01  1.560E-22  2.483E-13 IRAS
1.000E+02  7.708E-23  2.045E-13 IRAS
3.550E+00  1.229E-23  1.157E-15 SST-IRAC
4.493E+00  3.459E-24  4.122E-16 SST-IRAC
5.731E+00  2.952E-23  4.488E-15 SST-IRAC
7.872E+00  7.112E-23  1.485E-14 SST-IRAC
2.368E+01  5.866E-23  3.685E-14 SST-MIPS
7.142E+01  1.194E-22  2.262E-13 SST-MIPS
1.559E+02  2.565E-23  1.061E-13 SST-MIPS
1.600E+01  4.206E-23  1.785E-14 SST-IRSPU
2.200E+01  5.729E-23  3.344E-14 SST-IRSPU











lambda    nu*dP/dnu     j_nu
 (um)   (erg s-1 H-1)(Jy cm2 sr-1 H-1)
1.000E+04  9.648E-31  2.559E-19
9.908E+03  1.000E-30  2.629E-19
9.817E+03  1.037E-30  2.700E-19
9.727E+03  1.075E-30  2.773E-19
9.638E+03  1.114E-30  2.848E-19
9.550E+03  1.155E-30  2.926E-19
9.462E+03  1.197E-30  3.005E-19
9.376E+03  1.241E-30  3.087E-19
9.290E+03  1.287E-30  3.170E-19
9.204E+03  1.334E-30  3.256E-19
9.120E+03  1.383E-30  3.345E-19
9.036E+03  1.433E-30  3.436E-19
8.954E+03  1.486E-30  3.528E-19
8.872E+03  1.540E-30  3.623E-19
8.790E+03  1.596E-30  3.721E-19
8.710E+03  1.654E-30  3.822E-19
8.630E+03  1.715E-30  3.925E-19
8.551E+03  1.777E-30  4.031E-19
8.472E+03  1.842E-30  4.140E-19
8.395E+03  1.910E-30  4.252E-19
8.318E+03  1.979E-30  4.367E-19
8.241E+03  2.052E-30  4.486E-19
8.166E+03  2.127E-30  4.608E-19
8.091E+03  2.205E-30  4.733E-19
8.017E+03  2.286E-30  4.862E-19
7.943E+03  2.370E-30  4.994E-19
7.870E+03  2.457E-30  5.130E-19
7.798E+03  2.548E-30  5.270E-19
7.727E+03  2.641E-30  5.414E-19
7.656E+03  2.739E-30  5.562E-19
7.586E+03  2.840E-30  5.714E-19
7.516E+03  2.944E-30  5.870E-19
7.447E+03  3.053E-30  6.031E-19
7.379E+03  3.166E-30  6.196E-19
7.311E+03  3.283E-30  6.366E-19
7.244E+03  3.404E-30  6.541E-19
7.178E+03  3.530E-30  6.721E-19
7.112E+03  3.661E-30  6.906E-19
7.047E+03  3.796E-30  7.096E-19
6.982E+03  3.937E-30  7.291E-19
6.918E+03  4.082E-30  7.492E-19
6.855E+03  4.233E-30  7.698E-19
6.792E+03  4.390E-30  7.910E-19
6.730E+03  4.553E-30  8.128E-19
6.668E+03  4.722E-30  8.352E-19
6.607E+03  4.897E-30  8.583E-19
6.546E+03  5.079E-30  8.820E-19
6.486E+03  5.268E-30  9.064E-19
6.427E+03  5.464E-30  9.316E-19
6.368E+03  5.668E-30  9.574E-19
6.310E+03  5.879E-30  9.840E-19
6.252E+03  6.098E-30  1.011E-18
6.194E+03  6.326E-30  1.039E-18
6.138E+03  6.562E-30  1.068E-18
6.081E+03  6.807E-30  1.098E-18
6.026E+03  7.062E-30  1.129E-18
5.970E+03  7.326E-30  1.160E-18
5.916E+03  7.600E-30  1.193E-18
5.861E+03  7.885E-30  1.226E-18
5.808E+03  8.181E-30  1.260E-18
5.754E+03  8.488E-30  1.296E-18
5.702E+03  8.806E-30  1.332E-18
5.649E+03  9.137E-30  1.369E-18
5.598E+03  9.481E-30  1.408E-18
5.546E+03  9.837E-30  1.447E-18
5.495E+03  1.021E-29  1.488E-18
5.445E+03  1.059E-29  1.530E-18
5.395E+03  1.099E-29  1.573E-18
5.346E+03  1.141E-29  1.617E-18
5.297E+03  1.184E-29  1.663E-18
5.248E+03  1.228E-29  1.710E-18
5.200E+03  1.275E-29  1.758E-18
5.152E+03  1.323E-29  1.808E-18
5.105E+03  1.373E-29  1.859E-18
5.058E+03  1.425E-29  1.912E-18
5.012E+03  1.479E-29  1.966E-18
4.966E+03  1.535E-29  2.022E-18
4.920E+03  1.593E-29  2.079E-18
4.875E+03  1.653E-29  2.138E-18
4.831E+03  1.716E-29  2.199E-18
4.786E+03  1.781E-29  2.262E-18
4.742E+03  1.849E-29  2.326E-18
4.699E+03  1.919E-29  2.392E-18
4.656E+03  1.992E-29  2.461E-18
4.613E+03  2.068E-29  2.531E-18
4.571E+03  2.147E-29  2.603E-18
4.529E+03  2.229E-29  2.678E-18
4.487E+03  2.314E-29  2.754E-18
4.446E+03  2.402E-29  2.833E-18
4.406E+03  2.494E-29  2.915E-18
4.365E+03  2.590E-29  2.998E-18
4.325E+03  2.689E-29  3.085E-18
4.285E+03  2.792E-29  3.173E-18
4.246E+03  2.899E-29  3.265E-18
4.207E+03  3.010E-29  3.359E-18
4.169E+03  3.125E-29  3.456E-18
4.130E+03  3.245E-29  3.556E-18
4.093E+03  3.370E-29  3.659E-18
4.055E+03  3.500E-29  3.764E-18
4.018E+03  3.634E-29  3.873E-18
3.981E+03  3.774E-29  3.986E-18
3.945E+03  3.919E-29  4.101E-18
3.908E+03  4.070E-29  4.220E-18
3.873E+03  4.227E-29  4.342E-18
3.837E+03  4.390E-29  4.468E-18
3.802E+03  4.559E-29  4.598E-18
3.767E+03  4.736E-29  4.732E-18
3.733E+03  4.919E-29  4.870E-18
3.698E+03  5.109E-29  5.012E-18
3.664E+03  5.307E-29  5.158E-18
3.631E+03  5.512E-29  5.309E-18
3.597E+03  5.726E-29  5.464E-18
3.565E+03  5.948E-29  5.624E-18
3.532E+03  6.179E-29  5.789E-18
3.499E+03  6.420E-29  5.959E-18
3.467E+03  6.669E-29  6.134E-18
3.436E+03  6.929E-29  6.315E-18
3.404E+03  7.199E-29  6.500E-18
3.373E+03  7.480E-29  6.692E-18
3.342E+03  7.772E-29  6.889E-18
3.311E+03  8.075E-29  7.093E-18
3.281E+03  8.391E-29  7.302E-18
3.251E+03  8.719E-29  7.519E-18
3.221E+03  9.060E-29  7.741E-18
3.192E+03  9.415E-29  7.971E-18
3.162E+03  9.784E-29  8.207E-18
3.133E+03  1.017E-28  8.451E-18
3.105E+03  1.057E-28  8.702E-18
3.076E+03  1.098E-28  8.961E-18
3.048E+03  1.141E-28  9.228E-18
3.020E+03  1.186E-28  9.503E-18
2.992E+03  1.233E-28  9.786E-18
2.965E+03  1.281E-28  1.008E-17
2.938E+03  1.332E-28  1.038E-17
2.911E+03  1.384E-28  1.069E-17
2.884E+03  1.438E-28  1.100E-17
2.858E+03  1.495E-28  1.133E-17
2.831E+03  1.554E-28  1.167E-17
2.805E+03  1.615E-28  1.202E-17
2.780E+03  1.679E-28  1.238E-17
2.754E+03  1.746E-28  1.275E-17
2.729E+03  1.815E-28  1.314E-17
2.704E+03  1.886E-28  1.353E-17
2.679E+03  1.961E-28  1.394E-17
2.655E+03  2.039E-28  1.436E-17
2.630E+03  2.120E-28  1.479E-17
2.606E+03  2.204E-28  1.523E-17
2.582E+03  2.291E-28  1.569E-17
2.559E+03  2.382E-28  1.617E-17
2.535E+03  2.477E-28  1.666E-17
2.512E+03  2.576E-28  1.716E-17
2.489E+03  2.678E-28  1.768E-17
2.466E+03  2.785E-28  1.822E-17
2.443E+03  2.896E-28  1.877E-17
2.421E+03  3.011E-28  1.934E-17
2.399E+03  3.132E-28  1.993E-17
2.377E+03  3.257E-28  2.053E-17
2.355E+03  3.387E-28  2.116E-17
2.333E+03  3.523E-28  2.180E-17
2.312E+03  3.664E-28  2.247E-17
2.291E+03  3.810E-28  2.315E-17
2.270E+03  3.963E-28  2.386E-17
2.249E+03  4.122E-28  2.459E-17
2.228E+03  4.287E-28  2.534E-17
2.208E+03  4.460E-28  2.612E-17
2.188E+03  4.639E-28  2.692E-17
2.168E+03  4.825E-28  2.774E-17
2.148E+03  5.019E-28  2.860E-17
2.128E+03  5.221E-28  2.947E-17
2.109E+03  5.431E-28  3.038E-17
2.089E+03  5.650E-28  3.131E-17
2.070E+03  5.878E-28  3.228E-17
2.051E+03  6.115E-28  3.327E-17
2.032E+03  6.361E-28  3.429E-17
2.014E+03  6.618E-28  3.535E-17
1.995E+03  6.885E-28  3.644E-17
1.977E+03  7.163E-28  3.756E-17
1.959E+03  7.452E-28  3.872E-17
1.941E+03  7.753E-28  3.992E-17
1.923E+03  8.067E-28  4.115E-17
1.905E+03  8.393E-28  4.242E-17
1.888E+03  8.732E-28  4.373E-17
1.871E+03  9.086E-28  4.509E-17
1.854E+03  9.454E-28  4.648E-17
1.837E+03  9.837E-28  4.792E-17
1.820E+03  1.024E-27  4.941E-17
1.803E+03  1.065E-27  5.094E-17
1.786E+03  1.108E-27  5.252E-17
1.770E+03  1.153E-27  5.415E-17
1.754E+03  1.200E-27  5.583E-17
1.738E+03  1.249E-27  5.757E-17
1.722E+03  1.300E-27  5.935E-17
1.706E+03  1.352E-27  6.120E-17
1.690E+03  1.407E-27  6.310E-17
1.675E+03  1.465E-27  6.507E-17
1.660E+03  1.524E-27  6.709E-17
1.644E+03  1.586E-27  6.918E-17
1.629E+03  1.651E-27  7.134E-17
1.614E+03  1.718E-27  7.356E-17
1.600E+03  1.788E-27  7.586E-17
1.585E+03  1.861E-27  7.822E-17
1.570E+03  1.936E-27  8.066E-17
1.556E+03  2.015E-27  8.318E-17
1.542E+03  2.097E-27  8.577E-17
1.528E+03  2.183E-27  8.845E-17
1.514E+03  2.272E-27  9.121E-17
1.500E+03  2.365E-27  9.406E-17
1.486E+03  2.461E-27  9.700E-17
1.472E+03  2.561E-27  1.000E-16
1.459E+03  2.666E-27  1.032E-16
1.445E+03  2.775E-27  1.064E-16
1.432E+03  2.888E-27  1.097E-16
1.419E+03  3.006E-27  1.132E-16
1.406E+03  3.129E-27  1.167E-16
1.393E+03  3.257E-27  1.204E-16
1.380E+03  3.390E-27  1.241E-16
1.368E+03  3.529E-27  1.280E-16
1.355E+03  3.673E-27  1.320E-16
1.343E+03  3.823E-27  1.362E-16
1.330E+03  3.980E-27  1.404E-16
1.318E+03  4.142E-27  1.448E-16
1.306E+03  4.312E-27  1.494E-16
1.294E+03  4.488E-27  1.541E-16
1.282E+03  4.672E-27  1.589E-16
1.271E+03  4.863E-27  1.639E-16
1.259E+03  5.061E-27  1.690E-16
1.247E+03  5.268E-27  1.743E-16
1.236E+03  5.484E-27  1.798E-16
1.225E+03  5.708E-27  1.854E-16
1.213E+03  5.941E-27  1.912E-16
1.202E+03  6.184E-27  1.972E-16
1.191E+03  6.437E-27  2.034E-16
1.180E+03  6.700E-27  2.098E-16
1.169E+03  6.974E-27  2.163E-16
1.159E+03  7.259E-27  2.231E-16
1.148E+03  7.556E-27  2.301E-16
1.138E+03  7.864E-27  2.373E-16
1.127E+03  8.186E-27  2.447E-16
1.117E+03  8.520E-27  2.524E-16
1.107E+03  8.868E-27  2.603E-16
1.096E+03  9.230E-27  2.684E-16
1.086E+03  9.607E-27  2.768E-16
1.076E+03  9.999E-27  2.855E-16
1.067E+03  1.041E-26  2.944E-16
1.057E+03  1.083E-26  3.036E-16
1.047E+03  1.127E-26  3.131E-16
1.038E+03  1.173E-26  3.229E-16
1.028E+03  1.221E-26  3.330E-16
1.019E+03  1.271E-26  3.433E-16
1.009E+03  1.322E-26  3.540E-16
1.000E+03  1.376E-26  3.651E-16
9.908E+02  1.432E-26  3.765E-16
9.817E+02  1.491E-26  3.882E-16
9.727E+02  1.552E-26  4.003E-16
9.638E+02  1.615E-26  4.128E-16
9.550E+02  1.680E-26  4.257E-16
9.462E+02  1.749E-26  4.390E-16
9.376E+02  1.820E-26  4.526E-16
9.290E+02  1.894E-26  4.667E-16
9.204E+02  1.971E-26  4.813E-16
9.120E+02  2.051E-26  4.962E-16
9.036E+02  2.134E-26  5.116E-16
8.954E+02  2.221E-26  5.275E-16
8.872E+02  2.311E-26  5.439E-16
8.790E+02  2.405E-26  5.607E-16
8.710E+02  2.502E-26  5.781E-16
8.630E+02  2.604E-26  5.960E-16
8.551E+02  2.709E-26  6.144E-16
8.472E+02  2.818E-26  6.334E-16
8.395E+02  2.932E-26  6.529E-16
8.318E+02  3.051E-26  6.731E-16
8.241E+02  3.174E-26  6.938E-16
8.166E+02  3.302E-26  7.151E-16
8.091E+02  3.435E-26  7.371E-16
8.017E+02  3.573E-26  7.598E-16
7.943E+02  3.717E-26  7.831E-16
7.870E+02  3.866E-26  8.071E-16
7.798E+02  4.021E-26  8.319E-16
7.727E+02  4.183E-26  8.573E-16
7.656E+02  4.351E-26  8.836E-16
7.586E+02  4.525E-26  9.106E-16
7.516E+02  4.707E-26  9.384E-16
7.447E+02  4.896E-26  9.672E-16
7.379E+02  5.093E-26  9.968E-16
7.311E+02  5.297E-26  1.027E-15
7.244E+02  5.510E-26  1.059E-15
7.178E+02  5.731E-26  1.091E-15
7.112E+02  5.961E-26  1.125E-15
7.047E+02  6.201E-26  1.159E-15
6.982E+02  6.450E-26  1.195E-15
6.918E+02  6.709E-26  1.231E-15
6.855E+02  6.978E-26  1.269E-15
6.792E+02  7.258E-26  1.308E-15
6.730E+02  7.548E-26  1.347E-15
6.668E+02  7.850E-26  1.389E-15
6.607E+02  8.164E-26  1.431E-15
6.546E+02  8.492E-26  1.475E-15
6.486E+02  8.833E-26  1.520E-15
6.427E+02  9.188E-26  1.566E-15
6.368E+02  9.558E-26  1.614E-15
6.310E+02  9.942E-26  1.664E-15
6.252E+02  1.034E-25  1.715E-15
6.194E+02  1.076E-25  1.768E-15
6.138E+02  1.119E-25  1.822E-15
6.081E+02  1.164E-25  1.878E-15
6.026E+02  1.211E-25  1.935E-15
5.970E+02  1.260E-25  1.995E-15
5.916E+02  1.310E-25  2.056E-15
5.861E+02  1.363E-25  2.119E-15
5.808E+02  1.418E-25  2.184E-15
5.754E+02  1.475E-25  2.251E-15
5.702E+02  1.534E-25  2.320E-15
5.649E+02  1.596E-25  2.392E-15
5.598E+02  1.660E-25  2.465E-15
5.546E+02  1.727E-25  2.541E-15
5.495E+02  1.796E-25  2.619E-15
5.445E+02  1.869E-25  2.699E-15
5.395E+02  1.944E-25  2.782E-15
5.346E+02  2.022E-25  2.868E-15
5.297E+02  2.104E-25  2.956E-15
5.248E+02  2.188E-25  3.046E-15
5.200E+02  2.276E-25  3.140E-15
5.152E+02  2.368E-25  3.236E-15
5.105E+02  2.463E-25  3.336E-15
5.058E+02  2.563E-25  3.438E-15
5.012E+02  2.666E-25  3.544E-15
4.966E+02  2.773E-25  3.653E-15
4.920E+02  2.885E-25  3.765E-15
4.875E+02  3.001E-25  3.880E-15
4.831E+02  3.121E-25  4.000E-15
4.786E+02  3.247E-25  4.122E-15
4.742E+02  3.377E-25  4.249E-15
4.699E+02  3.513E-25  4.379E-15
4.656E+02  3.654E-25  4.513E-15
4.613E+02  3.801E-25  4.652E-15
4.571E+02  3.954E-25  4.794E-15
4.529E+02  4.113E-25  4.941E-15
4.487E+02  4.278E-25  5.092E-15
4.446E+02  4.450E-25  5.248E-15
4.406E+02  4.628E-25  5.408E-15
4.365E+02  4.814E-25  5.574E-15
4.325E+02  5.007E-25  5.744E-15
4.285E+02  5.207E-25  5.920E-15
4.246E+02  5.416E-25  6.100E-15
4.207E+02  5.633E-25  6.287E-15
4.169E+02  5.859E-25  6.479E-15
4.130E+02  6.093E-25  6.676E-15
4.093E+02  6.337E-25  6.880E-15
4.055E+02  6.591E-25  7.090E-15
4.018E+02  6.855E-25  7.306E-15
3.981E+02  7.129E-25  7.528E-15
3.945E+02  7.414E-25  7.757E-15
3.908E+02  7.710E-25  7.994E-15
3.873E+02  8.019E-25  8.237E-15
3.837E+02  8.339E-25  8.488E-15
3.802E+02  8.672E-25  8.746E-15
3.767E+02  9.018E-25  9.011E-15
3.733E+02  9.378E-25  9.285E-15
3.698E+02  9.751E-25  9.566E-15
3.664E+02  1.014E-24  9.856E-15
3.631E+02  1.054E-24  1.015E-14
3.597E+02  1.096E-24  1.046E-14
3.565E+02  1.140E-24  1.078E-14
3.532E+02  1.185E-24  1.110E-14
3.499E+02  1.232E-24  1.144E-14
3.467E+02  1.281E-24  1.178E-14
3.436E+02  1.332E-24  1.214E-14
3.404E+02  1.385E-24  1.250E-14
3.373E+02  1.440E-24  1.288E-14
3.342E+02  1.496E-24  1.327E-14
3.311E+02  1.556E-24  1.366E-14
3.281E+02  1.617E-24  1.407E-14
3.251E+02  1.681E-24  1.449E-14
3.221E+02  1.747E-24  1.493E-14
3.192E+02  1.816E-24  1.537E-14
3.162E+02  1.887E-24  1.583E-14
3.133E+02  1.961E-24  1.630E-14
3.105E+02  2.038E-24  1.679E-14
3.076E+02  2.118E-24  1.728E-14
3.048E+02  2.201E-24  1.780E-14
3.020E+02  2.287E-24  1.832E-14
2.992E+02  2.376E-24  1.886E-14
2.965E+02  2.469E-24  1.942E-14
2.938E+02  2.565E-24  1.999E-14
2.911E+02  2.665E-24  2.058E-14
2.884E+02  2.769E-24  2.118E-14
2.858E+02  2.876E-24  2.180E-14
2.831E+02  2.987E-24  2.244E-14
2.805E+02  3.103E-24  2.309E-14
2.780E+02  3.223E-24  2.376E-14
2.754E+02  3.347E-24  2.445E-14
2.729E+02  3.477E-24  2.517E-14
2.704E+02  3.611E-24  2.590E-14
2.679E+02  3.750E-24  2.665E-14
2.655E+02  3.894E-24  2.742E-14
2.630E+02  4.044E-24  2.822E-14
2.606E+02  4.200E-24  2.903E-14
2.582E+02  4.360E-24  2.987E-14
2.559E+02  4.527E-24  3.072E-14
2.535E+02  4.698E-24  3.159E-14
2.512E+02  4.875E-24  3.248E-14
2.489E+02  5.055E-24  3.338E-14
2.466E+02  5.239E-24  3.427E-14
2.443E+02  5.428E-24  3.518E-14
2.421E+02  5.622E-24  3.610E-14
2.399E+02  5.821E-24  3.704E-14
2.377E+02  6.024E-24  3.798E-14
2.355E+02  6.233E-24  3.894E-14
2.333E+02  6.448E-24  3.991E-14
2.312E+02  6.671E-24  4.091E-14
2.291E+02  6.900E-24  4.193E-14
2.270E+02  7.136E-24  4.297E-14
2.249E+02  7.380E-24  4.402E-14
2.228E+02  7.631E-24  4.511E-14
2.208E+02  7.890E-24  4.621E-14
2.188E+02  8.156E-24  4.733E-14
2.168E+02  8.431E-24  4.848E-14
2.148E+02  8.714E-24  4.965E-14
2.128E+02  9.006E-24  5.084E-14
2.109E+02  9.306E-24  5.205E-14
2.089E+02  9.615E-24  5.328E-14
2.070E+02  9.933E-24  5.454E-14
2.051E+02  1.026E-23  5.582E-14
2.032E+02  1.060E-23  5.712E-14
2.014E+02  1.094E-23  5.845E-14
1.995E+02  1.130E-23  5.980E-14
1.977E+02  1.167E-23  6.117E-14
1.959E+02  1.204E-23  6.257E-14
1.941E+02  1.243E-23  6.399E-14
1.923E+02  1.283E-23  6.543E-14
1.905E+02  1.324E-23  6.691E-14
1.888E+02  1.366E-23  6.840E-14
1.871E+02  1.409E-23  6.992E-14
1.854E+02  1.454E-23  7.147E-14
1.837E+02  1.499E-23  7.305E-14
1.820E+02  1.546E-23  7.465E-14
1.803E+02  1.595E-23  7.627E-14
1.786E+02  1.644E-23  7.793E-14
1.770E+02  1.695E-23  7.961E-14
1.754E+02  1.748E-23  8.132E-14
1.738E+02  1.802E-23  8.306E-14
1.722E+02  1.857E-23  8.484E-14
1.706E+02  1.914E-23  8.664E-14
1.690E+02  1.973E-23  8.847E-14
1.675E+02  2.033E-23  9.034E-14
1.660E+02  2.096E-23  9.225E-14
1.644E+02  2.159E-23  9.419E-14
1.629E+02  2.225E-23  9.617E-14
1.614E+02  2.293E-23  9.820E-14
1.600E+02  2.363E-23  1.003E-13
1.585E+02  2.435E-23  1.024E-13
1.570E+02  2.509E-23  1.045E-13
1.556E+02  2.586E-23  1.067E-13
1.542E+02  2.665E-23  1.090E-13
1.528E+02  2.747E-23  1.113E-13
1.514E+02  2.831E-23  1.137E-13
1.500E+02  2.918E-23  1.161E-13
1.486E+02  3.008E-23  1.186E-13
1.472E+02  3.100E-23  1.211E-13
1.459E+02  3.194E-23  1.236E-13
1.445E+02  3.291E-23  1.262E-13
1.432E+02  3.387E-23  1.287E-13
1.419E+02  3.483E-23  1.311E-13
1.406E+02  3.578E-23  1.334E-13
1.393E+02  3.669E-23  1.356E-13
1.380E+02  3.758E-23  1.376E-13
1.368E+02  3.843E-23  1.394E-13
1.355E+02  3.925E-23  1.411E-13
1.343E+02  4.005E-23  1.427E-13
1.330E+02  4.085E-23  1.442E-13
1.318E+02  4.165E-23  1.457E-13
1.306E+02  4.247E-23  1.471E-13
1.294E+02  4.330E-23  1.487E-13
1.282E+02  4.416E-23  1.502E-13
1.271E+02  4.503E-23  1.518E-13
1.259E+02  4.593E-23  1.534E-13
1.247E+02  4.685E-23  1.550E-13
1.236E+02  4.780E-23  1.567E-13
1.225E+02  4.877E-23  1.584E-13
1.213E+02  4.977E-23  1.602E-13
1.202E+02  5.079E-23  1.620E-13
1.191E+02  5.183E-23  1.638E-13
1.180E+02  5.290E-23  1.656E-13
1.169E+02  5.398E-23  1.675E-13
1.159E+02  5.507E-23  1.693E-13
1.148E+02  5.620E-23  1.711E-13
1.138E+02  5.734E-23  1.730E-13
1.127E+02  5.849E-23  1.749E-13
1.117E+02  5.968E-23  1.768E-13
1.107E+02  6.088E-23  1.787E-13
1.096E+02  6.211E-23  1.806E-13
1.086E+02  6.335E-23  1.826E-13
1.076E+02  6.461E-23  1.845E-13
1.067E+02  6.588E-23  1.864E-13
1.057E+02  6.718E-23  1.883E-13
1.047E+02  6.849E-23  1.902E-13
1.038E+02  6.982E-23  1.921E-13
1.028E+02  7.115E-23  1.940E-13
1.019E+02  7.249E-23  1.959E-13
1.009E+02  7.385E-23  1.977E-13
1.000E+02  7.523E-23  1.996E-13
9.908E+01  7.660E-23  2.013E-13
9.817E+01  7.800E-23  2.031E-13
9.727E+01  7.941E-23  2.049E-13
9.638E+01  8.083E-23  2.066E-13
9.550E+01  8.226E-23  2.084E-13
9.462E+01  8.369E-23  2.101E-13
9.376E+01  8.514E-23  2.117E-13
9.290E+01  8.659E-23  2.134E-13
9.204E+01  8.805E-23  2.150E-13
9.120E+01  8.952E-23  2.166E-13
9.036E+01  9.099E-23  2.181E-13
8.954E+01  9.247E-23  2.196E-13
8.872E+01  9.396E-23  2.211E-13
8.790E+01  9.546E-23  2.226E-13
8.710E+01  9.696E-23  2.240E-13
8.630E+01  9.847E-23  2.254E-13
8.551E+01  9.999E-23  2.268E-13
8.472E+01  1.015E-22  2.281E-13
8.395E+01  1.030E-22  2.293E-13
8.318E+01  1.045E-22  2.306E-13
8.241E+01  1.060E-22  2.318E-13
8.166E+01  1.076E-22  2.330E-13
8.091E+01  1.091E-22  2.342E-13
8.017E+01  1.106E-22  2.353E-13
7.943E+01  1.122E-22  2.363E-13
7.870E+01  1.137E-22  2.374E-13
7.798E+01  1.152E-22  2.383E-13
7.727E+01  1.167E-22  2.393E-13
7.656E+01  1.183E-22  2.402E-13
7.586E+01  1.198E-22  2.410E-13
7.516E+01  1.213E-22  2.418E-13
7.447E+01  1.228E-22  2.426E-13
7.379E+01  1.243E-22  2.432E-13
7.311E+01  1.257E-22  2.439E-13
7.244E+01  1.272E-22  2.444E-13
7.178E+01  1.287E-22  2.450E-13
7.112E+01  1.301E-22  2.455E-13
7.047E+01  1.316E-22  2.460E-13
6.982E+01  1.331E-22  2.464E-13
6.918E+01  1.345E-22  2.468E-13
6.855E+01  1.359E-22  2.472E-13
6.792E+01  1.373E-22  2.475E-13
6.730E+01  1.388E-22  2.477E-13
6.668E+01  1.402E-22  2.479E-13
6.607E+01  1.416E-22  2.481E-13
6.546E+01  1.429E-22  2.482E-13
6.486E+01  1.443E-22  2.483E-13
6.427E+01  1.456E-22  2.483E-13
6.368E+01  1.470E-22  2.483E-13
6.310E+01  1.483E-22  2.482E-13
6.252E+01  1.496E-22  2.481E-13
6.194E+01  1.510E-22  2.480E-13
6.138E+01  1.523E-22  2.479E-13
6.081E+01  1.535E-22  2.477E-13
6.026E+01  1.548E-22  2.474E-13
5.970E+01  1.561E-22  2.472E-13
5.916E+01  1.573E-22  2.468E-13
5.861E+01  1.585E-22  2.465E-13
5.808E+01  1.597E-22  2.461E-13
5.754E+01  1.609E-22  2.456E-13
5.702E+01  1.621E-22  2.452E-13
5.649E+01  1.633E-22  2.447E-13
5.598E+01  1.645E-22  2.442E-13
5.546E+01  1.656E-22  2.436E-13
5.495E+01  1.668E-22  2.431E-13
5.445E+01  1.679E-22  2.425E-13
5.395E+01  1.690E-22  2.419E-13
5.346E+01  1.701E-22  2.413E-13
5.297E+01  1.712E-22  2.406E-13
5.248E+01  1.723E-22  2.399E-13
5.200E+01  1.734E-22  2.392E-13
5.152E+01  1.745E-22  2.385E-13
5.105E+01  1.755E-22  2.377E-13
5.058E+01  1.766E-22  2.369E-13
5.012E+01  1.776E-22  2.361E-13
4.966E+01  1.786E-22  2.353E-13
4.920E+01  1.796E-22  2.344E-13
4.875E+01  1.806E-22  2.336E-13
4.831E+01  1.816E-22  2.327E-13
4.786E+01  1.826E-22  2.318E-13
4.742E+01  1.836E-22  2.309E-13
4.699E+01  1.845E-22  2.300E-13
4.656E+01  1.855E-22  2.291E-13
4.613E+01  1.864E-22  2.281E-13
4.571E+01  1.873E-22  2.272E-13
4.529E+01  1.883E-22  2.262E-13
4.487E+01  1.892E-22  2.252E-13
4.446E+01  1.901E-22  2.242E-13
4.406E+01  1.909E-22  2.231E-13
4.365E+01  1.918E-22  2.221E-13
4.325E+01  1.926E-22  2.210E-13
4.285E+01  1.934E-22  2.199E-13
4.246E+01  1.942E-22  2.187E-13
4.207E+01  1.949E-22  2.175E-13
4.169E+01  1.956E-22  2.163E-13
4.130E+01  1.962E-22  2.150E-13
4.093E+01  1.968E-22  2.136E-13
4.055E+01  1.973E-22  2.122E-13
4.018E+01  1.977E-22  2.107E-13
3.981E+01  1.981E-22  2.092E-13
3.945E+01  1.984E-22  2.075E-13
3.908E+01  1.985E-22  2.058E-13
3.873E+01  1.986E-22  2.040E-13
3.837E+01  1.986E-22  2.021E-13
3.802E+01  1.984E-22  2.001E-13
3.767E+01  1.981E-22  1.979E-13
3.733E+01  1.976E-22  1.956E-13
3.698E+01  1.969E-22  1.932E-13
3.664E+01  1.961E-22  1.906E-13
3.631E+01  1.952E-22  1.880E-13
3.597E+01  1.940E-22  1.851E-13
3.565E+01  1.926E-22  1.821E-13
3.532E+01  1.911E-22  1.790E-13
3.499E+01  1.893E-22  1.757E-13
3.467E+01  1.874E-22  1.723E-13
3.436E+01  1.852E-22  1.688E-13
3.404E+01  1.828E-22  1.650E-13
3.373E+01  1.802E-22  1.612E-13
3.342E+01  1.774E-22  1.572E-13
3.311E+01  1.744E-22  1.532E-13
3.281E+01  1.712E-22  1.490E-13
3.251E+01  1.679E-22  1.448E-13
3.221E+01  1.644E-22  1.404E-13
3.192E+01  1.607E-22  1.360E-13
3.162E+01  1.569E-22  1.316E-13
3.133E+01  1.530E-22  1.272E-13
3.105E+01  1.490E-22  1.227E-13
3.076E+01  1.449E-22  1.183E-13
3.048E+01  1.408E-22  1.138E-13
3.020E+01  1.367E-22  1.095E-13
2.992E+01  1.325E-22  1.052E-13
2.965E+01  1.284E-22  1.010E-13
2.938E+01  1.243E-22  9.682E-14
2.911E+01  1.202E-22  9.279E-14
2.884E+01  1.162E-22  8.887E-14
2.858E+01  1.122E-22  8.508E-14
2.831E+01  1.084E-22  8.142E-14
2.805E+01  1.047E-22  7.790E-14
2.780E+01  1.011E-22  7.451E-14
2.754E+01  9.755E-23  7.127E-14
2.729E+01  9.416E-23  6.816E-14
2.704E+01  9.091E-23  6.521E-14
2.679E+01  8.779E-23  6.239E-14
2.655E+01  8.480E-23  5.971E-14
2.630E+01  8.194E-23  5.717E-14
2.606E+01  7.921E-23  5.476E-14
2.582E+01  7.661E-23  5.248E-14
2.559E+01  7.415E-23  5.032E-14
2.535E+01  7.180E-23  4.828E-14
2.512E+01  6.958E-23  4.636E-14
2.489E+01  6.747E-23  4.454E-14
2.466E+01  6.547E-23  4.283E-14
2.443E+01  6.358E-23  4.121E-14
2.421E+01  6.180E-23  3.969E-14
2.399E+01  6.010E-23  3.824E-14
2.377E+01  5.850E-23  3.689E-14
2.355E+01  5.702E-23  3.562E-14
2.333E+01  5.562E-23  3.443E-14
2.312E+01  5.429E-23  3.330E-14
2.291E+01  5.304E-23  3.223E-14
2.270E+01  5.190E-23  3.125E-14
2.249E+01  5.085E-23  3.034E-14
2.228E+01  4.988E-23  2.949E-14
2.208E+01  4.897E-23  2.868E-14
2.188E+01  4.810E-23  2.791E-14
2.168E+01  4.727E-23  2.718E-14
2.148E+01  4.652E-23  2.650E-14
2.128E+01  4.583E-23  2.587E-14
2.109E+01  4.521E-23  2.529E-14
2.089E+01  4.464E-23  2.474E-14
2.070E+01  4.411E-23  2.422E-14
2.051E+01  4.362E-23  2.374E-14
2.032E+01  4.320E-23  2.329E-14
2.014E+01  4.286E-23  2.290E-14
1.995E+01  4.257E-23  2.253E-14
1.977E+01  4.232E-23  2.219E-14
1.959E+01  4.210E-23  2.187E-14
1.941E+01  4.193E-23  2.159E-14
1.923E+01  4.180E-23  2.132E-14
1.905E+01  4.175E-23  2.110E-14
1.888E+01  4.177E-23  2.092E-14
1.871E+01  4.191E-23  2.080E-14
1.854E+01  4.222E-23  2.076E-14
1.837E+01  4.280E-23  2.085E-14
1.820E+01  4.390E-23  2.119E-14
1.803E+01  4.639E-23  2.218E-14
1.786E+01  5.067E-23  2.401E-14
1.770E+01  5.056E-23  2.374E-14
1.754E+01  5.480E-23  2.549E-14
1.738E+01  6.683E-23  3.081E-14
1.722E+01  6.204E-23  2.833E-14
1.706E+01  6.155E-23  2.785E-14
1.690E+01  5.981E-23  2.682E-14
1.675E+01  5.709E-23  2.537E-14
1.660E+01  5.873E-23  2.585E-14
1.644E+01  7.052E-23  3.076E-14
1.629E+01  5.225E-23  2.258E-14
1.614E+01  4.609E-23  1.973E-14
1.600E+01  4.757E-23  2.018E-14
1.585E+01  4.746E-23  1.995E-14
1.570E+01  4.066E-23  1.694E-14
1.556E+01  3.740E-23  1.544E-14
1.542E+01  3.579E-23  1.464E-14
1.528E+01  3.481E-23  1.410E-14
1.514E+01  3.411E-23  1.370E-14
1.500E+01  3.361E-23  1.337E-14
1.486E+01  3.326E-23  1.311E-14
1.472E+01  3.309E-23  1.292E-14
1.459E+01  3.321E-23  1.285E-14
1.445E+01  3.393E-23  1.301E-14
1.432E+01  3.600E-23  1.368E-14
1.419E+01  3.828E-23  1.441E-14
1.406E+01  3.606E-23  1.345E-14
1.393E+01  3.436E-23  1.270E-14
1.380E+01  3.485E-23  1.276E-14
1.368E+01  3.820E-23  1.386E-14
1.355E+01  3.960E-23  1.423E-14
1.343E+01  3.668E-23  1.307E-14
1.330E+01  3.678E-23  1.298E-14
1.318E+01  3.896E-23  1.362E-14
1.306E+01  4.324E-23  1.498E-14
1.294E+01  5.064E-23  1.739E-14
1.282E+01  6.254E-23  2.127E-14
1.271E+01  7.732E-23  2.606E-14
1.259E+01  8.371E-23  2.796E-14
1.247E+01  7.522E-23  2.489E-14
1.236E+01  6.476E-23  2.123E-14
1.225E+01  6.040E-23  1.962E-14
1.213E+01  6.162E-23  1.983E-14
1.202E+01  6.384E-23  2.036E-14
1.191E+01  6.161E-23  1.947E-14
1.180E+01  5.674E-23  1.777E-14
1.169E+01  5.518E-23  1.712E-14
1.159E+01  6.133E-23  1.885E-14
1.148E+01  8.196E-23  2.496E-14
1.138E+01  1.254E-22  3.785E-14
1.127E+01  1.746E-22  5.221E-14
1.117E+01  1.193E-22  3.533E-14
1.107E+01  6.315E-23  1.854E-14
1.096E+01  4.319E-23  1.256E-14
1.086E+01  3.377E-23  9.731E-15
1.076E+01  2.860E-23  8.167E-15
1.067E+01  2.547E-23  7.205E-15
1.057E+01  2.342E-23  6.566E-15
1.047E+01  2.202E-23  6.117E-15
1.038E+01  2.102E-23  5.786E-15
1.028E+01  2.030E-23  5.534E-15
1.019E+01  1.976E-23  5.340E-15
1.009E+01  1.939E-23  5.192E-15
1.000E+01  1.915E-23  5.081E-15
9.908E+00  1.904E-23  5.004E-15
9.817E+00  1.904E-23  4.959E-15
9.727E+00  1.916E-23  4.944E-15
9.638E+00  1.940E-23  4.960E-15
9.550E+00  1.977E-23  5.007E-15
9.462E+00  2.028E-23  5.090E-15
9.376E+00  2.097E-23  5.216E-15
9.290E+00  2.191E-23  5.399E-15
9.204E+00  2.319E-23  5.661E-15
9.120E+00  2.497E-23  6.041E-15
9.036E+00  2.756E-23  6.606E-15
8.954E+00  3.147E-23  7.473E-15
8.872E+00  3.767E-23  8.865E-15
8.790E+00  4.786E-23  1.116E-14
8.710E+00  6.341E-23  1.465E-14
8.630E+00  7.789E-23  1.783E-14
8.551E+00  7.596E-23  1.723E-14
8.472E+00  6.576E-23  1.478E-14
8.395E+00  6.051E-23  1.347E-14
8.318E+00  6.010E-23  1.326E-14
8.241E+00  6.266E-23  1.370E-14
8.166E+00  6.925E-23  1.500E-14
8.091E+00  8.189E-23  1.758E-14
8.017E+00  1.021E-22  2.172E-14
7.943E+00  1.288E-22  2.715E-14
7.870E+00  1.531E-22  3.197E-14
7.798E+00  1.645E-22  3.402E-14
7.727E+00  1.709E-22  3.503E-14
7.656E+00  1.826E-22  3.708E-14
7.586E+00  1.801E-22  3.624E-14
7.516E+00  1.486E-22  2.962E-14
7.447E+00  1.124E-22  2.221E-14
7.379E+00  8.639E-23  1.691E-14
7.311E+00  6.908E-23  1.340E-14
7.244E+00  5.711E-23  1.097E-14
7.178E+00  4.845E-23  9.224E-15
7.112E+00  4.205E-23  7.933E-15
7.047E+00  3.741E-23  6.994E-15
6.982E+00  3.426E-23  6.345E-15
6.918E+00  3.243E-23  5.952E-15
6.855E+00  3.178E-23  5.778E-15
6.792E+00  3.196E-23  5.758E-15
6.730E+00  3.226E-23  5.758E-15
6.668E+00  3.184E-23  5.631E-15
6.607E+00  3.073E-23  5.385E-15
6.546E+00  3.003E-23  5.214E-15
6.486E+00  3.116E-23  5.362E-15
6.427E+00  3.594E-23  6.126E-15
6.368E+00  4.793E-23  8.097E-15
6.310E+00  7.532E-23  1.261E-14
6.252E+00  1.225E-22  2.031E-14
6.194E+00  1.247E-22  2.050E-14
6.138E+00  7.487E-23  1.219E-14
6.081E+00  4.386E-23  7.074E-15
6.026E+00  2.941E-23  4.701E-15
5.970E+00  2.252E-23  3.566E-15
5.916E+00  1.940E-23  3.044E-15
5.861E+00  1.878E-23  2.920E-15
5.808E+00  2.051E-23  3.159E-15
5.754E+00  2.431E-23  3.711E-15
5.702E+00  2.652E-23  4.012E-15
5.649E+00  2.261E-23  3.388E-15
5.598E+00  1.684E-23  2.501E-15
5.546E+00  1.285E-23  1.890E-15
5.495E+00  1.052E-23  1.534E-15
5.445E+00  9.263E-24  1.338E-15
5.395E+00  8.801E-24  1.260E-15
5.346E+00  9.230E-24  1.309E-15
5.297E+00  1.087E-23  1.527E-15
5.248E+00  1.207E-23  1.681E-15
5.200E+00  9.768E-24  1.347E-15
5.152E+00  7.370E-24  1.007E-15
5.105E+00  6.054E-24  8.198E-16
5.058E+00  5.320E-24  7.138E-16
5.012E+00  4.860E-24  6.461E-16
4.966E+00  4.541E-24  5.982E-16
4.920E+00  4.303E-24  5.617E-16
4.875E+00  4.116E-24  5.323E-16
4.831E+00  3.962E-24  5.077E-16
4.786E+00  3.833E-24  4.866E-16
4.742E+00  3.722E-24  4.682E-16
4.699E+00  3.625E-24  4.518E-16
4.656E+00  3.540E-24  4.371E-16
4.613E+00  3.463E-24  4.238E-16
4.571E+00  3.395E-24  4.116E-16
4.529E+00  3.333E-24  4.004E-16
4.487E+00  3.277E-24  3.901E-16
4.446E+00  3.226E-24  3.805E-16
4.406E+00  3.179E-24  3.715E-16
4.365E+00  3.137E-24  3.632E-16
4.325E+00  3.098E-24  3.554E-16
4.285E+00  3.062E-24  3.481E-16
4.246E+00  3.029E-24  3.412E-16
4.207E+00  3.000E-24  3.348E-16
4.169E+00  2.973E-24  3.287E-16
4.130E+00  2.949E-24  3.231E-16
4.093E+00  2.927E-24  3.178E-16
4.055E+00  2.908E-24  3.128E-16
4.018E+00  2.892E-24  3.083E-16
3.981E+00  2.880E-24  3.041E-16
3.945E+00  2.870E-24  3.003E-16
3.908E+00  2.864E-24  2.969E-16
3.873E+00  2.863E-24  2.941E-16
3.837E+00  2.866E-24  2.917E-16
3.802E+00  2.876E-24  2.900E-16
3.767E+00  2.893E-24  2.890E-16
3.733E+00  2.919E-24  2.890E-16
3.698E+00  2.957E-24  2.901E-16
3.664E+00  3.012E-24  2.928E-16
3.631E+00  3.089E-24  2.975E-16
3.597E+00  3.198E-24  3.052E-16
3.565E+00  3.354E-24  3.172E-16
3.532E+00  3.584E-24  3.358E-16
3.499E+00  3.936E-24  3.653E-16
3.467E+00  4.504E-24  4.142E-16
3.436E+00  5.499E-24  5.011E-16
3.404E+00  7.463E-24  6.739E-16
3.373E+00  1.215E-23  1.087E-15
3.342E+00  2.770E-23  2.455E-15
3.311E+00  1.048E-22  9.203E-15
3.281E+00  7.155E-23  6.227E-15
3.251E+00  2.043E-23  1.762E-15
3.221E+00  9.755E-24  8.334E-16
3.192E+00  6.222E-24  5.267E-16
3.162E+00  4.661E-24  3.910E-16
3.133E+00  3.840E-24  3.191E-16
3.105E+00  3.354E-24  2.762E-16
3.076E+00  3.042E-24  2.482E-16
3.048E+00  2.828E-24  2.286E-16
3.020E+00  2.673E-24  2.141E-16
2.992E+00  2.557E-24  2.029E-16
2.965E+00  2.466E-24  1.939E-16
2.938E+00  2.393E-24  1.865E-16
2.911E+00  2.333E-24  1.801E-16
2.884E+00  2.282E-24  1.746E-16
2.858E+00  2.238E-24  1.696E-16
2.831E+00  2.199E-24  1.652E-16
2.805E+00  2.164E-24  1.611E-16
2.780E+00  2.133E-24  1.573E-16
2.754E+00  2.104E-24  1.537E-16
2.729E+00  2.077E-24  1.504E-16
2.704E+00  2.052E-24  1.472E-16
2.679E+00  2.028E-24  1.441E-16
2.655E+00  2.005E-24  1.412E-16
2.630E+00  1.983E-24  1.384E-16
2.606E+00  1.962E-24  1.356E-16
2.582E+00  1.941E-24  1.330E-16
2.559E+00  1.921E-24  1.304E-16
2.535E+00  1.901E-24  1.279E-16
2.512E+00  1.882E-24  1.254E-16
2.489E+00  1.863E-24  1.230E-16
2.466E+00  1.844E-24  1.206E-16
2.443E+00  1.825E-24  1.183E-16
2.421E+00  1.806E-24  1.160E-16
2.399E+00  1.787E-24  1.137E-16
2.377E+00  1.769E-24  1.115E-16
2.355E+00  1.750E-24  1.093E-16
2.333E+00  1.732E-24  1.072E-16
2.312E+00  1.714E-24  1.051E-16
2.291E+00  1.696E-24  1.030E-16
2.270E+00  1.677E-24  1.010E-16
2.249E+00  1.659E-24  9.897E-17
2.228E+00  1.640E-24  9.696E-17
2.208E+00  1.621E-24  9.496E-17
2.188E+00  1.602E-24  9.298E-17
2.168E+00  1.582E-24  9.099E-17
2.148E+00  1.562E-24  8.899E-17
2.128E+00  1.541E-24  8.697E-17
2.109E+00  1.518E-24  8.492E-17
2.089E+00  1.494E-24  8.282E-17
2.070E+00  1.469E-24  8.066E-17
2.051E+00  1.441E-24  7.840E-17
2.032E+00  1.410E-24  7.602E-17
2.014E+00  1.376E-24  7.349E-17
1.995E+00  1.337E-24  7.078E-17
1.977E+00  1.295E-24  6.789E-17
1.959E+00  1.249E-24  6.490E-17
1.941E+00  1.205E-24  6.203E-17
1.923E+00  1.170E-24  5.969E-17
1.905E+00  1.153E-24  5.829E-17
1.888E+00  1.157E-24  5.794E-17
1.871E+00  1.175E-24  5.831E-17
1.854E+00  1.198E-24  5.891E-17
1.837E+00  1.218E-24  5.936E-17
1.820E+00  1.233E-24  5.952E-17
1.803E+00  1.242E-24  5.940E-17
1.786E+00  1.246E-24  5.903E-17
1.770E+00  1.246E-24  5.848E-17
1.754E+00  1.243E-24  5.781E-17
1.738E+00  1.238E-24  5.705E-17
1.722E+00  1.231E-24  5.623E-17
1.706E+00  1.224E-24  5.537E-17
1.690E+00  1.215E-24  5.450E-17
1.675E+00  1.207E-24  5.361E-17
1.660E+00  1.198E-24  5.273E-17
1.644E+00  1.189E-24  5.186E-17
1.629E+00  1.180E-24  5.099E-17
1.614E+00  1.171E-24  5.015E-17
1.600E+00  1.163E-24  4.934E-17
1.585E+00  1.155E-24  4.855E-17
1.570E+00  1.148E-24  4.780E-17
1.556E+00  1.141E-24  4.710E-17
1.542E+00  1.135E-24  4.643E-17
1.528E+00  1.131E-24  4.582E-17
1.514E+00  1.127E-24  4.527E-17
1.500E+00  1.126E-24  4.478E-17
1.486E+00  1.125E-24  4.436E-17
1.472E+00  1.127E-24  4.402E-17
1.459E+00  1.131E-24  4.378E-17
1.445E+00  1.139E-24  4.365E-17
1.432E+00  1.149E-24  4.365E-17
1.419E+00  1.163E-24  4.380E-17
1.406E+00  1.183E-24  4.412E-17
1.393E+00  1.208E-24  4.464E-17
1.380E+00  1.240E-24  4.541E-17
1.368E+00  1.280E-24  4.645E-17
1.355E+00  1.330E-24  4.783E-17
1.343E+00  1.391E-24  4.956E-17
1.330E+00  1.464E-24  5.166E-17
1.318E+00  1.546E-24  5.408E-17
1.306E+00  1.634E-24  5.663E-17
1.294E+00  1.717E-24  5.895E-17
1.282E+00  1.778E-24  6.047E-17
1.271E+00  1.795E-24  6.051E-17
1.259E+00  1.756E-24  5.863E-17
1.247E+00  1.660E-24  5.491E-17
1.236E+00  1.526E-24  5.002E-17
1.225E+00  1.379E-24  4.479E-17
1.213E+00  1.240E-24  3.992E-17
1.202E+00  1.120E-24  3.573E-17
1.191E+00  1.023E-24  3.233E-17
1.180E+00  9.475E-25  2.967E-17
1.169E+00  8.918E-25  2.767E-17
1.159E+00  8.537E-25  2.624E-17
1.148E+00  8.319E-25  2.534E-17
1.138E+00  8.264E-25  2.494E-17
1.127E+00  8.387E-25  2.508E-17
1.117E+00  8.724E-25  2.585E-17
1.107E+00  9.342E-25  2.742E-17
1.096E+00  1.035E-24  3.011E-17
1.086E+00  1.191E-24  3.433E-17
1.076E+00  1.418E-24  4.050E-17
1.067E+00  1.703E-24  4.819E-17
1.057E+00  1.931E-24  5.414E-17
1.047E+00  1.893E-24  5.257E-17
1.038E+00  1.570E-24  4.320E-17
1.028E+00  1.189E-24  3.243E-17
1.019E+00  8.940E-25  2.416E-17
1.009E+00  6.941E-25  1.858E-17
1.000E+00  5.616E-25  1.490E-17
