Dust emission from Draine & Li (2007): ApJ 657, 810-837
==========================================================
         1 = grain model
 4.000E-08 4.000E-01 0.000E+00 = a_01 (cm) , sigma_1 , b_C1/0.92
 2.000E-07 5.500E-01 0.000E+00 = a_02 (cm) , sigma_2 , b_C2/0.92
 1.000E+01 1.000E+06 2.000E+00 = Umin , Umax, beta (dN/dU propto U^{-beta})
 1.151E+02 = <U> 
     mmp83 = radfield
 5.137E-22 = power/H (erg s-1)
 band   nu*P_nu(band) j_nu(band)
 (um)   (erg s-1 H-1)(Jy cm2 sr-1 H-1)
1.270E+00  2.022E-25  6.811E-18 COBE-DIRBE
2.220E+00  2.600E-25  1.531E-17 COBE-DIRBE
3.530E+00  2.400E-24  2.247E-16 COBE-DIRBE
4.880E+00  5.488E-24  7.104E-16 COBE-DIRBE
1.229E+01  7.218E-23  2.353E-14 COBE-DIRBE
2.079E+01  1.646E-22  9.076E-14 COBE-DIRBE
5.599E+01  2.350E-22  3.491E-13 COBE-DIRBE
9.770E+01  9.497E-23  2.461E-13 COBE-DIRBE
1.479E+02  3.624E-23  1.422E-13 COBE-DIRBE
2.479E+02  6.755E-24  4.441E-14 COBE-DIRBE
1.200E+01  6.710E-23  2.136E-14 IRAS
2.500E+01  2.085E-22  1.383E-13 IRAS
6.000E+01  2.208E-22  3.514E-13 IRAS
1.000E+02  8.979E-23  2.382E-13 IRAS
3.550E+00  2.689E-24  2.532E-16 SST-IRAC
4.493E+00  3.657E-24  4.358E-16 SST-IRAC
5.731E+00  1.833E-23  2.787E-15 SST-IRAC
7.872E+00  5.859E-23  1.224E-14 SST-IRAC
2.368E+01  1.970E-22  1.237E-13 SST-MIPS
7.142E+01  1.507E-22  2.856E-13 SST-MIPS
1.559E+02  2.817E-23  1.165E-13 SST-MIPS
1.600E+01  9.987E-23  4.239E-14 SST-IRSPU
2.200E+01  1.911E-22  1.115E-13 SST-IRSPU
7.500E+01  1.307E-22  2.600E-13 Herschel-PACS
1.100E+02  6.342E-23  1.850E-13 Herschel-PACS
1.700E+02  2.146E-23  9.679E-14 Herschel-PACS
2.500E+02  5.487E-24  3.639E-14 Herschel-SPIRE
3.600E+02  1.228E-24  1.173E-14 Herschel-SPIRE
5.200E+02  2.615E-25  3.607E-15 Herschel-SPIRE
2.400E+00  3.472E-25  2.210E-17 Akari IRC NIR N2
3.200E+00  1.720E-24  1.460E-16 Akari IRC NIR N3
4.100E+00  3.492E-24  3.798E-16 Akari IRC NIR N4
7.000E+00  5.684E-23  1.055E-14 Akari IRC MIR-S S7
9.000E+00  5.899E-23  1.408E-14 Akari IRC MIR-S S9W
1.100E+01  6.341E-23  1.850E-14 Akari IRC MIR-S S11
1.500E+01  1.055E-22  4.199E-14 Akari IRC MIR-L L15
1.800E+01  1.450E-22  6.925E-14 Akari IRC MIR-L L18W
2.400E+01  1.924E-22  1.225E-13 Akari IRC MIR-L L24
6.500E+01  1.844E-22  3.180E-13 Akari FIS N60
8.000E+01  1.228E-22  2.607E-13 Akari FIS WIDE-S
1.400E+02  3.583E-23  1.330E-13 Akari FIS WIDE-L
1.600E+02  2.573E-23  1.092E-13 Akari FIS N160
 
 
 
 


lambda    nu*dP/dnu     j_nu
 (um)   (erg s-1 H-1)(Jy cm2 sr-1 H-1)
1.000E+04  9.741E-31  2.584E-19
9.908E+03  1.010E-30  2.654E-19
9.817E+03  1.047E-30  2.727E-19
9.727E+03  1.086E-30  2.801E-19
9.638E+03  1.126E-30  2.878E-19
9.550E+03  1.167E-30  2.956E-19
9.462E+03  1.210E-30  3.037E-19
9.376E+03  1.254E-30  3.120E-19
9.290E+03  1.301E-30  3.205E-19
9.204E+03  1.348E-30  3.292E-19
9.120E+03  1.398E-30  3.382E-19
9.036E+03  1.450E-30  3.475E-19
8.954E+03  1.503E-30  3.569E-19
8.872E+03  1.558E-30  3.666E-19
8.790E+03  1.615E-30  3.765E-19
8.710E+03  1.674E-30  3.868E-19
8.630E+03  1.736E-30  3.973E-19
8.551E+03  1.799E-30  4.081E-19
8.472E+03  1.865E-30  4.192E-19
8.395E+03  1.934E-30  4.306E-19
8.318E+03  2.005E-30  4.424E-19
8.241E+03  2.079E-30  4.545E-19
8.166E+03  2.155E-30  4.669E-19
8.091E+03  2.235E-30  4.796E-19
8.017E+03  2.317E-30  4.928E-19
7.943E+03  2.403E-30  5.063E-19
7.870E+03  2.492E-30  5.202E-19
7.798E+03  2.584E-30  5.344E-19
7.727E+03  2.679E-30  5.491E-19
7.656E+03  2.778E-30  5.642E-19
7.586E+03  2.881E-30  5.797E-19
7.516E+03  2.988E-30  5.957E-19
7.447E+03  3.098E-30  6.121E-19
7.379E+03  3.213E-30  6.290E-19
7.311E+03  3.333E-30  6.463E-19
7.244E+03  3.456E-30  6.642E-19
7.178E+03  3.585E-30  6.825E-19
7.112E+03  3.718E-30  7.014E-19
7.047E+03  3.856E-30  7.208E-19
6.982E+03  4.000E-30  7.408E-19
6.918E+03  4.148E-30  7.613E-19
6.855E+03  4.303E-30  7.824E-19
6.792E+03  4.463E-30  8.040E-19
6.730E+03  4.629E-30  8.263E-19
6.668E+03  4.802E-30  8.493E-19
6.607E+03  4.981E-30  8.729E-19
6.546E+03  5.166E-30  8.971E-19
6.486E+03  5.359E-30  9.221E-19
6.427E+03  5.560E-30  9.478E-19
6.368E+03  5.768E-30  9.742E-19
6.310E+03  5.983E-30  1.001E-18
6.252E+03  6.207E-30  1.029E-18
6.194E+03  6.440E-30  1.058E-18
6.138E+03  6.681E-30  1.088E-18
6.081E+03  6.932E-30  1.118E-18
6.026E+03  7.192E-30  1.150E-18
5.970E+03  7.463E-30  1.182E-18
5.916E+03  7.743E-30  1.215E-18
5.861E+03  8.034E-30  1.249E-18
5.808E+03  8.337E-30  1.284E-18
5.754E+03  8.651E-30  1.320E-18
5.702E+03  8.977E-30  1.358E-18
5.649E+03  9.315E-30  1.396E-18
5.598E+03  9.667E-30  1.435E-18
5.546E+03  1.003E-29  1.476E-18
5.495E+03  1.041E-29  1.518E-18
5.445E+03  1.080E-29  1.560E-18
5.395E+03  1.121E-29  1.605E-18
5.346E+03  1.164E-29  1.650E-18
5.297E+03  1.208E-29  1.697E-18
5.248E+03  1.254E-29  1.745E-18
5.200E+03  1.301E-29  1.795E-18
5.152E+03  1.350E-29  1.846E-18
5.105E+03  1.402E-29  1.898E-18
5.058E+03  1.455E-29  1.952E-18
5.012E+03  1.510E-29  2.008E-18
4.966E+03  1.568E-29  2.065E-18
4.920E+03  1.627E-29  2.124E-18
4.875E+03  1.689E-29  2.184E-18
4.831E+03  1.753E-29  2.247E-18
4.786E+03  1.820E-29  2.311E-18
4.742E+03  1.890E-29  2.377E-18
4.699E+03  1.962E-29  2.445E-18
4.656E+03  2.037E-29  2.515E-18
4.613E+03  2.114E-29  2.587E-18
4.571E+03  2.195E-29  2.662E-18
4.529E+03  2.279E-29  2.738E-18
4.487E+03  2.366E-29  2.817E-18
4.446E+03  2.457E-29  2.898E-18
4.406E+03  2.551E-29  2.981E-18
4.365E+03  2.649E-29  3.067E-18
4.325E+03  2.751E-29  3.156E-18
4.285E+03  2.857E-29  3.247E-18
4.246E+03  2.966E-29  3.341E-18
4.207E+03  3.080E-29  3.438E-18
4.169E+03  3.199E-29  3.537E-18
4.130E+03  3.322E-29  3.640E-18
4.093E+03  3.450E-29  3.745E-18
4.055E+03  3.583E-29  3.854E-18
4.018E+03  3.721E-29  3.966E-18
3.981E+03  3.865E-29  4.081E-18
3.945E+03  4.014E-29  4.200E-18
3.908E+03  4.169E-29  4.322E-18
3.873E+03  4.330E-29  4.448E-18
3.837E+03  4.497E-29  4.577E-18
3.802E+03  4.671E-29  4.711E-18
3.767E+03  4.852E-29  4.848E-18
3.733E+03  5.040E-29  4.990E-18
3.698E+03  5.236E-29  5.136E-18
3.664E+03  5.439E-29  5.286E-18
3.631E+03  5.650E-29  5.441E-18
3.597E+03  5.870E-29  5.601E-18
3.565E+03  6.098E-29  5.766E-18
3.532E+03  6.335E-29  5.935E-18
3.499E+03  6.582E-29  6.110E-18
3.467E+03  6.839E-29  6.290E-18
3.436E+03  7.105E-29  6.475E-18
3.404E+03  7.383E-29  6.666E-18
3.373E+03  7.671E-29  6.863E-18
3.342E+03  7.971E-29  7.066E-18
3.311E+03  8.283E-29  7.275E-18
3.281E+03  8.607E-29  7.491E-18
3.251E+03  8.944E-29  7.713E-18
3.221E+03  9.295E-29  7.942E-18
3.192E+03  9.660E-29  8.178E-18
3.162E+03  1.004E-28  8.421E-18
3.133E+03  1.043E-28  8.671E-18
3.105E+03  1.084E-28  8.930E-18
3.076E+03  1.127E-28  9.196E-18
3.048E+03  1.171E-28  9.470E-18
3.020E+03  1.217E-28  9.753E-18
2.992E+03  1.265E-28  1.004E-17
2.965E+03  1.315E-28  1.034E-17
2.938E+03  1.367E-28  1.065E-17
2.911E+03  1.421E-28  1.097E-17
2.884E+03  1.477E-28  1.130E-17
2.858E+03  1.535E-28  1.164E-17
2.831E+03  1.596E-28  1.198E-17
2.805E+03  1.659E-28  1.234E-17
2.780E+03  1.724E-28  1.271E-17
2.754E+03  1.792E-28  1.310E-17
2.729E+03  1.863E-28  1.349E-17
2.704E+03  1.937E-28  1.389E-17
2.679E+03  2.014E-28  1.431E-17
2.655E+03  2.094E-28  1.474E-17
2.630E+03  2.177E-28  1.519E-17
2.606E+03  2.264E-28  1.565E-17
2.582E+03  2.354E-28  1.612E-17
2.559E+03  2.447E-28  1.661E-17
2.535E+03  2.545E-28  1.711E-17
2.512E+03  2.646E-28  1.763E-17
2.489E+03  2.751E-28  1.817E-17
2.466E+03  2.861E-28  1.872E-17
2.443E+03  2.975E-28  1.929E-17
2.421E+03  3.094E-28  1.987E-17
2.399E+03  3.218E-28  2.048E-17
2.377E+03  3.347E-28  2.110E-17
2.355E+03  3.481E-28  2.174E-17
2.333E+03  3.620E-28  2.241E-17
2.312E+03  3.765E-28  2.309E-17
2.291E+03  3.916E-28  2.380E-17
2.270E+03  4.073E-28  2.452E-17
2.249E+03  4.237E-28  2.527E-17
2.228E+03  4.407E-28  2.605E-17
2.208E+03  4.584E-28  2.685E-17
2.188E+03  4.768E-28  2.767E-17
2.168E+03  4.960E-28  2.852E-17
2.148E+03  5.160E-28  2.940E-17
2.128E+03  5.367E-28  3.030E-17
2.109E+03  5.584E-28  3.123E-17
2.089E+03  5.809E-28  3.219E-17
2.070E+03  6.043E-28  3.318E-17
2.051E+03  6.287E-28  3.421E-17
2.032E+03  6.541E-28  3.526E-17
2.014E+03  6.805E-28  3.635E-17
1.995E+03  7.080E-28  3.747E-17
1.977E+03  7.366E-28  3.863E-17
1.959E+03  7.663E-28  3.982E-17
1.941E+03  7.973E-28  4.105E-17
1.923E+03  8.296E-28  4.232E-17
1.905E+03  8.632E-28  4.363E-17
1.888E+03  8.981E-28  4.498E-17
1.871E+03  9.345E-28  4.637E-17
1.854E+03  9.724E-28  4.781E-17
1.837E+03  1.012E-27  4.929E-17
1.820E+03  1.053E-27  5.082E-17
1.803E+03  1.096E-27  5.240E-17
1.786E+03  1.140E-27  5.403E-17
1.770E+03  1.187E-27  5.571E-17
1.754E+03  1.235E-27  5.744E-17
1.738E+03  1.285E-27  5.923E-17
1.722E+03  1.337E-27  6.108E-17
1.706E+03  1.392E-27  6.298E-17
1.690E+03  1.448E-27  6.494E-17
1.675E+03  1.507E-27  6.697E-17
1.660E+03  1.569E-27  6.906E-17
1.644E+03  1.633E-27  7.121E-17
1.629E+03  1.699E-27  7.343E-17
1.614E+03  1.768E-27  7.573E-17
1.600E+03  1.841E-27  7.809E-17
1.585E+03  1.916E-27  8.053E-17
1.570E+03  1.994E-27  8.305E-17
1.556E+03  2.075E-27  8.565E-17
1.542E+03  2.160E-27  8.833E-17
1.528E+03  2.248E-27  9.109E-17
1.514E+03  2.340E-27  9.394E-17
1.500E+03  2.436E-27  9.689E-17
1.486E+03  2.535E-27  9.992E-17
1.472E+03  2.639E-27  1.031E-16
1.459E+03  2.747E-27  1.063E-16
1.445E+03  2.859E-27  1.096E-16
1.432E+03  2.976E-27  1.131E-16
1.419E+03  3.098E-27  1.166E-16
1.406E+03  3.225E-27  1.203E-16
1.393E+03  3.357E-27  1.241E-16
1.380E+03  3.495E-27  1.280E-16
1.368E+03  3.638E-27  1.320E-16
1.355E+03  3.787E-27  1.361E-16
1.343E+03  3.942E-27  1.404E-16
1.330E+03  4.104E-27  1.448E-16
1.318E+03  4.272E-27  1.494E-16
1.306E+03  4.447E-27  1.541E-16
1.294E+03  4.630E-27  1.589E-16
1.282E+03  4.819E-27  1.639E-16
1.271E+03  5.017E-27  1.691E-16
1.259E+03  5.223E-27  1.744E-16
1.247E+03  5.437E-27  1.799E-16
1.236E+03  5.660E-27  1.856E-16
1.225E+03  5.892E-27  1.914E-16
1.213E+03  6.134E-27  1.974E-16
1.202E+03  6.385E-27  2.036E-16
1.191E+03  6.647E-27  2.100E-16
1.180E+03  6.920E-27  2.167E-16
1.169E+03  7.204E-27  2.235E-16
1.159E+03  7.499E-27  2.305E-16
1.148E+03  7.807E-27  2.378E-16
1.138E+03  8.127E-27  2.452E-16
1.127E+03  8.460E-27  2.530E-16
1.117E+03  8.807E-27  2.609E-16
1.107E+03  9.168E-27  2.691E-16
1.096E+03  9.544E-27  2.776E-16
1.086E+03  9.935E-27  2.863E-16
1.076E+03  1.034E-26  2.953E-16
1.067E+03  1.077E-26  3.046E-16
1.057E+03  1.121E-26  3.142E-16
1.047E+03  1.167E-26  3.240E-16
1.038E+03  1.214E-26  3.342E-16
1.028E+03  1.264E-26  3.447E-16
1.019E+03  1.316E-26  3.555E-16
1.009E+03  1.370E-26  3.667E-16
1.000E+03  1.426E-26  3.782E-16
9.908E+02  1.484E-26  3.900E-16
9.817E+02  1.545E-26  4.023E-16
9.727E+02  1.608E-26  4.149E-16
9.638E+02  1.674E-26  4.279E-16
9.550E+02  1.742E-26  4.414E-16
9.462E+02  1.814E-26  4.552E-16
9.376E+02  1.888E-26  4.695E-16
9.290E+02  1.965E-26  4.842E-16
9.204E+02  2.045E-26  4.994E-16
9.120E+02  2.129E-26  5.150E-16
9.036E+02  2.216E-26  5.311E-16
8.954E+02  2.306E-26  5.477E-16
8.872E+02  2.400E-26  5.648E-16
8.790E+02  2.498E-26  5.825E-16
8.710E+02  2.600E-26  6.007E-16
8.630E+02  2.706E-26  6.194E-16
8.551E+02  2.816E-26  6.387E-16
8.472E+02  2.930E-26  6.586E-16
8.395E+02  3.050E-26  6.791E-16
8.318E+02  3.173E-26  7.002E-16
8.241E+02  3.302E-26  7.219E-16
8.166E+02  3.436E-26  7.443E-16
8.091E+02  3.576E-26  7.674E-16
8.017E+02  3.721E-26  7.912E-16
7.943E+02  3.871E-26  8.157E-16
7.870E+02  4.028E-26  8.409E-16
7.798E+02  4.191E-26  8.669E-16
7.727E+02  4.361E-26  8.937E-16
7.656E+02  4.537E-26  9.213E-16
7.586E+02  4.720E-26  9.498E-16
7.516E+02  4.911E-26  9.791E-16
7.447E+02  5.109E-26  1.009E-15
7.379E+02  5.316E-26  1.041E-15
7.311E+02  5.531E-26  1.073E-15
7.244E+02  5.755E-26  1.106E-15
7.178E+02  5.988E-26  1.140E-15
7.112E+02  6.230E-26  1.175E-15
7.047E+02  6.482E-26  1.212E-15
6.982E+02  6.744E-26  1.249E-15
6.918E+02  7.017E-26  1.288E-15
6.855E+02  7.300E-26  1.327E-15
6.792E+02  7.595E-26  1.368E-15
6.730E+02  7.902E-26  1.411E-15
6.668E+02  8.220E-26  1.454E-15
6.607E+02  8.552E-26  1.499E-15
6.546E+02  8.897E-26  1.545E-15
6.486E+02  9.257E-26  1.593E-15
6.427E+02  9.632E-26  1.642E-15
6.368E+02  1.002E-25  1.693E-15
6.310E+02  1.043E-25  1.745E-15
6.252E+02  1.085E-25  1.799E-15
6.194E+02  1.129E-25  1.855E-15
6.138E+02  1.175E-25  1.912E-15
6.081E+02  1.222E-25  1.972E-15
6.026E+02  1.272E-25  2.033E-15
5.970E+02  1.323E-25  2.096E-15
5.916E+02  1.377E-25  2.161E-15
5.861E+02  1.433E-25  2.227E-15
5.808E+02  1.491E-25  2.296E-15
5.754E+02  1.551E-25  2.367E-15
5.702E+02  1.614E-25  2.441E-15
5.649E+02  1.679E-25  2.516E-15
5.598E+02  1.747E-25  2.594E-15
5.546E+02  1.818E-25  2.675E-15
5.495E+02  1.892E-25  2.758E-15
5.445E+02  1.968E-25  2.843E-15
5.395E+02  2.048E-25  2.931E-15
5.346E+02  2.131E-25  3.022E-15
5.297E+02  2.217E-25  3.115E-15
5.248E+02  2.307E-25  3.212E-15
5.200E+02  2.401E-25  3.311E-15
5.152E+02  2.498E-25  3.414E-15
5.105E+02  2.599E-25  3.520E-15
5.058E+02  2.704E-25  3.629E-15
5.012E+02  2.814E-25  3.741E-15
4.966E+02  2.928E-25  3.857E-15
4.920E+02  3.046E-25  3.976E-15
4.875E+02  3.170E-25  4.099E-15
4.831E+02  3.298E-25  4.226E-15
4.786E+02  3.431E-25  4.357E-15
4.742E+02  3.570E-25  4.491E-15
4.699E+02  3.715E-25  4.630E-15
4.656E+02  3.865E-25  4.773E-15
4.613E+02  4.021E-25  4.920E-15
4.571E+02  4.183E-25  5.072E-15
4.529E+02  4.352E-25  5.229E-15
4.487E+02  4.528E-25  5.390E-15
4.446E+02  4.711E-25  5.556E-15
4.406E+02  4.901E-25  5.727E-15
4.365E+02  5.098E-25  5.904E-15
4.325E+02  5.304E-25  6.085E-15
4.285E+02  5.518E-25  6.272E-15
4.246E+02  5.740E-25  6.465E-15
4.207E+02  5.971E-25  6.664E-15
4.169E+02  6.212E-25  6.869E-15
4.130E+02  6.462E-25  7.080E-15
4.093E+02  6.722E-25  7.297E-15
4.055E+02  6.992E-25  7.521E-15
4.018E+02  7.273E-25  7.752E-15
3.981E+02  7.566E-25  7.989E-15
3.945E+02  7.870E-25  8.234E-15
3.908E+02  8.186E-25  8.487E-15
3.873E+02  8.515E-25  8.747E-15
3.837E+02  8.856E-25  9.014E-15
3.802E+02  9.212E-25  9.290E-15
3.767E+02  9.581E-25  9.574E-15
3.733E+02  9.965E-25  9.866E-15
3.698E+02  1.036E-24  1.017E-14
3.664E+02  1.078E-24  1.048E-14
3.631E+02  1.121E-24  1.080E-14
3.597E+02  1.166E-24  1.112E-14
3.565E+02  1.212E-24  1.146E-14
3.532E+02  1.261E-24  1.181E-14
3.499E+02  1.311E-24  1.217E-14
3.467E+02  1.363E-24  1.254E-14
3.436E+02  1.417E-24  1.292E-14
3.404E+02  1.474E-24  1.331E-14
3.373E+02  1.532E-24  1.371E-14
3.342E+02  1.593E-24  1.412E-14
3.311E+02  1.657E-24  1.455E-14
3.281E+02  1.722E-24  1.499E-14
3.251E+02  1.790E-24  1.544E-14
3.221E+02  1.861E-24  1.590E-14
3.192E+02  1.935E-24  1.638E-14
3.162E+02  2.011E-24  1.687E-14
3.133E+02  2.090E-24  1.737E-14
3.105E+02  2.173E-24  1.789E-14
3.076E+02  2.258E-24  1.843E-14
3.048E+02  2.347E-24  1.898E-14
3.020E+02  2.439E-24  1.954E-14
2.992E+02  2.535E-24  2.012E-14
2.965E+02  2.634E-24  2.072E-14
2.938E+02  2.737E-24  2.133E-14
2.911E+02  2.844E-24  2.196E-14
2.884E+02  2.955E-24  2.260E-14
2.858E+02  3.070E-24  2.327E-14
2.831E+02  3.189E-24  2.395E-14
2.805E+02  3.313E-24  2.466E-14
2.780E+02  3.442E-24  2.538E-14
2.754E+02  3.575E-24  2.612E-14
2.729E+02  3.713E-24  2.688E-14
2.704E+02  3.857E-24  2.767E-14
2.679E+02  4.007E-24  2.847E-14
2.655E+02  4.161E-24  2.930E-14
2.630E+02  4.322E-24  3.015E-14
2.606E+02  4.489E-24  3.103E-14
2.582E+02  4.661E-24  3.193E-14
2.559E+02  4.839E-24  3.284E-14
2.535E+02  5.024E-24  3.378E-14
2.512E+02  5.214E-24  3.474E-14
2.489E+02  5.408E-24  3.570E-14
2.466E+02  5.606E-24  3.667E-14
2.443E+02  5.810E-24  3.766E-14
2.421E+02  6.020E-24  3.866E-14
2.399E+02  6.235E-24  3.967E-14
2.377E+02  6.455E-24  4.070E-14
2.355E+02  6.682E-24  4.174E-14
2.333E+02  6.916E-24  4.281E-14
2.312E+02  7.157E-24  4.390E-14
2.291E+02  7.407E-24  4.501E-14
2.270E+02  7.664E-24  4.614E-14
2.249E+02  7.929E-24  4.730E-14
2.228E+02  8.202E-24  4.849E-14
2.208E+02  8.485E-24  4.969E-14
2.188E+02  8.776E-24  5.093E-14
2.168E+02  9.076E-24  5.218E-14
2.148E+02  9.385E-24  5.347E-14
2.128E+02  9.703E-24  5.477E-14
2.109E+02  1.003E-23  5.611E-14
2.089E+02  1.037E-23  5.747E-14
2.070E+02  1.072E-23  5.885E-14
2.051E+02  1.108E-23  6.026E-14
2.032E+02  1.145E-23  6.170E-14
2.014E+02  1.183E-23  6.317E-14
1.995E+02  1.222E-23  6.466E-14
1.977E+02  1.262E-23  6.618E-14
1.959E+02  1.304E-23  6.773E-14
1.941E+02  1.346E-23  6.931E-14
1.923E+02  1.390E-23  7.091E-14
1.905E+02  1.435E-23  7.255E-14
1.888E+02  1.482E-23  7.421E-14
1.871E+02  1.530E-23  7.590E-14
1.854E+02  1.579E-23  7.763E-14
1.837E+02  1.629E-23  7.938E-14
1.820E+02  1.682E-23  8.117E-14
1.803E+02  1.735E-23  8.298E-14
1.786E+02  1.790E-23  8.483E-14
1.770E+02  1.847E-23  8.672E-14
1.754E+02  1.905E-23  8.863E-14
1.738E+02  1.965E-23  9.058E-14
1.722E+02  2.027E-23  9.257E-14
1.706E+02  2.090E-23  9.459E-14
1.690E+02  2.155E-23  9.665E-14
1.675E+02  2.223E-23  9.875E-14
1.660E+02  2.292E-23  1.009E-13
1.644E+02  2.363E-23  1.031E-13
1.629E+02  2.436E-23  1.053E-13
1.614E+02  2.512E-23  1.076E-13
1.600E+02  2.589E-23  1.099E-13
1.585E+02  2.669E-23  1.122E-13
1.570E+02  2.752E-23  1.146E-13
1.556E+02  2.837E-23  1.171E-13
1.542E+02  2.925E-23  1.196E-13
1.528E+02  3.016E-23  1.222E-13
1.514E+02  3.109E-23  1.248E-13
1.500E+02  3.206E-23  1.275E-13
1.486E+02  3.305E-23  1.303E-13
1.472E+02  3.407E-23  1.331E-13
1.459E+02  3.512E-23  1.359E-13
1.445E+02  3.618E-23  1.387E-13
1.432E+02  3.726E-23  1.415E-13
1.419E+02  3.833E-23  1.443E-13
1.406E+02  3.940E-23  1.469E-13
1.393E+02  4.044E-23  1.494E-13
1.380E+02  4.145E-23  1.518E-13
1.368E+02  4.242E-23  1.539E-13
1.355E+02  4.338E-23  1.559E-13
1.343E+02  4.432E-23  1.579E-13
1.330E+02  4.526E-23  1.597E-13
1.318E+02  4.621E-23  1.616E-13
1.306E+02  4.717E-23  1.634E-13
1.294E+02  4.816E-23  1.653E-13
1.282E+02  4.918E-23  1.673E-13
1.271E+02  5.022E-23  1.692E-13
1.259E+02  5.128E-23  1.713E-13
1.247E+02  5.238E-23  1.733E-13
1.236E+02  5.351E-23  1.754E-13
1.225E+02  5.467E-23  1.776E-13
1.213E+02  5.586E-23  1.798E-13
1.202E+02  5.707E-23  1.820E-13
1.191E+02  5.832E-23  1.843E-13
1.180E+02  5.959E-23  1.866E-13
1.169E+02  6.088E-23  1.889E-13
1.159E+02  6.220E-23  1.912E-13
1.148E+02  6.355E-23  1.935E-13
1.138E+02  6.492E-23  1.959E-13
1.127E+02  6.632E-23  1.983E-13
1.117E+02  6.775E-23  2.007E-13
1.107E+02  6.921E-23  2.032E-13
1.096E+02  7.069E-23  2.056E-13
1.086E+02  7.220E-23  2.081E-13
1.076E+02  7.373E-23  2.105E-13
1.067E+02  7.529E-23  2.130E-13
1.057E+02  7.688E-23  2.155E-13
1.047E+02  7.849E-23  2.180E-13
1.038E+02  8.012E-23  2.205E-13
1.028E+02  8.177E-23  2.230E-13
1.019E+02  8.345E-23  2.255E-13
1.009E+02  8.514E-23  2.279E-13
1.000E+02  8.686E-23  2.304E-13
9.908E+01  8.860E-23  2.329E-13
9.817E+01  9.036E-23  2.353E-13
9.727E+01  9.214E-23  2.377E-13
9.638E+01  9.394E-23  2.402E-13
9.550E+01  9.575E-23  2.426E-13
9.462E+01  9.759E-23  2.449E-13
9.376E+01  9.944E-23  2.473E-13
9.290E+01  1.013E-22  2.496E-13
9.204E+01  1.032E-22  2.520E-13
9.120E+01  1.051E-22  2.543E-13
9.036E+01  1.070E-22  2.565E-13
8.954E+01  1.090E-22  2.588E-13
8.872E+01  1.109E-22  2.610E-13
8.790E+01  1.129E-22  2.632E-13
8.710E+01  1.149E-22  2.655E-13
8.630E+01  1.169E-22  2.676E-13
8.551E+01  1.189E-22  2.698E-13
8.472E+01  1.210E-22  2.719E-13
8.395E+01  1.231E-22  2.740E-13
8.318E+01  1.251E-22  2.761E-13
8.241E+01  1.272E-22  2.781E-13
8.166E+01  1.293E-22  2.801E-13
8.091E+01  1.315E-22  2.821E-13
8.017E+01  1.336E-22  2.841E-13
7.943E+01  1.358E-22  2.860E-13
7.870E+01  1.379E-22  2.879E-13
7.798E+01  1.401E-22  2.898E-13
7.727E+01  1.423E-22  2.916E-13
7.656E+01  1.445E-22  2.934E-13
7.586E+01  1.467E-22  2.951E-13
7.516E+01  1.489E-22  2.969E-13
7.447E+01  1.511E-22  2.985E-13
7.379E+01  1.534E-22  3.002E-13
7.311E+01  1.556E-22  3.018E-13
7.244E+01  1.579E-22  3.033E-13
7.178E+01  1.601E-22  3.049E-13
7.112E+01  1.624E-22  3.063E-13
7.047E+01  1.647E-22  3.078E-13
6.982E+01  1.670E-22  3.093E-13
6.918E+01  1.693E-22  3.107E-13
6.855E+01  1.716E-22  3.121E-13
6.792E+01  1.739E-22  3.134E-13
6.730E+01  1.763E-22  3.147E-13
6.668E+01  1.786E-22  3.159E-13
6.607E+01  1.810E-22  3.172E-13
6.546E+01  1.834E-22  3.184E-13
6.486E+01  1.858E-22  3.196E-13
6.427E+01  1.881E-22  3.207E-13
6.368E+01  1.906E-22  3.219E-13
6.310E+01  1.930E-22  3.230E-13
6.252E+01  1.954E-22  3.241E-13
6.194E+01  1.979E-22  3.252E-13
6.138E+01  2.004E-22  3.262E-13
6.081E+01  2.029E-22  3.272E-13
6.026E+01  2.054E-22  3.282E-13
5.970E+01  2.079E-22  3.292E-13
5.916E+01  2.104E-22  3.302E-13
5.861E+01  2.130E-22  3.311E-13
5.808E+01  2.156E-22  3.321E-13
5.754E+01  2.182E-22  3.330E-13
5.702E+01  2.208E-22  3.339E-13
5.649E+01  2.234E-22  3.348E-13
5.598E+01  2.261E-22  3.357E-13
5.546E+01  2.288E-22  3.366E-13
5.495E+01  2.315E-22  3.375E-13
5.445E+01  2.343E-22  3.384E-13
5.395E+01  2.371E-22  3.394E-13
5.346E+01  2.400E-22  3.403E-13
5.297E+01  2.429E-22  3.412E-13
5.248E+01  2.458E-22  3.421E-13
5.200E+01  2.487E-22  3.431E-13
5.152E+01  2.517E-22  3.441E-13
5.105E+01  2.548E-22  3.450E-13
5.058E+01  2.579E-22  3.460E-13
5.012E+01  2.610E-22  3.470E-13
4.966E+01  2.642E-22  3.480E-13
4.920E+01  2.674E-22  3.490E-13
4.875E+01  2.707E-22  3.500E-13
4.831E+01  2.740E-22  3.511E-13
4.786E+01  2.774E-22  3.522E-13
4.742E+01  2.809E-22  3.533E-13
4.699E+01  2.844E-22  3.545E-13
4.656E+01  2.880E-22  3.557E-13
4.613E+01  2.916E-22  3.569E-13
4.571E+01  2.954E-22  3.581E-13
4.529E+01  2.991E-22  3.594E-13
4.487E+01  3.030E-22  3.607E-13
4.446E+01  3.069E-22  3.620E-13
4.406E+01  3.109E-22  3.633E-13
4.365E+01  3.150E-22  3.647E-13
4.325E+01  3.191E-22  3.661E-13
4.285E+01  3.232E-22  3.674E-13
4.246E+01  3.274E-22  3.688E-13
4.207E+01  3.317E-22  3.701E-13
4.169E+01  3.359E-22  3.715E-13
4.130E+01  3.402E-22  3.728E-13
4.093E+01  3.445E-22  3.740E-13
4.055E+01  3.488E-22  3.752E-13
4.018E+01  3.531E-22  3.763E-13
3.981E+01  3.574E-22  3.774E-13
3.945E+01  3.616E-22  3.783E-13
3.908E+01  3.657E-22  3.792E-13
3.873E+01  3.698E-22  3.799E-13
3.837E+01  3.738E-22  3.804E-13
3.802E+01  3.776E-22  3.808E-13
3.767E+01  3.813E-22  3.810E-13
3.733E+01  3.848E-22  3.809E-13
3.698E+01  3.880E-22  3.806E-13
3.664E+01  3.910E-22  3.800E-13
3.631E+01  3.937E-22  3.792E-13
3.597E+01  3.962E-22  3.780E-13
3.565E+01  3.982E-22  3.765E-13
3.532E+01  4.000E-22  3.747E-13
3.499E+01  4.013E-22  3.725E-13
3.467E+01  4.022E-22  3.700E-13
3.436E+01  4.027E-22  3.670E-13
3.404E+01  4.027E-22  3.636E-13
3.373E+01  4.022E-22  3.598E-13
3.342E+01  4.012E-22  3.557E-13
3.311E+01  3.997E-22  3.511E-13
3.281E+01  3.977E-22  3.461E-13
3.251E+01  3.952E-22  3.408E-13
3.221E+01  3.922E-22  3.351E-13
3.192E+01  3.887E-22  3.290E-13
3.162E+01  3.847E-22  3.227E-13
3.133E+01  3.802E-22  3.160E-13
3.105E+01  3.753E-22  3.091E-13
3.076E+01  3.701E-22  3.020E-13
3.048E+01  3.644E-22  2.947E-13
3.020E+01  3.585E-22  2.872E-13
2.992E+01  3.523E-22  2.796E-13
2.965E+01  3.458E-22  2.720E-13
2.938E+01  3.392E-22  2.643E-13
2.911E+01  3.324E-22  2.566E-13
2.884E+01  3.255E-22  2.490E-13
2.858E+01  3.185E-22  2.414E-13
2.831E+01  3.115E-22  2.340E-13
2.805E+01  3.045E-22  2.266E-13
2.780E+01  2.976E-22  2.194E-13
2.754E+01  2.907E-22  2.124E-13
2.729E+01  2.839E-22  2.055E-13
2.704E+01  2.773E-22  1.989E-13
2.679E+01  2.707E-22  1.924E-13
2.655E+01  2.644E-22  1.861E-13
2.630E+01  2.581E-22  1.801E-13
2.606E+01  2.521E-22  1.743E-13
2.582E+01  2.462E-22  1.687E-13
2.559E+01  2.406E-22  1.633E-13
2.535E+01  2.351E-22  1.581E-13
2.512E+01  2.298E-22  1.531E-13
2.489E+01  2.247E-22  1.484E-13
2.466E+01  2.198E-22  1.438E-13
2.443E+01  2.151E-22  1.394E-13
2.421E+01  2.105E-22  1.352E-13
2.399E+01  2.061E-22  1.311E-13
2.377E+01  2.018E-22  1.272E-13
2.355E+01  1.978E-22  1.236E-13
2.333E+01  1.940E-22  1.201E-13
2.312E+01  1.902E-22  1.166E-13
2.291E+01  1.866E-22  1.134E-13
2.270E+01  1.832E-22  1.103E-13
2.249E+01  1.801E-22  1.075E-13
2.228E+01  1.772E-22  1.047E-13
2.208E+01  1.744E-22  1.021E-13
2.188E+01  1.715E-22  9.955E-14
2.168E+01  1.688E-22  9.704E-14
2.148E+01  1.661E-22  9.463E-14
2.128E+01  1.636E-22  9.237E-14
2.109E+01  1.614E-22  9.025E-14
2.089E+01  1.591E-22  8.820E-14
2.070E+01  1.570E-22  8.619E-14
2.051E+01  1.548E-22  8.424E-14
2.032E+01  1.529E-22  8.240E-14
2.014E+01  1.512E-22  8.078E-14
1.995E+01  1.496E-22  7.919E-14
1.977E+01  1.481E-22  7.764E-14
1.959E+01  1.464E-22  7.609E-14
1.941E+01  1.448E-22  7.456E-14
1.923E+01  1.433E-22  7.308E-14
1.905E+01  1.422E-22  7.185E-14
1.888E+01  1.408E-22  7.051E-14
1.871E+01  1.376E-22  6.828E-14
1.854E+01  1.350E-22  6.638E-14
1.837E+01  1.327E-22  6.466E-14
1.820E+01  1.306E-22  6.305E-14
1.803E+01  1.289E-22  6.166E-14
1.786E+01  1.278E-22  6.056E-14
1.770E+01  1.254E-22  5.886E-14
1.754E+01  1.242E-22  5.776E-14
1.738E+01  1.250E-22  5.763E-14
1.722E+01  1.218E-22  5.565E-14
1.706E+01  1.194E-22  5.402E-14
1.690E+01  1.160E-22  5.201E-14
1.675E+01  1.121E-22  4.981E-14
1.660E+01  1.099E-22  4.840E-14
1.644E+01  1.118E-22  4.876E-14
1.629E+01  1.018E-22  4.399E-14
1.614E+01  9.633E-23  4.125E-14
1.600E+01  9.298E-23  3.945E-14
1.585E+01  9.012E-23  3.789E-14
1.570E+01  8.726E-23  3.635E-14
1.556E+01  8.478E-23  3.499E-14
1.542E+01  8.255E-23  3.376E-14
1.528E+01  8.050E-23  3.262E-14
1.514E+01  7.862E-23  3.156E-14
1.500E+01  7.690E-23  3.059E-14
1.486E+01  7.531E-23  2.968E-14
1.472E+01  7.388E-23  2.885E-14
1.459E+01  7.270E-23  2.813E-14
1.445E+01  7.196E-23  2.759E-14
1.432E+01  7.205E-23  2.737E-14
1.419E+01  7.244E-23  2.727E-14
1.406E+01  7.084E-23  2.642E-14
1.393E+01  6.980E-23  2.580E-14
1.380E+01  7.008E-23  2.566E-14
1.368E+01  7.158E-23  2.597E-14
1.355E+01  7.367E-23  2.648E-14
1.343E+01  7.398E-23  2.635E-14
1.330E+01  7.231E-23  2.552E-14
1.318E+01  7.134E-23  2.495E-14
1.306E+01  7.206E-23  2.497E-14
1.294E+01  7.486E-23  2.570E-14
1.282E+01  8.027E-23  2.730E-14
1.271E+01  8.715E-23  2.937E-14
1.259E+01  8.913E-23  2.976E-14
1.247E+01  8.369E-23  2.769E-14
1.236E+01  7.812E-23  2.561E-14
1.225E+01  7.591E-23  2.466E-14
1.213E+01  7.676E-23  2.471E-14
1.202E+01  7.821E-23  2.494E-14
1.191E+01  7.673E-23  2.424E-14
1.180E+01  7.365E-23  2.306E-14
1.169E+01  7.259E-23  2.252E-14
1.159E+01  7.580E-23  2.330E-14
1.148E+01  8.846E-23  2.694E-14
1.138E+01  1.016E-22  3.065E-14
1.127E+01  1.186E-22  3.545E-14
1.117E+01  9.654E-23  2.860E-14
1.107E+01  7.148E-23  2.098E-14
1.096E+01  6.293E-23  1.830E-14
1.086E+01  5.883E-23  1.695E-14
1.076E+01  5.653E-23  1.614E-14
1.067E+01  5.507E-23  1.558E-14
1.057E+01  5.380E-23  1.508E-14
1.047E+01  5.283E-23  1.468E-14
1.038E+01  5.199E-23  1.431E-14
1.028E+01  5.118E-23  1.396E-14
1.019E+01  5.038E-23  1.361E-14
1.009E+01  4.961E-23  1.328E-14
1.000E+01  4.890E-23  1.297E-14
9.908E+00  4.829E-23  1.269E-14
9.817E+00  4.774E-23  1.243E-14
9.727E+00  4.726E-23  1.219E-14
9.638E+00  4.683E-23  1.197E-14
9.550E+00  4.642E-23  1.176E-14
9.462E+00  4.601E-23  1.155E-14
9.376E+00  4.561E-23  1.134E-14
9.290E+00  4.527E-23  1.115E-14
9.204E+00  4.505E-23  1.100E-14
9.120E+00  4.508E-23  1.091E-14
9.036E+00  4.555E-23  1.092E-14
8.954E+00  4.678E-23  1.111E-14
8.872E+00  4.929E-23  1.160E-14
8.790E+00  5.398E-23  1.259E-14
8.710E+00  6.153E-23  1.422E-14
8.630E+00  6.843E-23  1.566E-14
8.551E+00  6.661E-23  1.511E-14
8.472E+00  6.057E-23  1.361E-14
8.395E+00  5.727E-23  1.275E-14
8.318E+00  5.661E-23  1.249E-14
8.241E+00  5.759E-23  1.259E-14
8.166E+00  6.077E-23  1.316E-14
8.091E+00  6.720E-23  1.442E-14
8.017E+00  7.758E-23  1.650E-14
7.943E+00  9.108E-23  1.919E-14
7.870E+00  1.024E-22  2.138E-14
7.798E+00  1.055E-22  2.182E-14
7.727E+00  1.045E-22  2.143E-14
7.656E+00  1.057E-22  2.147E-14
7.586E+00  1.020E-22  2.052E-14
7.516E+00  8.742E-23  1.743E-14
7.447E+00  7.161E-23  1.415E-14
7.379E+00  6.000E-23  1.174E-14
7.311E+00  5.188E-23  1.006E-14
7.244E+00  4.587E-23  8.814E-15
7.178E+00  4.121E-23  7.847E-15
7.112E+00  3.756E-23  7.086E-15
7.047E+00  3.475E-23  6.495E-15
6.982E+00  3.268E-23  6.052E-15
6.918E+00  3.129E-23  5.742E-15
6.855E+00  3.050E-23  5.547E-15
6.792E+00  3.013E-23  5.428E-15
6.730E+00  2.976E-23  5.313E-15
6.668E+00  2.896E-23  5.123E-15
6.607E+00  2.775E-23  4.863E-15
6.546E+00  2.667E-23  4.632E-15
6.486E+00  2.640E-23  4.542E-15
6.427E+00  2.764E-23  4.712E-15
6.368E+00  3.170E-23  5.355E-15
6.310E+00  4.119E-23  6.893E-15
6.252E+00  5.687E-23  9.430E-15
6.194E+00  5.643E-23  9.272E-15
6.138E+00  3.853E-23  6.272E-15
6.081E+00  2.667E-23  4.302E-15
6.026E+00  2.072E-23  3.311E-15
5.970E+00  1.756E-23  2.780E-15
5.916E+00  1.575E-23  2.471E-15
5.861E+00  1.475E-23  2.293E-15
5.808E+00  1.442E-23  2.221E-15
5.754E+00  1.473E-23  2.248E-15
5.702E+00  1.482E-23  2.242E-15
5.649E+00  1.342E-23  2.010E-15
5.598E+00  1.176E-23  1.747E-15
5.546E+00  1.065E-23  1.566E-15
5.495E+00  9.921E-24  1.446E-15
5.445E+00  9.445E-24  1.364E-15
5.395E+00  9.180E-24  1.314E-15
5.346E+00  9.170E-24  1.300E-15
5.297E+00  9.335E-24  1.312E-15
5.248E+00  8.977E-24  1.250E-15
5.200E+00  8.064E-24  1.112E-15
5.152E+00  7.314E-24  9.996E-16
5.105E+00  6.787E-24  9.190E-16
5.058E+00  6.382E-24  8.564E-16
5.012E+00  6.044E-24  8.035E-16
4.966E+00  5.744E-24  7.566E-16
4.920E+00  5.469E-24  7.138E-16
4.875E+00  5.214E-24  6.742E-16
4.831E+00  4.974E-24  6.373E-16
4.786E+00  4.746E-24  6.026E-16
4.742E+00  4.531E-24  5.699E-16
4.699E+00  4.325E-24  5.391E-16
4.656E+00  4.128E-24  5.099E-16
4.613E+00  3.941E-24  4.822E-16
4.571E+00  3.761E-24  4.560E-16
4.529E+00  3.588E-24  4.311E-16
4.487E+00  3.423E-24  4.075E-16
4.446E+00  3.265E-24  3.851E-16
4.406E+00  3.114E-24  3.639E-16
4.365E+00  2.969E-24  3.438E-16
4.325E+00  2.831E-24  3.247E-16
4.285E+00  2.698E-24  3.067E-16
4.246E+00  2.571E-24  2.896E-16
4.207E+00  2.450E-24  2.735E-16
4.169E+00  2.335E-24  2.582E-16
4.130E+00  2.225E-24  2.438E-16
4.093E+00  2.120E-24  2.301E-16
4.055E+00  2.020E-24  2.173E-16
4.018E+00  1.925E-24  2.052E-16
3.981E+00  1.835E-24  1.938E-16
3.945E+00  1.750E-24  1.831E-16
3.908E+00  1.670E-24  1.731E-16
3.873E+00  1.594E-24  1.638E-16
3.837E+00  1.523E-24  1.550E-16
3.802E+00  1.457E-24  1.469E-16
3.767E+00  1.396E-24  1.395E-16
3.733E+00  1.340E-24  1.326E-16
3.698E+00  1.289E-24  1.264E-16
3.664E+00  1.244E-24  1.209E-16
3.631E+00  1.205E-24  1.161E-16
3.597E+00  1.175E-24  1.122E-16
3.565E+00  1.156E-24  1.093E-16
3.532E+00  1.152E-24  1.079E-16
3.499E+00  1.171E-24  1.087E-16
3.467E+00  1.229E-24  1.130E-16
3.436E+00  1.360E-24  1.239E-16
3.404E+00  1.656E-24  1.495E-16
3.373E+00  2.410E-24  2.156E-16
3.342E+00  4.978E-24  4.413E-16
3.311E+00  1.781E-23  1.564E-15
3.281E+00  1.220E-23  1.062E-15
3.251E+00  3.660E-24  3.156E-16
3.221E+00  1.861E-24  1.590E-16
3.192E+00  1.253E-24  1.061E-16
3.162E+00  9.752E-25  8.180E-17
3.133E+00  8.212E-25  6.826E-17
3.105E+00  7.242E-25  5.964E-17
3.076E+00  6.572E-25  5.362E-17
3.048E+00  6.075E-25  4.912E-17
3.020E+00  5.688E-25  4.556E-17
2.992E+00  5.373E-25  4.265E-17
2.965E+00  5.110E-25  4.019E-17
2.938E+00  4.886E-25  3.807E-17
2.911E+00  4.690E-25  3.621E-17
2.884E+00  4.517E-25  3.456E-17
2.858E+00  4.363E-25  3.307E-17
2.831E+00  4.224E-25  3.173E-17
2.805E+00  4.098E-25  3.050E-17
2.780E+00  3.983E-25  2.937E-17
2.754E+00  3.878E-25  2.833E-17
2.729E+00  3.780E-25  2.737E-17
2.704E+00  3.690E-25  2.647E-17
2.679E+00  3.607E-25  2.563E-17
2.655E+00  3.529E-25  2.485E-17
2.630E+00  3.457E-25  2.412E-17
2.606E+00  3.388E-25  2.342E-17
2.582E+00  3.324E-25  2.277E-17
2.559E+00  3.264E-25  2.215E-17
2.535E+00  3.207E-25  2.157E-17
2.512E+00  3.153E-25  2.101E-17
2.489E+00  3.101E-25  2.047E-17
2.466E+00  3.052E-25  1.996E-17
2.443E+00  3.005E-25  1.947E-17
2.421E+00  2.959E-25  1.900E-17
2.399E+00  2.916E-25  1.856E-17
2.377E+00  2.875E-25  1.812E-17
2.355E+00  2.835E-25  1.771E-17
2.333E+00  2.796E-25  1.731E-17
2.312E+00  2.759E-25  1.692E-17
2.291E+00  2.723E-25  1.654E-17
2.270E+00  2.687E-25  1.618E-17
2.249E+00  2.652E-25  1.582E-17
2.228E+00  2.618E-25  1.548E-17
2.208E+00  2.584E-25  1.513E-17
2.188E+00  2.550E-25  1.480E-17
2.168E+00  2.516E-25  1.447E-17
2.148E+00  2.482E-25  1.414E-17
2.128E+00  2.447E-25  1.381E-17
2.109E+00  2.411E-25  1.348E-17
2.089E+00  2.373E-25  1.315E-17
2.070E+00  2.333E-25  1.281E-17
2.051E+00  2.290E-25  1.246E-17
2.032E+00  2.243E-25  1.209E-17
2.014E+00  2.192E-25  1.171E-17
1.995E+00  2.135E-25  1.130E-17
1.977E+00  2.072E-25  1.087E-17
1.959E+00  2.005E-25  1.042E-17
1.941E+00  1.941E-25  9.993E-18
1.923E+00  1.890E-25  9.639E-18
1.905E+00  1.863E-25  9.419E-18
1.888E+00  1.866E-25  9.347E-18
1.871E+00  1.890E-25  9.379E-18
1.854E+00  1.921E-25  9.443E-18
1.837E+00  1.948E-25  9.489E-18
1.820E+00  1.967E-25  9.494E-18
1.803E+00  1.978E-25  9.460E-18
1.786E+00  1.982E-25  9.393E-18
1.770E+00  1.981E-25  9.301E-18
1.754E+00  1.976E-25  9.192E-18
1.738E+00  1.968E-25  9.070E-18
1.722E+00  1.958E-25  8.941E-18
1.706E+00  1.946E-25  8.807E-18
1.690E+00  1.934E-25  8.670E-18
1.675E+00  1.921E-25  8.533E-18
1.660E+00  1.907E-25  8.396E-18
1.644E+00  1.894E-25  8.261E-18
1.629E+00  1.881E-25  8.127E-18
1.614E+00  1.868E-25  7.997E-18
1.600E+00  1.855E-25  7.871E-18
1.585E+00  1.843E-25  7.749E-18
1.570E+00  1.832E-25  7.633E-18
1.556E+00  1.823E-25  7.522E-18
1.542E+00  1.814E-25  7.419E-18
1.528E+00  1.807E-25  7.323E-18
1.514E+00  1.802E-25  7.235E-18
1.500E+00  1.799E-25  7.158E-18
1.486E+00  1.799E-25  7.091E-18
1.472E+00  1.802E-25  7.036E-18
1.459E+00  1.808E-25  6.996E-18
1.445E+00  1.819E-25  6.973E-18
1.432E+00  1.834E-25  6.968E-18
1.419E+00  1.856E-25  6.986E-18
1.406E+00  1.885E-25  7.030E-18
1.393E+00  1.923E-25  7.105E-18
1.380E+00  1.971E-25  7.216E-18
1.368E+00  2.032E-25  7.371E-18
1.355E+00  2.107E-25  7.574E-18
1.343E+00  2.199E-25  7.833E-18
1.330E+00  2.309E-25  8.148E-18
1.318E+00  2.434E-25  8.511E-18
1.306E+00  2.568E-25  8.896E-18
1.294E+00  2.694E-25  9.249E-18
1.282E+00  2.788E-25  9.483E-18
1.271E+00  2.818E-25  9.496E-18
1.259E+00  2.760E-25  9.218E-18
1.247E+00  2.618E-25  8.661E-18
1.236E+00  2.417E-25  7.924E-18
1.225E+00  2.196E-25  7.134E-18
1.213E+00  1.987E-25  6.394E-18
1.202E+00  1.805E-25  5.756E-18
1.191E+00  1.657E-25  5.237E-18
1.180E+00  1.542E-25  4.829E-18
1.169E+00  1.458E-25  4.522E-18
1.159E+00  1.400E-25  4.302E-18
1.148E+00  1.367E-25  4.162E-18
1.138E+00  1.359E-25  4.100E-18
1.127E+00  1.378E-25  4.121E-18
1.117E+00  1.431E-25  4.240E-18
1.107E+00  1.528E-25  4.487E-18
1.096E+00  1.687E-25  4.907E-18
1.086E+00  1.933E-25  5.570E-18
1.076E+00  2.291E-25  6.542E-18
1.067E+00  2.742E-25  7.757E-18
1.057E+00  3.104E-25  8.703E-18
1.047E+00  3.049E-25  8.468E-18
1.038E+00  2.543E-25  6.999E-18
1.028E+00  1.944E-25  5.300E-18
1.019E+00  1.477E-25  3.991E-18
1.009E+00  1.160E-25  3.106E-18
1.000E+00  9.496E-26  2.519E-18
